49
46 1 49 41
40 1 25 50
30 1 38 27
19 1 20 47
26 1 36 15
26 1 31 30
44 1 50 34
43 1 48 46
25 1 50 1
3 1 26 36
34 1 13 9
46 1 11 12
24 1 0 37
36 1 50 29
17 1 44 49
13 1 31 39
5 1 10 14
16 1 7 8
19 1 38 24
15 1 40 17
33 1 28 47
5 1 44 32
0 1 39 50
28 1 14 37
25 1 48 11
18 1 19 4
40 1 12 36
6 1 8 35
38 1 48 4
29 1 19 6
30 1 33 20
10 1 15 36
40 1 2 30
35 1 16 14
25 1 29 31
28 1 14 5
50 1 6 2
44 1 31 41
39 1 38 8
24 1 49 50
31 1 0 13
40 1 0 48
49 1 14 16
17 1 6 39
38 1 12 34
28 1 22 44
30 1 15 20
43 1 3 38
1 1 7 28
