99
42 1 27 33
14 1 18 50
50 1 16 38
10 1 0 36
35 1 33 37
34 1 32 7
5 1 17 33
12 1 23 18
38 1 16 6
18 1 28 30
18 1 9 15
33 1 5 18
0 1 16 23
0 1 33 18
39 1 35 49
19 1 44 27
30 1 8 15
37 1 13 50
49 1 38 20
23 1 45 40
16 1 47 17
2 1 27 24
11 1 0 35
33 1 7 22
35 1 13 0
12 1 15 5
48 1 0 19
1 1 2 12
40 1 8 2
18 1 33 13
27 1 47 20
28 1 15 46
6 1 1 13
23 1 15 21
13 1 28 20
32 1 30 8
4 1 33 8
45 1 32 24
7 1 40 40
3 1 6 40
42 1 30 0
0 1 7 12
2 1 48 2
12 1 36 1
30 1 35 9
43 1 15 41
30 1 18 46
19 1 47 35
4 1 49 0
41 1 34 21
45 1 9 30
8 1 17 25
37 1 38 42
48 1 10 47
0 1 4 13
8 1 8 8
27 1 10 44
50 1 4 29
35 1 3 47
31 1 50 11
40 1 38 14
20 1 33 21
26 1 8 1
5 1 49 14
44 1 44 9
36 1 25 30
13 1 29 31
45 1 23 4
25 1 29 30
28 1 42 41
3 1 2 2
0 1 11 37
45 1 23 28
3 1 42 10
11 1 25 48
32 1 13 49
17 1 41 14
0 1 13 17
12 1 19 11
24 1 36 34
32 1 29 45
33 1 19 12
29 1 18 40
37 1 50 19
36 1 45 44
37 1 33 10
19 1 2 7
39 1 37 14
4 1 6 33
4 1 41 21
18 1 48 1
26 1 17 12
30 1 6 32
36 1 30 5
6 1 0 50
28 1 28 10
17 1 50 15
4 1 27 45
50 1 43 49
