399
31 1 41 23
14 1 47 35
19 1 33 26
25 1 9 1
24 1 4 50
36 1 4 36
1 1 6 38
39 1 13 32
2 1 21 22
21 1 49 34
21 1 10 2
33 1 18 34
2 1 24 1
44 1 31 11
34 1 1 24
6 1 3 13
0 1 29 34
6 1 41 12
12 1 16 8
7 1 30 4
35 1 12 43
30 1 12 28
15 1 38 25
11 1 25 15
28 1 9 33
11 1 26 44
27 1 46 37
21 1 42 31
11 1 11 2
29 1 36 43
18 1 32 12
24 1 4 18
12 1 9 24
14 1 1 31
11 1 36 35
20 1 4 45
2 1 22 5
38 1 44 16
17 1 44 9
8 1 30 10
16 1 15 27
17 1 35 20
25 1 13 36
41 1 32 36
18 1 14 9
21 1 15 13
43 1 15 7
14 1 45 40
19 1 11 19
18 1 9 24
30 1 30 29
10 1 18 30
21 1 14 9
15 1 48 38
29 1 5 42
40 1 23 28
45 1 29 14
6 1 41 0
43 1 7 3
23 1 43 11
48 1 47 14
38 1 28 24
28 1 21 18
27 1 45 39
4 1 27 23
31 1 19 13
2 1 47 48
48 1 25 28
28 1 46 2
28 1 38 37
4 1 46 6
20 1 6 3
19 1 15 20
24 1 36 20
30 1 35 28
23 1 44 9
3 1 47 29
48 1 26 39
40 1 28 42
22 1 6 38
3 1 45 12
11 1 19 37
15 1 14 40
10 1 43 1
2 1 10 23
45 1 3 25
42 1 5 27
21 1 35 11
45 1 48 2
39 1 36 16
39 1 28 1
26 1 33 25
20 1 11 8
26 1 19 12
34 1 22 36
6 1 19 45
5 1 36 49
29 1 42 20
37 1 43 19
27 1 3 8
20 1 24 7
48 1 26 22
7 1 35 16
38 1 8 10
34 1 19 50
41 1 5 9
35 1 26 35
21 1 25 3
7 1 41 10
14 1 40 2
39 1 15 39
38 1 30 16
44 1 30 31
44 1 8 27
27 1 45 41
35 1 32 6
24 1 29 43
18 1 40 0
2 1 41 25
42 1 3 5
44 1 49 5
45 1 11 49
14 1 48 26
11 1 20 28
36 1 41 30
48 1 22 6
29 1 15 13
7 1 18 22
7 1 36 31
39 1 43 45
0 1 26 43
33 1 24 47
39 1 10 18
34 1 41 14
25 1 47 27
16 1 45 43
12 1 6 25
8 1 28 10
5 1 41 11
7 1 41 4
27 1 32 18
5 1 31 25
10 1 9 13
14 1 7 39
17 1 45 8
6 1 47 7
4 1 29 5
34 1 1 9
32 1 25 11
23 1 11 29
30 1 32 27
4 1 7 29
27 1 44 45
34 1 5 17
20 1 44 26
46 1 25 10
19 1 17 28
33 1 12 40
34 1 6 33
6 1 50 44
37 1 20 0
46 1 36 1
47 1 42 32
27 1 33 5
42 1 25 0
33 1 13 9
27 1 30 40
11 1 8 9
49 1 20 21
35 1 9 5
29 1 3 43
45 1 31 9
35 1 48 42
28 1 34 5
20 1 16 38
23 1 4 11
44 1 40 2
32 1 26 0
35 1 38 27
4 1 40 11
49 1 30 36
5 1 7 45
41 1 32 44
14 1 38 17
6 1 12 45
41 1 46 2
22 1 12 15
30 1 1 45
10 1 8 2
50 1 33 9
0 1 3 15
21 1 23 20
39 1 22 36
9 1 24 33
12 1 15 46
6 1 37 38
5 1 0 19
16 1 39 38
9 1 11 34
40 1 28 43
33 1 8 42
41 1 49 12
29 1 30 36
22 1 1 29
47 1 21 48
42 1 18 10
30 1 8 20
25 1 41 4
49 1 27 30
30 1 33 3
35 1 41 36
29 1 49 38
34 1 2 11
36 1 46 31
50 1 15 15
12 1 49 41
30 1 49 24
0 1 16 28
43 1 20 38
16 1 37 30
33 1 36 39
46 1 40 34
15 1 39 35
34 1 47 20
18 1 7 14
34 1 40 15
49 1 46 17
20 1 42 46
1 1 34 10
29 1 11 13
36 1 28 22
12 1 41 31
14 1 45 10
17 1 14 15
17 1 11 42
8 1 38 19
32 1 38 20
50 1 19 30
41 1 23 15
29 1 12 31
7 1 36 36
50 1 28 12
10 1 12 4
46 1 47 31
29 1 4 32
6 1 37 23
36 1 44 36
36 1 24 50
16 1 34 41
49 1 39 17
45 1 49 16
20 1 40 11
3 1 44 9
23 1 50 24
36 1 21 24
6 1 28 16
23 1 29 1
18 1 5 36
35 1 46 42
29 1 31 25
18 1 3 8
5 1 3 25
37 1 23 15
44 1 33 46
30 1 18 15
50 1 1 26
44 1 5 30
4 1 23 37
5 1 11 29
39 1 0 35
36 1 1 34
46 1 30 47
12 1 44 8
4 1 29 24
22 1 33 1
38 1 6 8
15 1 15 7
14 1 36 30
12 1 49 44
30 1 42 19
14 1 2 32
34 1 38 29
13 1 50 16
33 1 35 28
49 1 46 34
7 1 27 49
44 1 20 14
6 1 22 26
10 1 45 36
38 1 6 44
41 1 25 4
37 1 49 27
9 1 30 31
38 1 5 32
4 1 34 0
15 1 10 29
17 1 37 36
36 1 13 7
34 1 20 40
49 1 6 20
16 1 37 19
39 1 43 1
18 1 10 13
42 1 8 25
33 1 25 49
24 1 17 26
8 1 8 47
19 1 0 47
42 1 34 18
44 1 48 47
13 1 5 34
47 1 36 8
32 1 0 39
2 1 6 11
40 1 45 32
20 1 7 20
37 1 17 46
30 1 44 38
12 1 10 12
39 1 32 7
10 1 20 11
39 1 24 49
7 1 18 25
23 1 31 33
42 1 23 23
34 1 22 4
19 1 47 38
34 1 50 27
2 1 42 8
24 1 6 32
36 1 14 36
37 1 9 35
28 1 5 44
20 1 47 23
15 1 47 14
30 1 2 43
48 1 49 47
31 1 10 6
2 1 24 21
19 1 47 2
21 1 9 39
42 1 20 48
7 1 41 50
48 1 8 12
16 1 29 13
31 1 23 16
26 1 40 7
48 1 26 32
35 1 40 9
6 1 10 14
24 1 5 38
6 1 45 13
44 1 50 24
6 1 9 25
5 1 49 14
49 1 22 16
2 1 10 1
1 1 3 36
25 1 37 30
38 1 3 14
43 1 38 45
50 1 21 20
15 1 1 8
4 1 23 31
28 1 20 11
34 1 8 6
30 1 28 40
42 1 45 8
41 1 39 24
0 1 26 50
13 1 42 21
7 1 1 15
36 1 13 19
1 1 3 15
26 1 24 20
19 1 28 38
38 1 40 49
6 1 22 15
8 1 49 16
44 1 47 1
36 1 24 21
10 1 46 4
24 1 0 34
18 1 32 25
1 1 35 18
20 1 32 29
27 1 27 15
46 1 36 4
0 1 8 9
1 1 3 47
26 1 29 20
21 1 16 34
9 1 10 7
41 1 17 47
34 1 29 46
23 1 31 31
47 1 50 8
49 1 12 33
42 1 23 22
