1000
0 1 50 33
13 1 31 19
42 1 10 19
24 1 46 19
47 1 48 33
2 1 3 24
29 1 44 25
39 1 43 9
50 1 11 10
17 1 45 18
23 1 17 1
7 1 22 32
33 1 18 29
40 1 32 9
5 1 50 32
42 1 31 6
33 1 36 2
5 1 48 21
48 1 23 3
16 1 38 2
36 1 6 21
39 1 5 17
28 1 18 25
7 1 27 40
14 1 2 49
47 1 2 15
15 1 13 26
47 1 3 25
28 1 4 32
35 1 39 2
23 1 25 47
47 1 42 28
33 1 26 5
11 1 22 17
7 1 36 47
39 1 44 2
36 1 18 13
0 1 25 5
20 1 31 27
37 1 40 27
35 1 43 0
40 1 47 26
44 1 9 28
28 1 30 33
25 1 5 17
47 1 44 36
4 1 2 42
42 1 49 5
24 1 23 41
17 1 47 46
42 1 45 43
4 1 49 36
27 1 41 15
1 1 27 44
3 1 13 38
8 1 23 23
32 1 19 33
16 1 40 18
48 1 18 23
26 1 5 37
49 1 0 30
40 1 15 34
16 1 24 33
0 1 23 35
11 1 44 31
14 1 8 24
23 1 3 18
3 1 18 49
12 1 33 44
31 1 22 37
0 1 22 48
13 1 1 42
33 1 25 13
43 1 37 0
36 1 13 40
12 1 20 32
26 1 8 7
25 1 42 36
22 1 16 0
29 1 15 18
49 1 8 21
4 1 48 9
23 1 28 8
50 1 44 12
5 1 12 2
13 1 23 26
11 1 16 0
25 1 49 26
33 1 14 32
28 1 32 26
41 1 2 38
43 1 1 9
42 1 28 38
36 1 32 40
17 1 37 30
18 1 14 43
30 1 15 26
10 1 49 3
43 1 1 30
24 1 1 28
16 1 16 18
2 1 14 46
34 1 22 21
40 1 32 17
35 1 29 44
38 1 28 4
6 1 44 14
11 1 49 9
26 1 18 39
1 1 2 17
13 1 27 33
36 1 8 10
11 1 19 0
16 1 31 47
17 1 9 42
39 1 41 23
22 1 8 4
39 1 33 29
30 1 38 2
7 1 0 46
16 1 38 11
7 1 35 50
45 1 37 18
26 1 30 44
0 1 16 19
15 1 48 21
8 1 2 9
2 1 26 41
30 1 33 41
2 1 46 21
45 1 37 0
34 1 37 4
32 1 34 33
18 1 19 43
22 1 22 11
24 1 31 49
41 1 18 17
31 1 46 38
19 1 1 28
40 1 15 32
43 1 45 0
44 1 46 8
49 1 45 5
44 1 18 48
35 1 14 28
10 1 6 7
36 1 29 18
49 1 11 14
23 1 22 26
29 1 44 36
47 1 34 18
18 1 37 9
37 1 36 25
33 1 14 43
28 1 14 21
41 1 28 12
46 1 21 6
33 1 36 11
10 1 10 16
42 1 20 50
44 1 48 27
31 1 9 45
31 1 9 27
2 1 43 30
29 1 0 39
25 1 40 49
48 1 43 20
17 1 6 39
7 1 27 3
20 1 2 28
22 1 42 27
39 1 42 16
10 1 45 15
15 1 3 47
39 1 38 33
30 1 17 49
39 1 32 10
18 1 31 30
33 1 25 0
34 1 15 44
16 1 28 37
16 1 28 28
50 1 47 41
31 1 3 45
9 1 1 48
7 1 40 6
21 1 50 10
6 1 44 34
43 1 13 38
17 1 43 0
2 1 33 37
50 1 34 41
25 1 42 26
4 1 22 35
32 1 21 40
41 1 28 34
39 1 43 36
16 1 43 29
46 1 23 38
3 1 27 21
15 1 36 45
35 1 12 16
46 1 28 39
9 1 22 29
49 1 27 22
22 1 45 38
18 1 8 50
5 1 46 1
1 1 0 20
6 1 34 28
24 1 23 34
29 1 6 46
11 1 16 41
41 1 10 24
41 1 35 33
31 1 14 0
11 1 1 25
32 1 3 31
36 1 31 16
6 1 32 1
23 1 30 18
39 1 49 29
23 1 46 47
20 1 44 1
36 1 48 0
38 1 1 17
1 1 8 13
0 1 14 9
20 1 31 50
50 1 25 32
9 1 3 50
6 1 36 48
40 1 38 10
31 1 50 9
29 1 49 43
25 1 16 3
21 1 43 24
4 1 13 6
39 1 39 47
36 1 3 15
12 1 36 12
34 1 7 22
12 1 36 2
25 1 24 9
42 1 17 10
26 1 39 1
4 1 18 41
26 1 39 19
7 1 0 1
34 1 20 41
47 1 7 0
0 1 8 28
4 1 50 15
38 1 40 5
13 1 45 46
17 1 14 33
8 1 40 20
15 1 24 50
44 1 47 21
30 1 12 27
39 1 9 5
11 1 8 48
10 1 10 27
10 1 37 44
6 1 18 23
18 1 6 15
42 1 23 11
48 1 14 14
7 1 38 39
36 1 6 10
18 1 31 28
38 1 21 5
9 1 45 49
17 1 32 21
44 1 47 49
9 1 47 4
38 1 30 49
7 1 3 30
21 1 50 40
3 1 28 47
32 1 48 40
2 1 34 12
16 1 40 21
42 1 33 2
1 1 34 20
6 1 48 3
45 1 19 9
7 1 22 48
24 1 13 38
23 1 32 8
38 1 35 31
18 1 15 19
39 1 22 44
1 1 4 46
19 1 0 36
6 1 38 11
40 1 39 49
9 1 18 49
11 1 1 43
6 1 1 8
8 1 3 30
35 1 31 21
6 1 26 24
0 1 12 19
26 1 26 30
0 1 44 13
31 1 46 41
17 1 6 37
16 1 11 3
12 1 25 2
48 1 17 50
22 1 42 0
40 1 40 16
27 1 33 32
50 1 0 11
37 1 31 26
48 1 1 3
45 1 14 30
50 1 2 35
15 1 41 6
36 1 47 42
25 1 8 38
45 1 28 0
10 1 18 50
48 1 21 18
16 1 30 41
27 1 9 47
39 1 25 3
31 1 1 34
23 1 44 35
35 1 24 34
25 1 18 30
6 1 33 43
7 1 19 37
36 1 3 28
34 1 0 30
41 1 39 13
15 1 36 7
23 1 49 30
47 1 47 12
14 1 41 9
42 1 43 19
6 1 36 12
2 1 12 42
26 1 16 43
41 1 46 11
47 1 4 24
14 1 39 49
48 1 45 32
22 1 0 50
20 1 40 2
49 1 42 23
46 1 13 25
15 1 49 29
15 1 4 32
13 1 44 41
26 1 35 9
2 1 12 9
13 1 25 37
9 1 38 36
22 1 49 40
8 1 18 16
26 1 12 32
2 1 31 49
40 1 28 0
23 1 32 36
41 1 40 49
10 1 41 6
11 1 2 18
31 1 30 8
47 1 25 4
48 1 25 18
41 1 44 2
37 1 39 34
4 1 36 21
48 1 29 14
32 1 40 42
12 1 33 22
45 1 15 42
6 1 38 4
11 1 33 8
20 1 29 38
44 1 30 46
31 1 8 4
12 1 27 36
4 1 10 47
12 1 34 8
35 1 28 13
22 1 32 39
17 1 17 0
48 1 8 5
42 1 31 0
8 1 8 0
7 1 30 50
49 1 9 38
27 1 27 18
17 1 42 37
35 1 4 49
0 1 14 24
44 1 42 15
26 1 36 6
18 1 19 20
24 1 39 12
15 1 19 17
0 1 34 41
47 1 33 44
13 1 47 28
31 1 0 29
5 1 46 45
37 1 12 8
31 1 40 30
6 1 16 15
16 1 0 50
34 1 41 31
4 1 23 22
13 1 38 18
20 1 28 46
13 1 5 38
28 1 0 4
47 1 25 5
4 1 29 37
33 1 14 17
32 1 46 43
3 1 9 41
36 1 13 4
10 1 2 0
38 1 32 36
38 1 22 22
24 1 36 3
30 1 44 4
50 1 35 7
33 1 10 44
40 1 42 39
48 1 7 21
23 1 38 6
29 1 23 15
37 1 22 14
25 1 14 25
15 1 8 44
2 1 5 35
7 1 8 31
5 1 35 35
8 1 0 8
3 1 44 18
30 1 15 28
8 1 1 24
49 1 3 44
47 1 2 3
9 1 31 17
45 1 5 48
32 1 10 39
17 1 15 9
20 1 28 49
10 1 11 21
0 1 49 9
39 1 14 24
21 1 35 20
13 1 45 42
16 1 20 36
42 1 49 6
2 1 5 42
2 1 38 26
8 1 42 47
31 1 43 16
0 1 18 35
2 1 2 50
31 1 16 29
42 1 29 5
17 1 20 31
0 1 26 44
5 1 26 19
38 1 41 33
29 1 40 4
5 1 45 14
12 1 12 22
3 1 19 31
37 1 41 6
28 1 36 20
47 1 3 33
5 1 1 38
11 1 14 30
4 1 39 50
30 1 23 22
27 1 18 30
45 1 30 41
21 1 11 13
28 1 36 11
13 1 8 26
8 1 47 23
25 1 21 18
50 1 11 29
42 1 43 2
17 1 1 23
37 1 40 30
32 1 17 38
38 1 3 21
29 1 34 33
1 1 8 21
18 1 22 13
22 1 24 16
5 1 8 11
10 1 15 40
7 1 5 25
18 1 48 6
25 1 22 50
37 1 48 24
42 1 10 37
40 1 22 47
1 1 10 25
38 1 49 27
5 1 45 30
44 1 6 32
0 1 32 21
23 1 11 35
11 1 16 28
23 1 6 11
32 1 1 35
38 1 42 49
13 1 33 16
26 1 15 15
33 1 20 4
32 1 44 8
28 1 50 37
1 1 41 44
24 1 1 25
26 1 24 19
41 1 35 2
5 1 9 45
4 1 36 20
15 1 48 46
41 1 6 27
22 1 6 50
22 1 1 47
3 1 31 28
11 1 21 30
22 1 11 6
46 1 43 45
42 1 4 3
1 1 27 8
45 1 47 31
23 1 39 44
48 1 40 44
23 1 46 16
37 1 29 11
27 1 40 27
12 1 5 9
39 1 26 0
49 1 20 4
33 1 48 12
32 1 43 7
12 1 21 48
30 1 21 20
33 1 9 40
43 1 30 43
34 1 25 32
6 1 14 9
50 1 19 43
1 1 5 29
0 1 42 28
49 1 22 35
21 1 7 41
5 1 11 48
45 1 49 42
15 1 38 21
43 1 28 46
48 1 1 17
38 1 20 12
0 1 24 36
41 1 25 30
3 1 44 10
37 1 12 34
49 1 21 4
17 1 6 43
3 1 43 31
35 1 13 13
9 1 49 49
21 1 20 28
25 1 35 30
40 1 33 11
40 1 10 20
9 1 45 12
40 1 34 44
4 1 27 8
13 1 38 39
16 1 36 3
44 1 9 8
48 1 23 26
31 1 9 44
25 1 5 13
21 1 2 45
16 1 10 29
34 1 30 49
34 1 46 33
31 1 39 18
19 1 45 33
14 1 8 44
22 1 19 34
45 1 11 39
0 1 16 21
25 1 44 10
3 1 30 15
10 1 1 6
5 1 8 13
37 1 45 17
41 1 40 8
49 1 47 28
20 1 50 12
45 1 45 4
36 1 18 9
43 1 26 33
8 1 1 13
4 1 22 16
11 1 9 28
47 1 18 42
49 1 18 39
42 1 22 28
31 1 24 15
39 1 12 47
13 1 18 37
38 1 6 50
43 1 18 2
0 1 17 24
28 1 25 29
10 1 15 25
9 1 39 19
33 1 8 31
41 1 31 44
37 1 37 10
8 1 15 22
34 1 48 49
0 1 14 4
40 1 45 46
26 1 31 40
48 1 45 13
45 1 34 29
34 1 5 14
1 1 28 31
47 1 8 5
31 1 36 0
19 1 14 27
41 1 28 9
47 1 28 42
46 1 24 46
16 1 30 39
32 1 40 13
41 1 24 40
46 1 14 13
29 1 38 30
7 1 31 16
31 1 27 12
11 1 4 21
25 1 34 20
23 1 8 22
7 1 48 16
7 1 9 35
32 1 1 17
5 1 14 7
42 1 44 13
18 1 7 44
15 1 9 34
29 1 2 44
37 1 46 4
31 1 6 0
12 1 12 36
10 1 20 21
6 1 7 29
20 1 37 12
48 1 8 37
19 1 30 45
16 1 17 25
26 1 16 41
5 1 36 47
42 1 46 11
44 1 36 23
45 1 39 48
46 1 39 15
33 1 15 6
41 1 19 17
12 1 15 4
46 1 23 46
4 1 29 5
43 1 31 16
28 1 49 4
29 1 4 42
32 1 19 14
15 1 22 20
7 1 45 16
33 1 13 43
23 1 36 35
12 1 21 47
50 1 15 3
42 1 13 35
24 1 20 21
7 1 40 17
4 1 17 35
36 1 37 10
27 1 24 35
38 1 26 26
21 1 37 16
23 1 9 31
33 1 12 42
19 1 39 32
36 1 33 9
25 1 48 37
23 1 28 0
21 1 31 8
14 1 10 49
28 1 31 15
16 1 31 44
41 1 10 35
6 1 45 31
16 1 35 29
39 1 20 44
36 1 37 46
5 1 42 19
16 1 29 37
27 1 42 5
21 1 42 3
15 1 8 17
24 1 49 39
38 1 50 37
22 1 2 39
49 1 40 45
14 1 27 22
8 1 45 19
9 1 38 47
26 1 2 4
26 1 48 39
28 1 13 25
5 1 11 41
50 1 32 38
13 1 35 40
19 1 26 20
42 1 45 20
14 1 26 23
44 1 39 4
5 1 8 37
10 1 46 27
8 1 49 30
26 1 26 0
21 1 39 15
18 1 8 40
26 1 32 41
26 1 21 1
22 1 14 45
33 1 20 14
13 1 0 12
50 1 39 49
28 1 47 21
38 1 19 35
37 1 1 15
17 1 19 34
4 1 13 26
33 1 45 18
0 1 39 3
21 1 46 3
4 1 4 37
25 1 9 50
31 1 25 31
41 1 27 2
35 1 39 46
33 1 1 9
33 1 34 25
36 1 37 48
12 1 48 26
36 1 45 24
38 1 48 15
37 1 2 31
35 1 11 42
47 1 42 47
45 1 11 29
49 1 0 43
23 1 24 4
23 1 12 37
14 1 12 3
2 1 6 41
40 1 18 6
27 1 10 50
14 1 46 24
49 1 15 12
21 1 30 33
10 1 10 32
24 1 22 3
13 1 41 5
4 1 1 43
11 1 5 37
28 1 2 41
50 1 50 10
48 1 30 7
2 1 12 22
47 1 33 8
33 1 3 10
38 1 27 20
33 1 14 42
44 1 24 6
45 1 29 9
50 1 37 6
7 1 2 4
14 1 5 49
3 1 31 47
15 1 17 7
39 1 44 27
24 1 20 26
12 1 47 39
42 1 26 36
46 1 38 20
20 1 42 28
28 1 45 25
37 1 1 44
29 1 12 23
26 1 6 34
14 1 1 42
26 1 19 44
32 1 13 0
47 1 23 16
3 1 4 40
22 1 8 45
48 1 40 1
11 1 40 0
7 1 33 29
42 1 16 5
18 1 21 27
15 1 9 23
22 1 41 23
33 1 44 43
25 1 28 36
32 1 40 2
25 1 29 39
33 1 28 41
12 1 32 36
46 1 20 29
29 1 29 50
19 1 11 18
8 1 24 33
2 1 19 47
48 1 49 10
24 1 0 29
35 1 41 48
4 1 42 26
37 1 27 44
5 1 34 40
15 1 13 31
44 1 13 7
33 1 9 32
47 1 33 29
11 1 11 31
38 1 17 32
45 1 22 27
32 1 3 30
49 1 33 10
49 1 24 3
12 1 16 49
46 1 40 48
20 1 8 44
17 1 37 4
23 1 35 33
38 1 22 27
15 1 46 40
16 1 37 5
29 1 32 37
30 1 25 16
23 1 45 38
20 1 1 37
44 1 13 46
11 1 41 1
43 1 19 5
36 1 24 45
4 1 7 23
5 1 36 42
14 1 49 40
50 1 22 9
15 1 39 31
30 1 30 7
2 1 41 24
22 1 45 15
23 1 25 2
36 1 50 27
36 1 34 9
0 1 7 49
9 1 13 17
10 1 44 14
15 1 34 34
25 1 34 7
27 1 9 3
38 1 23 18
20 1 16 32
5 1 3 10
7 1 46 46
22 1 4 29
39 1 41 39
29 1 8 15
27 1 38 23
46 1 22 25
24 1 31 35
42 1 12 42
27 1 2 21
37 1 27 28
40 1 23 29
0 1 30 48
6 1 10 28
12 1 50 8
33 1 7 12
1 1 25 30
34 1 4 21
48 1 7 33
19 1 21 5
49 1 14 6
36 1 36 29
16 1 50 21
10 1 28 37
41 1 46 8
48 1 26 34
19 1 6 11
24 1 35 5
47 1 14 50
30 1 25 0
48 1 19 42
38 1 22 10
3 1 40 20
40 1 27 32
10 1 23 6
37 1 32 5
39 1 49 4
31 1 27 36
15 1 31 1
36 1 8 1
18 1 45 33
17 1 35 21
19 1 42 6
10 1 5 39
41 1 36 0
10 1 6 49
14 1 24 9
26 1 8 22
7 1 43 4
5 1 3 4
17 1 43 7
31 1 49 28
5 1 2 28
21 1 2 39
24 1 15 16
45 1 12 9
2 1 35 5
17 1 13 36
50 1 31 42
35 1 3 31
50 1 40 28
5 1 9 50
44 1 30 49
19 1 9 3
0 1 48 11
38 1 17 42
50 1 32 11
4 1 47 30
44 1 15 8
17 1 30 37
36 1 12 8
34 1 28 37
13 1 38 29
48 1 11 35
37 1 25 3
49 1 33 24
24 1 26 13
10 1 46 48
27 1 20 13
7 1 19 0
49 1 9 43
27 1 5 4
45 1 0 37
14 1 5 12
45 1 34 24
44 1 14 25
25 1 21 19
25 1 5 27
17 1 27 50
7 1 36 30
36 1 8 23
24 1 11 24
9 1 4 19
49 1 49 37
3 1 43 37
2 1 16 11
35 1 9 1
44 1 29 37
8 1 23 1
13 1 20 3
45 1 7 46
35 1 17 10
11 1 5 9
30 1 40 42
33 1 24 38
38 1 18 4
22 1 14 22
14 1 8 26
44 1 7 3
43 1 50 47
2 1 19 39
16 1 15 8
8 1 29 46
18 1 31 45
