1500
37 1 18 8
1 1 6 12
45 1 0 36
47 1 47 46
11 1 44 2
0 1 41 39
16 1 40 12
22 1 9 38
26 1 7 4
47 1 22 44
25 1 48 40
22 1 23 18
29 1 45 24
19 1 10 49
7 1 48 30
47 1 34 5
17 1 50 46
43 1 8 25
45 1 24 34
46 1 17 14
35 1 41 32
8 1 49 4
49 1 35 16
46 1 12 23
10 1 45 32
25 1 33 27
45 1 15 24
24 1 2 41
0 1 12 16
37 1 50 26
0 1 14 13
50 1 7 28
37 1 22 41
1 1 31 19
24 1 44 5
23 1 18 27
47 1 15 44
6 1 27 48
16 1 26 5
17 1 43 2
4 1 18 11
45 1 8 34
14 1 8 49
0 1 1 29
28 1 39 13
23 1 25 30
1 1 50 21
35 1 33 28
11 1 37 36
1 1 39 17
43 1 11 20
43 1 14 6
16 1 31 50
0 1 18 31
40 1 13 45
45 1 8 8
30 1 13 32
23 1 32 38
13 1 36 18
20 1 48 11
8 1 9 18
5 1 2 38
1 1 26 49
29 1 28 47
50 1 26 18
0 1 36 31
3 1 31 8
7 1 48 13
11 1 17 15
15 1 37 28
32 1 23 1
39 1 50 41
1 1 46 44
46 1 28 20
9 1 14 0
31 1 7 40
30 1 8 42
29 1 27 36
21 1 36 37
20 1 38 18
5 1 12 47
0 1 24 4
20 1 45 45
37 1 50 21
16 1 31 19
39 1 17 22
17 1 23 26
50 1 18 1
25 1 10 29
36 1 19 41
49 1 17 28
34 1 29 13
0 1 22 15
45 1 10 48
37 1 48 3
31 1 21 21
46 1 43 44
3 1 27 3
49 1 1 25
12 1 10 0
44 1 43 15
42 1 39 33
23 1 26 44
16 1 21 44
49 1 4 30
10 1 23 29
37 1 19 47
37 1 15 30
39 1 34 9
23 1 50 39
21 1 0 50
10 1 18 47
29 1 38 37
36 1 49 20
36 1 30 42
36 1 32 5
6 1 45 47
39 1 29 20
23 1 36 21
10 1 30 20
47 1 10 11
13 1 40 35
22 1 15 14
6 1 37 16
46 1 7 43
36 1 47 11
40 1 31 49
6 1 9 22
27 1 20 24
11 1 41 33
33 1 3 35
39 1 12 7
32 1 36 29
44 1 25 38
19 1 22 43
50 1 17 40
23 1 49 40
28 1 28 10
36 1 27 30
6 1 22 7
12 1 49 30
16 1 1 1
15 1 12 47
46 1 10 34
16 1 38 27
5 1 16 29
38 1 10 18
44 1 27 20
41 1 1 2
49 1 13 21
38 1 15 18
41 1 24 45
40 1 44 30
2 1 28 3
16 1 35 8
30 1 48 8
10 1 9 12
33 1 42 7
25 1 49 44
45 1 41 4
16 1 34 5
50 1 24 4
24 1 1 1
47 1 47 31
29 1 21 38
38 1 28 27
38 1 49 19
16 1 31 26
8 1 38 12
27 1 10 14
35 1 19 50
30 1 14 44
15 1 17 26
16 1 42 38
4 1 3 47
7 1 41 40
33 1 29 35
2 1 43 19
33 1 11 31
20 1 23 3
36 1 28 35
40 1 18 44
32 1 48 28
7 1 9 31
9 1 16 36
19 1 4 24
18 1 11 44
27 1 16 11
6 1 41 31
40 1 47 37
48 1 24 33
33 1 47 29
1 1 18 2
38 1 13 12
27 1 32 24
0 1 42 34
42 1 9 12
5 1 39 40
21 1 49 7
47 1 19 28
48 1 46 46
44 1 38 5
42 1 5 48
22 1 19 47
3 1 32 38
45 1 37 20
0 1 40 35
16 1 39 32
13 1 34 14
9 1 46 37
48 1 8 32
44 1 19 37
41 1 32 11
47 1 10 32
15 1 1 16
0 1 36 32
14 1 25 27
17 1 10 46
9 1 46 28
25 1 42 41
40 1 1 46
22 1 2 11
30 1 47 31
32 1 15 41
23 1 32 31
35 1 40 49
37 1 23 36
8 1 31 49
10 1 49 32
42 1 25 2
23 1 28 12
19 1 26 19
39 1 48 18
36 1 34 10
9 1 44 20
47 1 28 0
45 1 8 39
31 1 12 27
44 1 9 22
3 1 2 16
41 1 7 35
38 1 41 21
37 1 42 45
38 1 50 34
30 1 43 12
9 1 45 31
37 1 33 17
6 1 15 33
17 1 22 30
43 1 49 30
40 1 7 39
38 1 48 39
10 1 12 32
20 1 14 41
34 1 37 47
10 1 10 18
21 1 3 39
38 1 28 24
35 1 36 27
23 1 26 20
24 1 33 31
37 1 33 5
3 1 46 37
2 1 43 1
4 1 16 24
26 1 14 47
27 1 46 40
28 1 41 0
13 1 41 49
43 1 45 27
13 1 44 48
48 1 3 19
47 1 14 16
24 1 43 36
13 1 10 39
46 1 39 22
14 1 45 37
13 1 28 14
9 1 18 6
25 1 42 45
13 1 4 45
33 1 9 31
28 1 24 13
18 1 13 10
14 1 19 43
48 1 43 27
23 1 31 44
35 1 31 47
31 1 48 30
22 1 11 45
46 1 37 36
38 1 12 39
8 1 4 7
33 1 8 35
33 1 47 48
2 1 40 11
44 1 48 14
12 1 14 38
2 1 5 27
38 1 25 28
2 1 10 29
24 1 47 43
18 1 36 47
20 1 22 36
31 1 26 41
9 1 5 41
13 1 50 29
19 1 30 2
3 1 50 42
45 1 18 6
36 1 6 1
2 1 39 18
33 1 38 7
21 1 6 27
37 1 28 39
29 1 40 39
44 1 23 17
19 1 4 19
44 1 50 2
23 1 31 17
32 1 40 49
49 1 27 24
27 1 45 3
41 1 34 29
41 1 5 43
22 1 36 15
30 1 15 3
44 1 34 9
21 1 25 39
24 1 23 19
38 1 44 2
34 1 20 7
47 1 49 38
1 1 23 2
38 1 4 12
7 1 13 21
5 1 46 1
28 1 49 17
20 1 41 12
3 1 46 5
1 1 41 14
47 1 25 17
6 1 16 15
49 1 30 37
8 1 38 31
26 1 13 3
19 1 9 37
47 1 25 0
39 1 19 22
40 1 5 44
12 1 38 15
25 1 8 14
36 1 20 47
18 1 34 5
29 1 12 41
26 1 22 33
40 1 10 41
17 1 17 8
31 1 32 35
49 1 28 17
17 1 44 49
47 1 5 49
43 1 4 32
15 1 37 22
5 1 47 45
3 1 26 15
31 1 11 22
8 1 4 14
43 1 6 43
34 1 46 45
26 1 1 49
40 1 17 6
18 1 15 22
28 1 18 39
38 1 28 2
19 1 38 12
48 1 50 42
25 1 22 31
19 1 3 41
30 1 29 48
9 1 26 46
34 1 10 3
4 1 49 4
2 1 8 19
2 1 10 2
47 1 27 34
5 1 10 19
31 1 25 47
10 1 36 19
10 1 4 44
20 1 17 28
33 1 19 28
50 1 20 50
50 1 44 15
4 1 2 24
26 1 37 21
23 1 11 1
10 1 35 22
18 1 4 40
28 1 6 2
5 1 44 42
25 1 23 45
47 1 14 17
47 1 36 5
25 1 28 48
34 1 10 12
20 1 4 30
47 1 2 19
31 1 22 33
0 1 24 30
7 1 14 37
50 1 47 11
45 1 42 4
13 1 34 20
0 1 45 25
37 1 36 49
30 1 13 22
0 1 38 7
24 1 28 38
21 1 1 41
25 1 25 14
9 1 36 43
42 1 17 15
36 1 32 13
2 1 0 44
27 1 25 22
42 1 37 42
29 1 9 2
8 1 45 34
25 1 43 47
8 1 26 33
8 1 28 24
38 1 31 11
25 1 28 25
39 1 6 15
24 1 5 1
25 1 7 2
29 1 18 36
18 1 22 12
8 1 23 11
15 1 44 28
4 1 36 32
45 1 28 11
6 1 41 42
2 1 31 20
49 1 29 0
25 1 48 30
8 1 38 14
17 1 16 9
19 1 43 39
10 1 7 13
48 1 42 39
16 1 10 36
43 1 49 12
9 1 10 10
27 1 2 41
5 1 14 32
50 1 26 27
30 1 2 37
39 1 40 7
33 1 17 32
33 1 30 4
8 1 46 14
50 1 37 5
1 1 35 50
13 1 33 42
11 1 50 15
12 1 17 30
1 1 24 8
27 1 26 30
6 1 24 21
34 1 43 23
29 1 22 41
41 1 25 41
42 1 18 20
46 1 41 18
26 1 5 50
26 1 43 12
35 1 5 17
1 1 5 44
36 1 20 39
21 1 14 47
44 1 14 37
45 1 5 1
4 1 42 46
39 1 22 22
4 1 33 1
37 1 12 29
7 1 22 0
1 1 3 15
41 1 8 13
45 1 40 4
19 1 39 40
37 1 36 18
17 1 0 38
39 1 3 37
39 1 29 28
15 1 43 45
46 1 30 34
24 1 40 1
47 1 11 0
50 1 32 10
39 1 21 42
19 1 34 8
16 1 22 32
18 1 41 14
24 1 10 49
41 1 1 24
40 1 13 4
26 1 26 21
50 1 14 50
38 1 46 45
35 1 48 36
3 1 44 0
12 1 9 19
9 1 45 37
43 1 38 38
46 1 14 42
40 1 0 38
28 1 11 49
39 1 1 17
45 1 27 39
39 1 15 13
27 1 5 3
23 1 36 48
45 1 14 19
7 1 23 39
12 1 23 3
35 1 35 47
19 1 23 1
13 1 32 18
34 1 44 41
19 1 0 20
36 1 43 20
26 1 0 7
45 1 22 32
45 1 17 47
40 1 43 43
35 1 48 50
0 1 39 45
25 1 17 1
7 1 47 25
42 1 12 21
30 1 9 35
36 1 15 38
32 1 45 4
34 1 28 4
45 1 50 6
37 1 42 27
17 1 37 18
39 1 20 36
17 1 45 21
6 1 35 11
1 1 3 40
20 1 36 46
12 1 6 49
2 1 21 10
13 1 24 27
43 1 7 6
3 1 29 40
35 1 9 48
0 1 35 50
42 1 9 50
27 1 17 0
35 1 36 37
42 1 49 32
3 1 3 24
44 1 17 39
48 1 42 28
30 1 15 36
26 1 20 21
18 1 33 35
47 1 13 32
17 1 37 13
29 1 7 19
1 1 44 27
31 1 23 27
45 1 18 13
46 1 3 7
48 1 33 32
6 1 20 34
40 1 32 34
38 1 18 18
47 1 17 22
9 1 20 24
44 1 21 49
41 1 23 15
16 1 34 1
39 1 41 43
22 1 4 38
12 1 1 7
5 1 12 45
24 1 29 33
25 1 10 8
4 1 8 12
5 1 26 11
5 1 29 25
1 1 38 5
22 1 32 23
1 1 27 33
37 1 34 24
19 1 32 34
30 1 42 29
9 1 6 2
35 1 30 13
17 1 21 50
15 1 43 33
22 1 19 23
48 1 41 15
38 1 26 49
43 1 11 31
46 1 4 31
9 1 3 11
15 1 13 50
5 1 38 30
12 1 48 47
47 1 20 50
5 1 26 48
26 1 39 42
42 1 44 33
17 1 29 45
28 1 41 24
7 1 42 19
32 1 46 20
0 1 9 34
9 1 4 34
15 1 12 39
5 1 37 34
23 1 25 38
43 1 5 50
36 1 1 41
12 1 46 45
49 1 12 37
44 1 13 23
42 1 33 12
45 1 48 49
14 1 29 43
39 1 9 20
45 1 14 7
11 1 33 29
7 1 3 14
11 1 36 25
6 1 43 29
39 1 11 30
43 1 7 50
33 1 2 21
22 1 31 44
49 1 33 5
3 1 15 38
32 1 38 42
17 1 50 6
23 1 35 19
10 1 14 48
21 1 34 35
26 1 26 32
49 1 36 46
11 1 37 18
48 1 50 33
15 1 7 3
30 1 0 14
5 1 1 6
4 1 3 42
4 1 48 33
37 1 47 39
14 1 43 18
0 1 30 15
8 1 0 24
19 1 36 37
8 1 25 29
3 1 37 23
21 1 48 20
2 1 17 40
49 1 19 4
5 1 17 23
8 1 50 1
38 1 44 49
34 1 26 9
32 1 12 35
38 1 8 16
49 1 50 24
13 1 14 10
45 1 30 39
8 1 33 10
40 1 47 16
5 1 0 49
17 1 20 20
12 1 39 21
23 1 7 9
40 1 45 9
0 1 29 33
31 1 18 35
39 1 21 8
34 1 1 27
11 1 27 32
42 1 42 27
34 1 41 31
44 1 16 4
49 1 28 29
31 1 39 39
10 1 4 25
4 1 40 36
22 1 35 31
8 1 43 22
39 1 40 8
13 1 32 9
5 1 21 10
28 1 49 9
15 1 3 47
0 1 42 2
19 1 50 17
3 1 36 23
50 1 19 33
36 1 25 23
39 1 33 11
28 1 46 35
32 1 32 3
32 1 31 26
7 1 0 9
30 1 46 45
16 1 0 33
8 1 34 2
1 1 50 27
0 1 25 17
25 1 22 30
31 1 5 43
17 1 26 50
27 1 44 12
23 1 46 14
18 1 43 36
3 1 19 30
16 1 17 48
38 1 28 11
29 1 40 32
13 1 50 20
36 1 44 3
23 1 40 13
33 1 20 8
22 1 21 14
18 1 40 28
8 1 47 13
30 1 39 47
47 1 15 9
3 1 26 14
6 1 3 17
1 1 36 28
35 1 38 38
6 1 34 17
39 1 3 10
29 1 50 38
17 1 21 33
0 1 12 37
19 1 14 47
42 1 28 47
20 1 0 2
17 1 48 5
48 1 11 43
48 1 33 5
23 1 31 24
15 1 4 34
14 1 16 18
37 1 8 15
7 1 39 49
9 1 50 24
43 1 34 8
25 1 48 45
34 1 7 19
2 1 27 0
30 1 44 5
49 1 33 16
0 1 45 34
26 1 41 30
49 1 29 40
3 1 50 1
45 1 20 27
31 1 12 2
1 1 21 7
25 1 6 0
37 1 2 9
2 1 25 35
22 1 35 21
11 1 47 31
7 1 46 46
35 1 6 41
3 1 15 7
29 1 8 33
48 1 4 48
5 1 33 39
50 1 29 11
41 1 14 42
49 1 29 41
33 1 13 44
26 1 16 33
48 1 27 11
34 1 14 17
40 1 45 50
33 1 26 49
46 1 17 28
22 1 16 33
44 1 36 10
16 1 9 29
5 1 46 38
34 1 22 28
50 1 34 48
2 1 39 7
46 1 14 15
11 1 10 32
0 1 17 0
25 1 46 1
37 1 47 18
5 1 29 37
50 1 26 42
49 1 38 15
6 1 32 48
21 1 2 0
16 1 27 12
44 1 41 19
10 1 27 16
30 1 44 24
9 1 15 37
20 1 37 13
3 1 10 47
6 1 11 11
48 1 36 47
45 1 13 20
13 1 43 15
49 1 13 28
31 1 46 16
23 1 9 19
47 1 39 34
23 1 18 50
8 1 30 7
50 1 17 30
26 1 27 16
2 1 41 40
39 1 1 23
27 1 11 8
39 1 45 35
10 1 26 26
7 1 33 38
28 1 18 16
45 1 38 21
43 1 2 44
12 1 34 41
15 1 24 50
10 1 0 0
31 1 25 31
19 1 11 25
1 1 12 16
5 1 46 26
23 1 15 18
18 1 17 32
39 1 32 11
34 1 17 5
8 1 44 16
44 1 22 13
28 1 10 15
9 1 22 33
21 1 21 22
31 1 32 0
48 1 39 26
31 1 45 0
22 1 38 47
2 1 50 37
31 1 40 19
32 1 14 3
17 1 28 29
14 1 5 21
11 1 11 9
1 1 21 9
11 1 36 29
6 1 25 6
2 1 45 11
31 1 0 16
9 1 8 10
15 1 17 9
39 1 23 22
42 1 22 46
12 1 7 17
29 1 15 0
38 1 37 25
0 1 47 20
7 1 20 13
4 1 45 7
26 1 8 25
17 1 11 19
24 1 49 42
46 1 16 43
2 1 19 4
20 1 2 1
36 1 31 5
49 1 46 0
1 1 22 9
3 1 22 22
47 1 16 33
9 1 40 18
17 1 13 31
26 1 40 32
44 1 6 15
33 1 7 39
13 1 4 18
9 1 15 40
43 1 20 20
6 1 7 27
46 1 17 7
26 1 20 38
11 1 12 37
38 1 26 12
21 1 22 20
34 1 37 43
9 1 50 26
50 1 45 47
45 1 31 12
9 1 15 26
0 1 30 0
14 1 48 43
34 1 21 25
18 1 50 23
0 1 46 15
18 1 13 9
13 1 26 41
36 1 32 41
24 1 39 19
3 1 12 13
17 1 2 40
49 1 47 37
36 1 18 43
34 1 33 2
8 1 36 28
28 1 21 34
23 1 16 44
4 1 18 0
26 1 13 18
38 1 26 1
26 1 12 13
46 1 38 14
31 1 19 34
12 1 30 47
3 1 25 31
11 1 48 31
42 1 13 19
28 1 31 3
4 1 25 38
23 1 38 30
23 1 38 45
43 1 49 40
43 1 18 29
48 1 31 18
3 1 6 28
39 1 4 7
31 1 15 48
32 1 44 24
3 1 9 49
43 1 10 16
5 1 25 33
37 1 22 15
34 1 15 41
17 1 49 41
11 1 13 46
22 1 1 36
37 1 29 0
35 1 7 16
39 1 8 47
24 1 40 16
16 1 41 13
5 1 8 5
29 1 40 49
41 1 8 42
36 1 33 15
16 1 34 4
5 1 39 49
20 1 24 6
13 1 32 45
35 1 44 18
4 1 18 49
26 1 6 37
18 1 47 50
47 1 50 23
32 1 18 32
16 1 49 10
28 1 19 23
20 1 35 16
22 1 25 15
9 1 32 31
22 1 10 41
10 1 16 3
31 1 44 36
6 1 22 32
39 1 43 32
1 1 23 38
31 1 50 44
44 1 14 2
30 1 8 26
35 1 49 30
41 1 41 2
30 1 25 15
29 1 18 25
22 1 29 39
2 1 46 7
50 1 14 9
17 1 22 32
23 1 47 40
1 1 9 2
23 1 8 45
16 1 25 9
2 1 31 43
38 1 49 37
24 1 39 27
0 1 40 44
41 1 49 25
8 1 33 1
41 1 21 19
46 1 26 15
21 1 40 3
30 1 40 15
20 1 15 20
23 1 28 22
32 1 17 39
12 1 3 41
9 1 50 15
16 1 44 18
37 1 12 35
2 1 36 49
38 1 2 16
6 1 11 33
31 1 23 23
41 1 0 39
11 1 8 36
5 1 19 2
42 1 5 1
45 1 44 12
15 1 37 5
34 1 42 10
31 1 13 3
39 1 26 46
6 1 48 9
8 1 47 20
8 1 14 43
35 1 28 32
48 1 3 30
33 1 30 28
14 1 4 23
24 1 24 32
30 1 35 26
32 1 46 48
25 1 9 15
49 1 0 23
39 1 50 23
29 1 44 35
32 1 2 11
47 1 25 41
42 1 22 28
38 1 35 43
12 1 6 42
2 1 30 13
46 1 39 34
50 1 39 21
42 1 45 27
16 1 4 42
23 1 6 41
8 1 19 22
6 1 27 46
11 1 29 33
45 1 26 44
7 1 29 29
31 1 22 18
3 1 7 31
10 1 31 50
32 1 48 42
12 1 7 29
37 1 22 31
33 1 22 50
5 1 27 10
46 1 29 1
18 1 33 9
1 1 42 31
5 1 30 12
1 1 31 1
23 1 6 38
12 1 30 21
6 1 16 8
50 1 25 11
23 1 2 38
47 1 41 24
32 1 47 10
48 1 22 23
32 1 34 34
43 1 19 14
22 1 49 17
50 1 4 35
30 1 34 18
22 1 6 32
1 1 33 39
45 1 18 43
43 1 25 29
10 1 27 33
14 1 37 38
21 1 34 49
18 1 9 23
41 1 3 0
48 1 10 10
39 1 24 41
5 1 16 1
34 1 34 37
27 1 42 15
0 1 32 25
22 1 41 15
22 1 22 14
20 1 7 30
37 1 22 27
20 1 37 8
7 1 28 20
2 1 16 21
39 1 50 32
34 1 33 29
10 1 46 36
29 1 15 42
5 1 29 23
27 1 5 0
44 1 9 48
7 1 6 28
24 1 5 13
20 1 15 27
35 1 2 34
46 1 49 25
23 1 9 32
1 1 3 46
28 1 33 0
45 1 49 2
0 1 6 4
49 1 25 33
33 1 12 2
33 1 42 8
30 1 11 23
12 1 5 49
45 1 43 31
20 1 35 49
50 1 40 21
10 1 20 26
48 1 33 26
31 1 34 22
1 1 32 21
33 1 5 47
7 1 25 37
2 1 48 6
4 1 3 44
37 1 41 1
14 1 19 45
25 1 21 38
23 1 4 17
16 1 7 8
19 1 19 21
18 1 34 13
8 1 22 30
40 1 11 48
3 1 48 29
31 1 36 38
40 1 33 40
36 1 36 40
48 1 44 45
9 1 23 35
28 1 6 19
49 1 6 49
47 1 11 34
15 1 29 46
50 1 28 39
34 1 6 45
26 1 26 11
33 1 33 26
36 1 8 37
39 1 24 36
15 1 24 11
43 1 50 47
18 1 19 11
9 1 41 19
49 1 43 40
6 1 48 12
17 1 25 23
44 1 26 46
28 1 1 18
14 1 4 48
45 1 7 45
6 1 0 19
48 1 47 38
4 1 45 50
29 1 9 1
30 1 23 5
25 1 3 26
22 1 48 24
13 1 29 36
17 1 3 4
42 1 42 15
12 1 40 29
6 1 50 36
11 1 42 41
4 1 1 46
41 1 11 25
41 1 26 25
13 1 37 5
32 1 17 2
8 1 23 16
10 1 20 35
11 1 19 9
43 1 36 0
36 1 46 20
16 1 50 2
23 1 43 19
7 1 17 21
42 1 33 24
43 1 26 45
25 1 0 33
14 1 10 24
35 1 37 37
36 1 16 42
45 1 48 9
11 1 1 40
25 1 38 33
39 1 24 26
14 1 18 12
16 1 13 35
9 1 34 34
21 1 39 11
40 1 49 20
42 1 33 22
19 1 9 7
29 1 29 45
8 1 34 46
39 1 9 1
6 1 35 13
18 1 32 40
39 1 18 40
2 1 27 35
34 1 19 10
49 1 48 45
44 1 35 34
24 1 11 30
15 1 12 27
33 1 32 1
3 1 3 7
2 1 31 17
7 1 38 0
17 1 48 49
13 1 27 11
34 1 40 18
15 1 36 37
43 1 36 28
29 1 16 1
17 1 25 8
41 1 5 33
20 1 29 37
23 1 13 19
48 1 37 20
3 1 21 40
46 1 16 21
10 1 20 24
50 1 5 4
32 1 48 21
48 1 46 43
47 1 5 23
23 1 43 47
11 1 45 27
34 1 42 1
18 1 41 34
37 1 21 24
14 1 26 31
7 1 46 38
37 1 14 35
33 1 47 25
22 1 28 28
49 1 40 12
25 1 38 23
30 1 12 12
50 1 23 48
30 1 46 0
5 1 27 31
0 1 8 23
17 1 45 39
0 1 18 18
25 1 32 44
47 1 11 38
46 1 48 8
20 1 42 32
21 1 23 21
48 1 50 5
2 1 15 25
43 1 28 17
15 1 16 39
24 1 7 36
21 1 39 35
14 1 14 9
12 1 24 38
34 1 50 50
0 1 20 6
11 1 36 10
39 1 39 32
18 1 19 33
12 1 29 30
28 1 19 47
33 1 41 50
22 1 14 45
35 1 46 34
48 1 33 31
49 1 2 49
43 1 5 36
41 1 36 45
38 1 5 40
27 1 21 9
6 1 31 26
41 1 18 21
7 1 1 14
33 1 20 3
41 1 25 22
6 1 6 31
1 1 32 14
36 1 34 35
40 1 25 31
37 1 9 30
4 1 9 46
48 1 41 50
36 1 2 11
45 1 7 31
17 1 49 12
5 1 20 44
21 1 18 15
27 1 39 11
31 1 11 18
13 1 2 16
39 1 27 28
33 1 16 15
8 1 0 36
4 1 41 50
25 1 38 28
34 1 27 14
18 1 23 38
35 1 2 29
3 1 3 34
25 1 18 41
15 1 18 7
46 1 8 12
36 1 49 23
13 1 25 26
39 1 27 35
38 1 18 41
45 1 13 34
20 1 18 44
39 1 5 2
35 1 48 6
44 1 7 6
25 1 2 13
31 1 45 34
9 1 1 43
8 1 38 36
34 1 29 43
43 1 24 32
24 1 17 22
40 1 16 48
31 1 46 9
20 1 13 34
3 1 25 45
39 1 46 10
50 1 26 3
33 1 11 48
36 1 39 28
9 1 15 31
47 1 18 42
37 1 3 28
44 1 24 44
6 1 48 8
25 1 11 37
39 1 34 33
9 1 44 27
10 1 9 43
25 1 26 21
21 1 4 19
8 1 26 10
13 1 33 9
35 1 47 50
2 1 22 45
29 1 35 45
27 1 24 6
47 1 7 14
24 1 8 43
19 1 16 19
18 1 12 45
50 1 16 24
38 1 23 38
47 1 45 11
49 1 5 50
2 1 0 18
13 1 22 31
28 1 26 2
19 1 23 36
9 1 0 9
25 1 10 44
45 1 22 31
1 1 4 50
29 1 24 48
22 1 35 47
19 1 3 8
24 1 36 28
14 1 45 2
33 1 7 42
27 1 25 38
41 1 1 34
24 1 49 21
30 1 17 45
4 1 13 12
37 1 0 31
44 1 45 11
9 1 50 29
17 1 32 43
19 1 0 0
20 1 18 39
16 1 48 27
15 1 19 33
37 1 2 8
1 1 20 31
21 1 40 17
34 1 48 3
5 1 40 39
19 1 5 10
18 1 39 26
7 1 43 35
48 1 33 24
15 1 17 17
8 1 30 15
19 1 14 40
34 1 46 9
17 1 14 5
37 1 49 44
29 1 15 31
18 1 29 50
44 1 50 1
41 1 25 16
2 1 4 21
6 1 31 48
22 1 17 22
47 1 43 25
24 1 4 5
2 1 49 44
2 1 45 27
20 1 8 19
30 1 25 37
8 1 30 27
23 1 12 30
22 1 14 46
26 1 43 32
39 1 17 11
40 1 22 4
24 1 47 16
12 1 39 48
21 1 35 33
19 1 32 15
15 1 20 15
43 1 15 38
11 1 43 18
26 1 17 35
44 1 14 46
6 1 33 48
1 1 9 16
2 1 9 49
30 1 30 10
21 1 24 9
40 1 21 12
6 1 3 45
48 1 2 45
38 1 24 7
12 1 7 45
44 1 17 21
17 1 47 13
32 1 36 9
7 1 7 34
2 1 32 19
41 1 38 1
14 1 48 46
0 1 50 23
35 1 3 14
21 1 43 1
40 1 32 8
38 1 42 30
33 1 18 10
3 1 41 38
13 1 26 26
46 1 50 36
5 1 32 33
26 1 2 48
13 1 36 35
13 1 41 23
25 1 50 11
8 1 29 27
50 1 21 23
14 1 0 3
12 1 26 40
13 1 34 4
15 1 13 13
40 1 44 3
26 1 2 17
10 1 24 20
9 1 45 20
29 1 33 18
28 1 15 34
