1999
23 1 5 35
33 1 1 33
10 1 36 40
27 1 49 17
12 1 8 38
40 1 23 14
22 1 29 6
3 1 39 18
5 1 42 13
33 1 3 41
11 1 2 9
3 1 22 7
35 1 24 7
5 1 29 38
39 1 15 5
15 1 18 23
32 1 9 15
10 1 12 8
36 1 37 41
22 1 36 36
37 1 15 14
31 1 7 0
35 1 5 0
42 1 48 3
8 1 7 17
50 1 5 41
43 1 47 47
7 1 11 19
14 1 49 18
39 1 43 50
24 1 8 45
49 1 25 9
20 1 5 15
2 1 50 26
5 1 44 47
13 1 42 1
31 1 10 26
43 1 49 11
3 1 0 41
32 1 34 2
16 1 18 0
31 1 44 23
16 1 5 12
21 1 32 9
40 1 30 9
37 1 40 35
14 1 40 41
24 1 47 20
14 1 28 18
47 1 47 18
29 1 12 23
29 1 18 39
34 1 3 24
48 1 34 30
5 1 16 28
18 1 39 15
38 1 10 35
38 1 35 6
11 1 44 14
30 1 38 46
19 1 22 7
24 1 4 6
13 1 37 17
11 1 29 43
16 1 17 3
41 1 35 20
50 1 19 50
7 1 45 7
26 1 22 34
32 1 29 44
48 1 14 44
22 1 21 27
41 1 47 42
0 1 35 0
14 1 23 10
25 1 18 8
4 1 41 7
14 1 19 36
33 1 46 21
42 1 16 1
42 1 0 46
24 1 41 33
5 1 2 22
8 1 29 34
1 1 28 50
5 1 18 6
42 1 22 29
8 1 14 38
6 1 30 39
28 1 49 22
26 1 40 27
11 1 47 5
26 1 15 41
18 1 46 29
4 1 43 45
14 1 43 24
45 1 4 18
18 1 40 50
21 1 6 15
7 1 12 24
10 1 14 45
15 1 20 36
45 1 9 8
14 1 28 45
8 1 0 39
12 1 10 24
20 1 21 27
22 1 18 12
15 1 23 15
48 1 13 6
38 1 39 48
36 1 29 16
2 1 7 30
6 1 49 8
28 1 29 36
6 1 19 29
50 1 44 20
41 1 22 0
3 1 40 11
0 1 50 6
50 1 9 25
10 1 23 25
37 1 12 41
37 1 35 45
45 1 23 35
32 1 38 5
9 1 12 32
44 1 47 4
7 1 26 19
34 1 2 32
7 1 28 15
7 1 28 16
13 1 4 16
19 1 34 11
4 1 50 19
18 1 6 27
0 1 30 15
9 1 23 27
13 1 47 43
49 1 38 50
49 1 14 38
14 1 50 43
14 1 11 17
11 1 14 37
12 1 31 7
36 1 46 9
33 1 17 37
24 1 17 10
34 1 38 1
34 1 29 12
28 1 48 49
18 1 46 42
31 1 22 38
1 1 32 21
48 1 46 37
19 1 44 48
46 1 10 32
7 1 2 34
20 1 11 44
0 1 42 1
18 1 42 21
38 1 8 36
16 1 7 18
26 1 28 32
20 1 43 32
21 1 7 11
37 1 42 15
0 1 5 9
39 1 4 28
15 1 22 33
31 1 27 42
40 1 46 14
48 1 3 11
29 1 35 20
26 1 48 48
47 1 43 45
37 1 38 2
39 1 31 26
49 1 7 25
32 1 41 47
32 1 5 42
45 1 6 25
43 1 46 8
20 1 2 10
30 1 47 31
34 1 46 27
23 1 7 24
17 1 46 24
47 1 45 18
16 1 19 33
10 1 32 27
42 1 48 9
16 1 18 20
2 1 39 43
34 1 40 35
48 1 44 43
10 1 11 3
41 1 2 5
50 1 34 37
37 1 22 8
26 1 46 50
47 1 44 29
20 1 31 11
46 1 18 24
6 1 15 24
35 1 47 24
19 1 14 9
29 1 32 42
16 1 32 0
30 1 7 16
3 1 18 11
34 1 9 3
45 1 31 19
13 1 11 34
0 1 8 24
8 1 3 48
6 1 39 18
13 1 13 3
18 1 27 6
40 1 12 14
13 1 9 20
7 1 38 16
37 1 37 50
43 1 37 14
45 1 12 42
4 1 46 22
26 1 13 41
29 1 2 12
12 1 35 16
44 1 27 9
2 1 1 39
35 1 15 42
13 1 19 19
12 1 49 39
41 1 4 30
10 1 26 17
35 1 34 44
36 1 42 28
1 1 19 33
5 1 3 1
37 1 9 3
44 1 2 39
24 1 4 19
27 1 31 0
5 1 50 19
26 1 47 7
25 1 26 32
46 1 23 8
23 1 28 48
49 1 13 22
34 1 23 8
37 1 17 4
7 1 23 2
6 1 9 17
40 1 15 4
29 1 2 21
29 1 8 35
2 1 32 3
19 1 0 31
0 1 40 31
5 1 33 43
23 1 7 33
10 1 38 30
30 1 30 23
4 1 20 36
20 1 45 23
8 1 33 6
21 1 38 25
15 1 38 6
37 1 1 16
15 1 13 4
2 1 45 33
10 1 20 13
7 1 29 23
0 1 26 10
22 1 17 28
35 1 3 19
33 1 13 22
6 1 10 45
16 1 30 9
36 1 47 19
4 1 41 28
50 1 39 29
30 1 1 49
21 1 6 4
37 1 0 2
26 1 36 36
13 1 5 36
4 1 41 48
26 1 37 46
43 1 6 4
40 1 11 1
17 1 50 20
44 1 49 27
7 1 6 26
36 1 34 2
22 1 45 2
14 1 23 3
33 1 11 23
5 1 8 29
45 1 10 37
26 1 29 1
25 1 8 47
10 1 36 24
28 1 26 7
37 1 24 3
45 1 23 6
20 1 32 17
10 1 26 38
4 1 26 1
43 1 33 24
48 1 47 18
25 1 2 8
21 1 27 31
8 1 0 31
34 1 29 41
11 1 17 48
39 1 1 7
43 1 43 21
42 1 48 8
31 1 3 19
27 1 31 12
35 1 45 49
31 1 4 2
21 1 3 10
50 1 12 4
31 1 32 9
46 1 3 12
3 1 44 32
17 1 23 35
4 1 18 31
6 1 43 26
37 1 8 38
25 1 19 8
34 1 8 16
1 1 20 42
37 1 41 41
36 1 3 24
50 1 46 10
40 1 3 24
21 1 25 43
23 1 22 26
42 1 27 50
26 1 50 25
30 1 47 10
22 1 43 37
43 1 41 25
24 1 28 20
28 1 43 6
20 1 44 31
27 1 21 22
11 1 42 12
25 1 36 33
41 1 17 6
28 1 6 50
19 1 28 7
14 1 27 9
40 1 13 33
1 1 18 41
31 1 39 5
17 1 33 18
45 1 27 45
38 1 46 19
41 1 19 46
41 1 4 32
39 1 20 47
32 1 36 1
2 1 45 50
26 1 31 7
25 1 48 13
13 1 43 18
44 1 21 24
28 1 36 11
22 1 33 19
23 1 11 44
5 1 42 44
50 1 14 19
42 1 32 17
37 1 34 36
28 1 20 30
42 1 10 22
1 1 37 20
21 1 8 45
48 1 47 30
11 1 50 30
1 1 4 27
31 1 37 40
23 1 13 11
50 1 41 9
19 1 50 16
46 1 36 44
46 1 8 20
31 1 17 44
41 1 18 6
12 1 37 13
29 1 5 50
39 1 35 45
4 1 26 19
40 1 10 16
41 1 22 40
47 1 39 11
42 1 10 13
29 1 31 7
12 1 49 31
35 1 36 9
22 1 13 36
6 1 1 9
36 1 18 6
38 1 16 18
10 1 5 17
37 1 19 44
8 1 28 4
15 1 48 28
2 1 23 2
38 1 43 40
5 1 46 24
5 1 33 32
4 1 1 32
11 1 45 13
38 1 1 10
28 1 1 24
28 1 32 41
6 1 14 7
23 1 23 24
1 1 42 24
19 1 40 13
17 1 26 40
50 1 40 6
22 1 49 10
31 1 21 15
13 1 12 2
32 1 17 33
24 1 41 5
16 1 43 23
4 1 15 13
17 1 7 33
39 1 43 14
3 1 46 43
37 1 34 42
17 1 45 0
31 1 40 40
35 1 26 50
43 1 35 31
32 1 8 40
48 1 8 36
8 1 24 14
46 1 40 46
46 1 16 43
17 1 21 42
4 1 47 43
37 1 19 5
37 1 39 18
20 1 0 20
49 1 36 4
47 1 41 7
2 1 28 32
20 1 44 9
14 1 17 39
16 1 32 50
49 1 48 30
40 1 15 9
30 1 23 4
20 1 4 9
13 1 31 48
47 1 18 0
49 1 13 37
44 1 46 30
1 1 2 14
13 1 24 27
21 1 36 13
35 1 20 1
44 1 47 8
42 1 49 31
13 1 36 13
10 1 33 7
0 1 9 12
10 1 50 25
14 1 39 45
11 1 26 43
13 1 14 1
27 1 24 20
43 1 19 46
22 1 4 8
2 1 44 26
26 1 33 16
10 1 27 8
30 1 34 4
21 1 23 30
11 1 40 6
18 1 49 22
13 1 43 46
8 1 37 28
22 1 3 31
21 1 44 21
23 1 10 34
19 1 30 27
30 1 21 35
36 1 39 38
18 1 47 5
50 1 45 36
36 1 0 8
23 1 38 32
48 1 0 41
49 1 8 29
13 1 37 18
7 1 18 25
45 1 39 40
47 1 43 5
4 1 30 5
6 1 23 46
49 1 34 2
43 1 17 0
22 1 12 34
26 1 6 11
43 1 3 41
27 1 44 34
8 1 20 33
23 1 50 12
15 1 50 45
23 1 45 10
28 1 9 9
36 1 47 44
36 1 45 29
50 1 34 12
40 1 23 9
47 1 48 35
18 1 4 39
38 1 15 45
27 1 37 39
3 1 37 22
45 1 27 2
0 1 11 28
10 1 50 27
2 1 34 39
26 1 42 22
19 1 42 42
35 1 18 11
11 1 44 4
27 1 34 50
27 1 8 16
40 1 20 3
24 1 0 47
34 1 34 30
13 1 8 7
7 1 33 33
47 1 13 8
13 1 49 20
28 1 15 28
37 1 10 36
32 1 7 31
19 1 11 38
28 1 46 17
37 1 7 25
21 1 20 40
22 1 45 14
22 1 12 0
1 1 17 20
13 1 39 6
48 1 0 2
22 1 34 35
29 1 35 14
8 1 7 45
6 1 14 43
7 1 31 24
34 1 44 48
34 1 30 16
47 1 13 1
39 1 0 24
14 1 15 7
8 1 39 48
26 1 21 50
7 1 40 38
20 1 6 46
22 1 27 33
16 1 27 8
33 1 38 41
4 1 15 28
11 1 31 22
17 1 14 21
50 1 34 39
36 1 27 29
16 1 33 46
6 1 6 49
20 1 3 19
42 1 3 37
21 1 13 43
14 1 10 16
4 1 7 1
22 1 14 23
20 1 24 27
48 1 5 7
28 1 34 10
46 1 33 25
18 1 13 24
24 1 12 34
16 1 16 40
12 1 44 33
35 1 25 17
11 1 22 44
7 1 6 4
10 1 23 17
45 1 19 46
24 1 35 32
43 1 26 44
12 1 38 42
9 1 22 4
15 1 11 38
48 1 24 26
30 1 44 35
0 1 11 44
40 1 12 2
11 1 45 38
0 1 31 37
42 1 35 45
44 1 41 43
27 1 7 8
49 1 33 27
15 1 23 36
13 1 37 24
12 1 23 25
26 1 43 40
45 1 47 3
42 1 36 17
4 1 32 35
9 1 15 42
5 1 33 19
25 1 4 41
36 1 46 30
25 1 38 46
3 1 7 38
4 1 50 6
47 1 33 5
3 1 40 31
30 1 30 48
6 1 47 46
25 1 48 7
8 1 40 25
36 1 16 31
37 1 29 0
27 1 1 34
40 1 34 46
2 1 23 18
18 1 31 41
19 1 4 23
47 1 40 35
43 1 8 35
32 1 35 35
28 1 49 14
42 1 15 9
11 1 25 30
19 1 46 22
36 1 0 23
17 1 11 44
40 1 38 36
48 1 1 31
44 1 23 29
28 1 10 0
22 1 10 2
41 1 36 12
23 1 10 41
42 1 30 12
17 1 33 31
22 1 19 2
22 1 49 9
4 1 35 14
32 1 39 19
39 1 29 35
1 1 37 6
48 1 10 47
35 1 47 45
30 1 15 10
26 1 35 43
19 1 46 8
15 1 25 8
39 1 50 43
4 1 37 1
35 1 16 45
43 1 14 3
27 1 13 12
34 1 13 41
39 1 4 24
46 1 38 33
32 1 24 23
49 1 23 49
42 1 13 5
15 1 16 26
7 1 22 13
27 1 4 31
7 1 39 43
35 1 18 21
23 1 43 6
21 1 2 17
32 1 0 42
45 1 10 34
13 1 8 23
28 1 6 41
43 1 28 40
16 1 4 4
47 1 45 32
39 1 7 34
9 1 34 1
8 1 16 17
32 1 12 46
40 1 33 48
21 1 25 31
41 1 23 29
35 1 21 47
34 1 21 10
38 1 26 16
32 1 35 37
4 1 38 22
46 1 6 6
28 1 35 26
9 1 21 28
48 1 41 40
9 1 4 4
44 1 49 32
44 1 37 4
10 1 47 49
4 1 44 47
26 1 11 25
32 1 24 1
30 1 25 1
10 1 8 46
20 1 17 26
2 1 9 3
49 1 24 18
11 1 49 48
37 1 22 37
8 1 40 44
7 1 32 46
14 1 38 35
16 1 11 21
7 1 39 47
23 1 23 3
15 1 50 6
19 1 35 38
13 1 40 28
32 1 10 6
13 1 50 34
47 1 5 17
23 1 35 39
32 1 19 14
46 1 20 6
16 1 23 27
49 1 4 35
36 1 47 10
15 1 33 50
40 1 11 42
4 1 8 30
4 1 2 18
34 1 38 20
21 1 1 28
44 1 3 45
17 1 4 14
28 1 42 26
27 1 40 47
12 1 12 30
46 1 8 18
19 1 1 30
17 1 19 20
7 1 14 0
16 1 35 28
27 1 47 16
5 1 27 17
37 1 49 22
8 1 49 16
42 1 14 7
9 1 6 28
9 1 5 43
48 1 9 8
45 1 36 4
18 1 33 14
16 1 41 39
39 1 10 7
17 1 34 16
40 1 38 47
17 1 40 41
40 1 19 46
0 1 44 24
35 1 30 41
44 1 0 16
13 1 29 17
20 1 36 25
19 1 32 9
45 1 9 12
41 1 35 45
31 1 20 14
41 1 13 11
8 1 22 41
34 1 20 34
9 1 47 31
31 1 38 4
12 1 35 43
32 1 49 28
38 1 22 41
14 1 32 35
12 1 15 30
2 1 50 18
13 1 21 39
36 1 28 38
30 1 7 22
0 1 32 24
1 1 45 12
49 1 46 32
24 1 46 47
9 1 45 26
3 1 18 15
21 1 16 27
17 1 41 42
30 1 46 15
20 1 6 3
14 1 1 47
30 1 27 34
44 1 38 4
30 1 4 40
3 1 23 29
0 1 3 24
11 1 45 35
32 1 24 7
31 1 31 11
34 1 19 43
28 1 7 37
43 1 1 32
49 1 33 40
13 1 9 21
10 1 3 48
26 1 0 50
34 1 38 35
21 1 11 12
21 1 18 18
45 1 49 50
0 1 12 35
28 1 9 35
27 1 24 9
10 1 24 21
48 1 6 37
6 1 30 43
36 1 40 41
10 1 3 37
16 1 22 23
24 1 25 10
13 1 4 44
46 1 15 10
3 1 36 30
36 1 46 16
48 1 30 47
10 1 3 46
47 1 41 14
8 1 13 6
3 1 33 14
42 1 6 46
10 1 30 29
26 1 26 44
45 1 36 2
46 1 33 21
32 1 8 8
20 1 32 9
50 1 40 35
36 1 39 25
42 1 9 12
2 1 40 42
41 1 11 10
17 1 13 2
24 1 45 42
30 1 34 6
32 1 36 48
49 1 3 22
22 1 1 7
24 1 13 3
33 1 0 0
11 1 20 1
20 1 50 35
37 1 42 17
37 1 46 3
33 1 45 10
0 1 16 48
10 1 41 38
31 1 22 39
14 1 8 32
14 1 28 21
16 1 21 33
45 1 25 23
27 1 35 35
40 1 50 33
37 1 25 23
22 1 30 23
48 1 25 17
12 1 36 14
7 1 8 0
7 1 38 32
14 1 9 19
5 1 36 0
39 1 27 33
41 1 21 36
25 1 36 47
50 1 44 31
3 1 45 0
42 1 16 37
7 1 6 31
9 1 13 32
23 1 46 23
36 1 49 38
44 1 14 4
21 1 25 10
23 1 6 17
8 1 50 26
17 1 0 21
49 1 3 15
40 1 12 34
43 1 11 26
5 1 15 8
31 1 34 1
42 1 21 41
46 1 49 10
6 1 18 48
12 1 8 26
45 1 28 44
38 1 36 39
23 1 2 30
42 1 37 37
23 1 4 9
7 1 4 12
35 1 14 6
47 1 0 2
43 1 20 10
16 1 14 11
9 1 35 43
29 1 45 32
45 1 10 27
40 1 6 45
33 1 21 46
39 1 40 42
29 1 7 26
8 1 2 26
23 1 21 26
50 1 10 24
25 1 28 18
26 1 30 16
3 1 48 18
45 1 11 13
13 1 23 2
1 1 27 7
16 1 5 11
6 1 3 16
18 1 49 50
43 1 34 29
29 1 29 41
3 1 28 47
25 1 34 21
30 1 19 28
38 1 23 33
5 1 16 50
30 1 44 0
7 1 8 46
46 1 35 46
22 1 7 47
37 1 48 9
31 1 29 4
26 1 39 10
6 1 48 4
12 1 6 47
1 1 31 13
6 1 5 41
20 1 4 21
43 1 49 17
25 1 30 8
48 1 12 34
7 1 6 3
45 1 27 39
49 1 0 15
43 1 16 39
15 1 39 18
14 1 39 27
13 1 46 16
22 1 43 32
48 1 32 32
1 1 25 45
12 1 14 16
9 1 26 44
46 1 14 34
45 1 42 41
25 1 3 25
18 1 36 27
35 1 40 40
24 1 10 21
9 1 39 18
21 1 19 15
25 1 50 43
21 1 24 43
16 1 25 26
1 1 5 50
48 1 22 6
9 1 8 41
1 1 35 4
1 1 9 44
37 1 20 47
34 1 6 48
11 1 7 49
30 1 38 2
10 1 23 0
33 1 36 12
31 1 32 29
3 1 35 44
47 1 30 39
15 1 44 23
22 1 33 15
44 1 24 45
27 1 27 20
2 1 49 3
21 1 13 31
48 1 31 29
4 1 14 25
12 1 0 9
50 1 44 4
50 1 11 8
25 1 37 42
3 1 8 44
41 1 24 11
49 1 27 32
9 1 48 26
14 1 42 40
30 1 37 37
7 1 13 17
47 1 48 16
13 1 16 7
5 1 46 36
1 1 28 31
18 1 26 22
39 1 34 19
32 1 26 6
14 1 42 12
1 1 4 1
22 1 11 47
7 1 3 40
34 1 12 44
12 1 19 20
0 1 39 50
2 1 32 45
34 1 10 20
20 1 10 31
48 1 45 28
19 1 15 27
26 1 29 35
19 1 7 19
20 1 43 25
49 1 38 38
34 1 7 1
34 1 21 39
44 1 29 20
7 1 9 26
36 1 48 39
38 1 11 17
40 1 21 7
42 1 1 37
12 1 6 8
17 1 44 24
32 1 30 9
6 1 27 50
22 1 15 12
13 1 11 21
41 1 36 35
37 1 25 9
10 1 0 49
38 1 30 40
42 1 22 0
20 1 24 40
35 1 30 8
11 1 50 41
43 1 6 21
39 1 46 19
9 1 30 8
28 1 11 33
11 1 16 46
48 1 18 8
7 1 1 9
35 1 36 29
18 1 42 48
39 1 7 38
28 1 11 48
49 1 23 11
30 1 13 44
11 1 1 27
33 1 39 5
16 1 9 4
49 1 0 39
21 1 10 26
18 1 4 5
15 1 16 38
40 1 43 43
1 1 27 35
36 1 19 22
3 1 0 0
30 1 38 26
23 1 44 0
32 1 14 8
37 1 5 18
30 1 26 6
35 1 45 4
35 1 31 12
26 1 23 50
17 1 4 36
29 1 40 13
27 1 14 44
7 1 29 14
49 1 8 22
25 1 13 13
31 1 11 13
12 1 41 20
17 1 15 22
48 1 45 43
25 1 4 2
37 1 36 40
30 1 38 49
0 1 37 18
22 1 49 25
2 1 44 36
41 1 3 47
36 1 43 36
5 1 27 19
41 1 47 20
27 1 41 42
25 1 45 47
22 1 50 24
20 1 38 48
13 1 21 25
50 1 33 10
29 1 0 47
50 1 33 0
11 1 2 6
4 1 37 38
20 1 11 23
28 1 14 25
46 1 32 34
15 1 11 2
25 1 10 13
24 1 16 37
26 1 43 44
40 1 44 10
36 1 0 25
9 1 33 12
4 1 37 22
7 1 2 36
6 1 29 39
11 1 10 37
8 1 46 30
42 1 6 7
28 1 20 13
32 1 27 7
39 1 2 5
40 1 11 39
4 1 21 7
33 1 25 17
42 1 6 37
45 1 22 47
7 1 45 15
8 1 36 35
0 1 27 4
8 1 2 48
24 1 25 6
15 1 14 18
48 1 24 13
30 1 47 28
30 1 32 2
25 1 1 49
13 1 26 4
37 1 13 8
38 1 31 43
47 1 42 45
36 1 44 41
24 1 13 49
6 1 45 44
43 1 46 39
38 1 18 46
32 1 49 15
31 1 50 6
43 1 33 28
23 1 13 18
45 1 36 46
0 1 41 0
5 1 47 28
21 1 17 9
34 1 45 44
15 1 15 15
40 1 27 17
18 1 12 31
34 1 47 32
38 1 42 35
24 1 21 44
24 1 3 16
13 1 45 23
2 1 40 6
24 1 27 30
33 1 15 34
45 1 2 6
28 1 4 31
9 1 11 48
5 1 6 13
38 1 17 15
28 1 36 37
9 1 41 42
1 1 3 35
40 1 38 38
1 1 32 49
36 1 14 12
33 1 6 39
14 1 45 14
19 1 7 18
48 1 12 46
6 1 34 24
32 1 31 0
30 1 49 22
0 1 7 5
39 1 1 42
18 1 4 50
2 1 36 6
15 1 39 15
46 1 4 18
16 1 27 26
2 1 5 27
3 1 17 21
50 1 13 48
43 1 44 29
20 1 22 21
45 1 24 19
9 1 29 31
12 1 22 18
20 1 21 35
32 1 25 44
22 1 42 12
24 1 30 27
50 1 38 4
26 1 14 42
9 1 30 27
26 1 43 23
12 1 42 2
36 1 43 4
17 1 24 2
22 1 38 47
45 1 29 36
25 1 14 10
16 1 0 30
8 1 17 30
39 1 1 33
33 1 5 10
9 1 24 6
46 1 27 33
4 1 34 33
42 1 50 37
20 1 28 9
43 1 49 32
47 1 29 38
24 1 4 12
14 1 40 12
8 1 32 28
49 1 44 17
20 1 31 25
4 1 5 40
2 1 10 22
32 1 48 18
35 1 25 3
13 1 7 19
33 1 8 17
36 1 38 47
33 1 46 44
8 1 11 23
0 1 13 24
32 1 20 11
2 1 44 29
16 1 35 48
34 1 6 2
28 1 31 25
32 1 32 11
46 1 17 29
47 1 23 12
11 1 46 42
30 1 49 43
42 1 6 12
32 1 6 24
42 1 1 38
49 1 31 8
32 1 37 29
12 1 40 28
28 1 15 26
10 1 28 1
37 1 15 21
10 1 0 20
21 1 50 17
34 1 23 23
36 1 25 44
39 1 47 37
33 1 6 33
27 1 0 28
28 1 37 42
10 1 8 48
13 1 49 35
37 1 31 40
45 1 19 9
13 1 5 50
43 1 16 4
14 1 14 8
13 1 22 36
4 1 2 35
25 1 14 48
14 1 2 25
13 1 34 15
50 1 28 5
10 1 12 14
4 1 46 32
9 1 20 36
2 1 34 33
15 1 18 3
23 1 44 41
49 1 38 9
24 1 47 30
5 1 21 11
47 1 2 48
42 1 26 42
28 1 28 35
29 1 8 49
37 1 9 9
19 1 49 25
26 1 39 45
0 1 4 50
16 1 9 24
3 1 19 4
50 1 17 30
42 1 38 31
13 1 32 40
31 1 48 2
13 1 20 39
6 1 50 15
45 1 20 43
50 1 12 26
22 1 35 40
22 1 32 7
36 1 0 16
29 1 3 11
41 1 11 16
47 1 37 47
44 1 34 32
19 1 21 40
30 1 12 31
22 1 46 27
50 1 27 14
18 1 44 48
34 1 50 45
9 1 39 37
2 1 5 24
38 1 23 46
46 1 34 49
4 1 40 20
20 1 7 48
23 1 33 30
1 1 48 19
41 1 31 2
11 1 34 0
9 1 10 10
9 1 13 26
12 1 50 38
19 1 9 22
46 1 27 28
1 1 17 6
17 1 31 14
24 1 24 17
31 1 39 50
32 1 28 10
5 1 36 20
7 1 22 39
7 1 11 26
34 1 34 7
9 1 11 6
40 1 34 35
28 1 23 33
4 1 45 47
29 1 15 4
35 1 19 15
21 1 44 33
15 1 42 30
35 1 50 15
48 1 1 8
44 1 12 50
44 1 17 33
21 1 14 44
34 1 49 38
39 1 34 26
22 1 50 12
0 1 49 26
42 1 47 25
8 1 39 47
25 1 35 48
8 1 5 3
16 1 50 42
26 1 10 32
42 1 12 5
24 1 9 9
48 1 37 8
37 1 28 2
13 1 31 5
22 1 0 48
35 1 46 12
4 1 39 3
7 1 17 28
13 1 9 27
37 1 16 35
8 1 34 47
17 1 49 34
44 1 2 16
36 1 3 11
25 1 24 22
6 1 14 42
13 1 34 10
48 1 7 30
50 1 9 37
33 1 41 36
33 1 10 49
2 1 5 42
7 1 10 46
7 1 48 40
10 1 21 11
28 1 0 16
35 1 29 22
25 1 44 40
49 1 39 43
47 1 9 41
0 1 2 24
41 1 8 27
45 1 42 37
32 1 33 13
42 1 7 14
5 1 13 33
28 1 50 16
40 1 18 13
38 1 9 5
12 1 26 37
3 1 37 50
4 1 46 0
17 1 42 39
14 1 29 44
29 1 19 11
41 1 21 39
49 1 9 47
22 1 1 25
4 1 50 30
7 1 24 11
49 1 37 0
50 1 48 11
4 1 19 25
47 1 30 14
23 1 5 8
49 1 8 20
43 1 38 26
38 1 7 44
41 1 35 42
39 1 7 5
21 1 47 48
43 1 25 36
20 1 16 42
16 1 32 19
20 1 37 27
1 1 9 34
22 1 26 28
41 1 39 50
28 1 18 9
9 1 36 14
15 1 26 31
9 1 10 36
5 1 45 2
22 1 3 46
0 1 39 44
12 1 9 1
20 1 26 9
29 1 14 44
24 1 1 3
3 1 29 17
12 1 47 47
18 1 23 38
1 1 30 10
30 1 34 19
47 1 15 50
3 1 42 41
34 1 9 0
22 1 11 44
39 1 44 45
49 1 3 1
32 1 14 3
9 1 11 41
14 1 32 46
11 1 50 6
3 1 28 15
33 1 46 6
21 1 42 20
30 1 21 0
45 1 22 49
6 1 23 25
49 1 31 45
25 1 25 14
10 1 14 42
13 1 33 41
33 1 33 16
29 1 21 17
12 1 20 47
31 1 24 29
9 1 31 34
1 1 2 29
4 1 20 20
45 1 28 5
35 1 45 16
27 1 27 11
37 1 24 31
1 1 33 7
1 1 31 49
16 1 45 29
27 1 10 22
39 1 36 29
23 1 2 17
32 1 14 44
12 1 19 26
42 1 43 35
31 1 25 34
28 1 38 23
49 1 9 25
36 1 22 43
24 1 20 1
12 1 40 27
35 1 39 39
24 1 17 23
43 1 41 40
6 1 28 12
34 1 36 41
22 1 39 31
45 1 10 25
35 1 13 40
40 1 25 48
30 1 43 41
38 1 8 28
22 1 1 34
0 1 49 15
7 1 39 20
22 1 0 46
36 1 43 31
30 1 27 49
32 1 9 24
26 1 41 10
0 1 24 30
16 1 18 31
47 1 41 47
16 1 42 50
17 1 43 8
23 1 21 34
25 1 49 14
28 1 30 1
7 1 8 19
5 1 13 28
19 1 16 10
37 1 21 5
32 1 43 13
10 1 2 45
49 1 4 13
13 1 5 40
36 1 26 21
43 1 9 11
45 1 28 29
10 1 25 35
33 1 23 43
14 1 49 36
23 1 13 28
21 1 32 25
1 1 49 16
31 1 35 25
33 1 31 49
8 1 45 49
46 1 2 30
17 1 30 18
37 1 23 23
48 1 10 5
7 1 4 33
16 1 27 13
21 1 6 28
34 1 32 23
48 1 41 17
2 1 35 34
39 1 30 11
26 1 49 35
30 1 3 11
47 1 22 11
13 1 6 38
41 1 20 46
41 1 3 5
36 1 21 21
24 1 9 36
20 1 44 20
42 1 1 48
19 1 26 30
15 1 17 1
39 1 35 14
39 1 41 5
47 1 42 3
22 1 44 6
30 1 4 38
31 1 27 31
41 1 47 6
50 1 48 39
40 1 20 25
14 1 25 16
25 1 48 16
26 1 48 33
26 1 8 14
41 1 4 20
38 1 34 45
34 1 3 7
8 1 37 36
36 1 8 40
38 1 42 27
24 1 8 12
15 1 6 29
49 1 25 25
6 1 32 24
31 1 45 21
22 1 38 18
39 1 48 16
36 1 4 12
42 1 50 35
21 1 23 11
41 1 37 25
47 1 43 43
22 1 45 42
9 1 35 39
45 1 14 49
46 1 11 17
25 1 24 10
21 1 25 48
20 1 27 25
42 1 9 16
10 1 12 31
17 1 0 17
12 1 20 48
2 1 18 4
33 1 33 40
40 1 17 11
14 1 38 1
26 1 32 28
12 1 18 46
2 1 0 15
24 1 45 21
43 1 37 6
16 1 24 28
1 1 19 35
38 1 38 30
17 1 28 9
19 1 40 29
15 1 40 42
11 1 18 10
42 1 14 36
26 1 11 19
31 1 22 43
29 1 41 32
0 1 25 38
28 1 36 2
33 1 13 36
13 1 43 37
21 1 48 19
49 1 27 0
41 1 18 20
50 1 10 50
27 1 33 44
49 1 14 11
29 1 18 49
1 1 24 48
4 1 16 22
11 1 14 1
19 1 31 43
43 1 23 12
11 1 15 2
42 1 4 46
12 1 5 49
18 1 18 36
13 1 8 16
37 1 12 23
24 1 16 17
28 1 22 45
39 1 39 30
5 1 14 42
22 1 14 35
29 1 13 6
27 1 15 24
7 1 50 11
33 1 26 9
36 1 40 25
16 1 19 10
2 1 49 19
3 1 27 3
29 1 44 14
19 1 35 46
45 1 42 18
4 1 46 25
2 1 41 48
4 1 20 0
32 1 28 36
17 1 8 18
29 1 3 49
50 1 43 47
29 1 15 31
42 1 22 39
31 1 23 30
16 1 1 8
16 1 48 30
12 1 31 16
39 1 49 45
14 1 27 22
5 1 34 14
23 1 31 41
10 1 25 29
23 1 32 8
10 1 48 14
43 1 5 8
18 1 30 11
6 1 7 37
30 1 9 35
10 1 48 7
43 1 39 41
16 1 25 4
33 1 5 26
36 1 16 39
0 1 7 31
48 1 1 47
47 1 13 10
9 1 41 47
6 1 25 6
2 1 43 10
11 1 29 31
14 1 50 41
17 1 11 41
31 1 42 25
37 1 28 42
0 1 2 20
3 1 16 4
32 1 40 36
37 1 14 45
45 1 50 29
39 1 5 4
11 1 8 10
20 1 17 8
7 1 9 18
32 1 3 20
11 1 34 39
12 1 4 34
25 1 42 40
3 1 15 13
38 1 33 49
29 1 43 21
9 1 6 18
12 1 35 46
48 1 27 2
9 1 36 3
6 1 16 33
17 1 12 2
18 1 42 1
32 1 36 17
0 1 30 17
11 1 8 6
17 1 24 50
16 1 30 25
44 1 36 22
26 1 47 31
22 1 41 43
5 1 29 18
8 1 44 44
8 1 37 6
44 1 49 19
9 1 44 35
43 1 12 1
30 1 7 41
38 1 17 47
3 1 40 50
41 1 4 2
12 1 20 32
21 1 26 37
24 1 18 34
33 1 2 14
38 1 32 21
11 1 23 10
4 1 35 41
26 1 28 30
21 1 49 2
49 1 48 44
15 1 28 4
26 1 7 12
38 1 13 24
12 1 13 23
0 1 26 21
44 1 1 10
5 1 50 37
15 1 45 31
26 1 9 22
2 1 36 45
38 1 15 14
16 1 0 22
9 1 10 18
3 1 11 22
25 1 1 33
0 1 29 19
47 1 23 15
46 1 25 29
33 1 28 16
14 1 22 4
23 1 40 49
11 1 32 21
15 1 11 42
37 1 50 19
16 1 15 24
41 1 43 25
30 1 15 19
23 1 11 45
26 1 46 2
2 1 3 43
29 1 46 21
5 1 15 18
36 1 17 2
11 1 45 46
40 1 45 21
24 1 12 21
41 1 20 45
27 1 18 33
16 1 10 18
43 1 2 5
34 1 20 14
50 1 27 37
35 1 25 40
20 1 46 32
11 1 47 21
9 1 23 29
33 1 33 6
21 1 37 42
23 1 16 22
12 1 43 28
23 1 37 25
31 1 6 45
34 1 33 39
5 1 47 40
17 1 9 24
8 1 6 20
3 1 22 10
34 1 36 50
49 1 16 13
35 1 27 50
45 1 46 27
23 1 1 40
10 1 41 40
1 1 33 43
25 1 32 22
16 1 23 50
44 1 31 32
31 1 17 23
2 1 24 28
14 1 16 24
29 1 24 17
13 1 48 35
39 1 31 10
7 1 44 41
31 1 32 34
3 1 31 3
14 1 22 2
31 1 21 10
3 1 48 21
39 1 38 22
24 1 24 4
44 1 25 39
11 1 19 22
42 1 3 46
44 1 13 7
26 1 5 39
34 1 19 26
22 1 3 22
12 1 9 45
19 1 24 38
2 1 49 50
24 1 43 45
16 1 1 48
10 1 21 29
41 1 44 16
45 1 36 9
44 1 23 26
30 1 39 5
19 1 17 30
38 1 39 33
39 1 21 18
24 1 6 12
17 1 48 4
21 1 2 38
40 1 27 46
45 1 25 11
9 1 28 34
41 1 12 29
47 1 10 16
46 1 42 4
10 1 46 43
44 1 27 20
1 1 20 30
22 1 0 38
3 1 43 28
49 1 10 32
26 1 5 48
24 1 0 49
6 1 46 0
41 1 20 50
34 1 16 47
44 1 5 43
15 1 46 32
41 1 17 9
32 1 45 44
44 1 46 21
22 1 23 3
16 1 26 6
3 1 46 37
25 1 3 31
12 1 16 4
43 1 42 35
47 1 9 6
49 1 18 9
37 1 7 41
12 1 47 44
44 1 37 5
12 1 44 14
16 1 14 45
7 1 26 26
25 1 8 43
44 1 43 50
8 1 23 32
24 1 11 5
25 1 25 44
24 1 23 41
11 1 44 13
22 1 18 40
29 1 28 17
38 1 45 20
3 1 15 20
10 1 48 45
19 1 50 9
38 1 44 15
25 1 13 40
29 1 46 44
5 1 33 44
40 1 42 39
47 1 31 33
7 1 50 49
26 1 12 40
27 1 1 13
22 1 27 36
28 1 26 24
26 1 44 30
2 1 27 47
23 1 16 31
11 1 37 6
23 1 41 50
50 1 12 13
12 1 30 16
17 1 7 32
37 1 34 4
22 1 10 14
49 1 7 37
4 1 38 4
31 1 37 15
15 1 5 45
46 1 11 23
39 1 35 24
43 1 4 46
38 1 10 0
42 1 36 49
12 1 41 13
22 1 35 7
33 1 43 22
21 1 8 5
27 1 25 47
49 1 6 7
0 1 9 35
22 1 38 38
17 1 23 13
9 1 41 39
13 1 19 21
8 1 44 49
49 1 49 13
11 1 37 46
32 1 5 32
21 1 22 5
22 1 17 26
15 1 19 2
27 1 10 21
29 1 28 6
34 1 25 41
24 1 10 43
4 1 15 35
7 1 33 1
2 1 34 28
33 1 42 13
23 1 31 29
31 1 34 45
1 1 6 18
19 1 31 7
