2000
37 1 14 20
34 1 23 50
24 1 34 50
24 1 29 27
12 1 38 9
18 1 6 34
3 1 18 36
37 1 46 1
36 1 30 4
44 1 28 42
34 1 10 8
7 1 28 45
48 1 1 5
8 1 29 18
15 1 8 18
29 1 13 50
0 1 14 9
2 1 7 13
22 1 42 2
33 1 15 3
46 1 13 4
13 1 26 3
49 1 47 43
25 1 46 13
36 1 43 25
34 1 9 0
48 1 37 45
44 1 36 29
27 1 8 31
5 1 42 43
17 1 50 17
36 1 35 19
18 1 7 30
46 1 41 37
2 1 18 43
23 1 30 18
36 1 37 25
25 1 0 35
16 1 39 36
37 1 34 11
23 1 22 48
0 1 30 29
19 1 6 30
14 1 30 49
2 1 4 2
9 1 44 18
14 1 23 30
0 1 25 15
12 1 1 36
31 1 26 31
45 1 38 16
40 1 30 8
48 1 26 2
25 1 23 28
41 1 1 31
25 1 47 45
45 1 20 0
0 1 22 1
16 1 40 18
36 1 0 24
50 1 28 15
42 1 50 32
16 1 29 23
23 1 21 1
19 1 36 13
10 1 22 38
13 1 26 48
14 1 36 44
14 1 49 31
46 1 6 43
45 1 46 43
16 1 24 48
44 1 19 20
40 1 33 14
45 1 39 27
28 1 5 21
43 1 13 36
30 1 28 4
49 1 6 47
40 1 41 40
36 1 16 18
45 1 46 15
10 1 37 2
28 1 19 7
42 1 18 8
12 1 50 28
0 1 34 38
33 1 39 0
6 1 5 24
25 1 0 40
26 1 38 22
23 1 18 8
23 1 11 32
24 1 45 24
19 1 6 33
21 1 11 35
21 1 13 16
28 1 19 20
22 1 1 16
12 1 48 10
41 1 10 4
4 1 7 49
35 1 26 35
41 1 3 4
6 1 6 25
46 1 22 47
13 1 10 22
41 1 25 19
33 1 25 38
23 1 18 17
43 1 28 20
41 1 37 45
12 1 7 31
20 1 21 34
24 1 29 34
34 1 22 49
49 1 22 15
43 1 14 28
2 1 8 25
27 1 0 32
42 1 22 34
7 1 12 16
46 1 8 15
25 1 40 28
9 1 18 46
28 1 7 30
1 1 20 39
42 1 49 45
9 1 49 10
4 1 1 10
15 1 47 21
27 1 2 11
10 1 13 23
22 1 4 46
21 1 49 22
19 1 18 30
26 1 20 21
46 1 6 42
20 1 22 21
1 1 48 27
39 1 41 0
29 1 32 36
20 1 33 20
24 1 25 33
32 1 41 14
9 1 32 44
42 1 30 29
16 1 29 12
26 1 27 13
37 1 44 46
45 1 19 33
17 1 2 3
39 1 9 39
33 1 8 17
23 1 5 42
0 1 8 4
17 1 25 9
12 1 3 43
19 1 30 12
0 1 1 0
0 1 45 14
16 1 38 9
26 1 22 19
42 1 10 10
39 1 8 36
14 1 35 21
13 1 45 10
16 1 28 37
34 1 43 3
45 1 46 6
13 1 32 34
19 1 28 24
9 1 16 6
6 1 32 42
45 1 11 34
8 1 46 23
31 1 48 19
10 1 19 28
40 1 12 9
2 1 9 12
4 1 30 37
18 1 14 34
12 1 49 13
44 1 38 33
4 1 46 5
38 1 50 20
16 1 39 38
24 1 32 1
14 1 10 49
14 1 30 3
21 1 6 13
47 1 44 15
12 1 41 17
1 1 26 49
42 1 5 44
11 1 17 46
42 1 22 12
34 1 8 40
46 1 47 49
8 1 49 42
47 1 23 33
3 1 44 17
19 1 49 30
13 1 40 38
36 1 46 39
41 1 8 13
32 1 9 48
7 1 50 3
41 1 32 49
39 1 5 13
49 1 3 27
19 1 47 43
7 1 43 36
46 1 1 42
12 1 16 10
1 1 17 6
7 1 10 27
40 1 5 46
37 1 19 1
5 1 34 11
42 1 27 42
18 1 7 22
40 1 30 7
10 1 23 27
20 1 42 2
4 1 19 12
16 1 50 12
9 1 24 40
22 1 22 50
20 1 16 0
15 1 12 26
50 1 45 45
26 1 39 24
8 1 22 39
33 1 16 0
36 1 23 10
49 1 6 33
34 1 13 23
36 1 46 1
31 1 33 7
0 1 24 11
10 1 12 23
4 1 48 44
36 1 41 19
43 1 13 9
27 1 15 29
10 1 31 27
46 1 34 29
7 1 31 24
5 1 32 31
20 1 31 11
27 1 37 0
32 1 38 13
18 1 27 21
42 1 49 33
31 1 49 5
35 1 48 47
39 1 16 12
26 1 29 18
25 1 31 47
39 1 15 31
45 1 40 17
37 1 44 18
39 1 23 29
18 1 50 35
37 1 18 9
23 1 11 30
46 1 16 35
0 1 8 6
0 1 34 39
23 1 19 44
20 1 5 14
10 1 50 46
18 1 43 45
25 1 29 30
33 1 15 38
29 1 3 10
33 1 40 3
3 1 31 20
44 1 10 40
45 1 12 28
35 1 34 18
16 1 14 5
16 1 44 22
48 1 11 21
15 1 33 29
20 1 43 19
20 1 9 26
35 1 7 26
18 1 31 48
2 1 26 41
42 1 44 42
32 1 31 34
18 1 3 42
13 1 19 19
46 1 2 0
47 1 41 31
41 1 28 25
4 1 37 2
7 1 31 46
17 1 17 4
35 1 35 25
19 1 38 7
46 1 27 19
41 1 47 21
27 1 37 39
36 1 49 41
39 1 7 0
6 1 25 36
49 1 7 39
0 1 45 9
36 1 39 34
21 1 13 20
17 1 6 45
8 1 3 46
33 1 3 40
1 1 44 43
10 1 42 37
12 1 33 19
25 1 10 30
39 1 36 39
33 1 32 24
6 1 2 38
6 1 21 39
44 1 20 28
46 1 39 12
39 1 33 0
8 1 38 14
32 1 28 32
9 1 40 44
28 1 4 14
10 1 22 5
19 1 1 24
19 1 17 38
46 1 13 11
24 1 10 16
21 1 27 35
25 1 39 39
6 1 14 37
39 1 15 2
1 1 11 39
45 1 5 41
18 1 8 28
17 1 34 1
47 1 11 17
42 1 6 48
8 1 16 36
14 1 3 30
8 1 25 45
9 1 18 44
29 1 25 0
12 1 5 7
39 1 35 42
15 1 34 9
36 1 43 39
35 1 38 10
12 1 17 14
36 1 19 48
30 1 18 28
49 1 0 17
6 1 13 27
49 1 15 26
33 1 32 21
7 1 33 20
16 1 12 5
0 1 5 33
45 1 50 15
21 1 50 38
26 1 14 8
4 1 48 4
16 1 28 36
38 1 6 13
24 1 4 5
1 1 14 18
2 1 24 42
16 1 8 9
40 1 1 27
7 1 47 43
25 1 2 46
12 1 38 18
22 1 8 5
5 1 32 27
23 1 34 45
29 1 46 29
24 1 3 28
39 1 5 33
48 1 45 40
43 1 3 44
23 1 43 25
39 1 39 47
48 1 12 13
44 1 0 14
10 1 1 9
2 1 5 36
29 1 41 35
37 1 43 43
27 1 31 41
9 1 10 14
24 1 16 43
24 1 36 45
31 1 47 29
36 1 42 19
18 1 34 21
21 1 31 3
44 1 29 26
42 1 30 1
38 1 2 32
2 1 48 0
24 1 33 13
46 1 11 43
38 1 5 18
4 1 47 23
30 1 50 24
42 1 37 3
3 1 46 7
31 1 50 22
14 1 34 26
29 1 30 43
12 1 20 34
17 1 50 46
3 1 46 39
38 1 25 8
48 1 23 5
12 1 43 42
9 1 42 41
19 1 2 33
39 1 34 30
24 1 41 11
20 1 29 29
29 1 13 9
1 1 27 7
32 1 36 12
18 1 37 8
3 1 30 37
5 1 49 19
23 1 29 30
23 1 12 36
22 1 44 9
27 1 18 34
9 1 33 32
47 1 34 48
29 1 3 37
5 1 10 35
7 1 50 40
49 1 35 43
49 1 50 9
3 1 0 42
48 1 18 46
17 1 46 7
25 1 31 19
5 1 50 31
12 1 25 33
28 1 24 49
18 1 29 7
16 1 20 8
30 1 48 42
23 1 0 35
12 1 6 44
23 1 31 31
18 1 35 12
35 1 48 10
18 1 23 5
14 1 9 13
46 1 35 19
14 1 43 18
29 1 20 33
0 1 34 21
5 1 37 35
27 1 49 47
42 1 34 13
0 1 34 10
9 1 33 46
27 1 17 5
17 1 31 15
6 1 24 2
2 1 28 30
10 1 11 47
28 1 40 40
39 1 3 25
44 1 2 30
23 1 27 29
43 1 2 16
18 1 26 15
37 1 21 4
15 1 49 34
49 1 0 29
28 1 18 7
36 1 50 4
39 1 25 50
33 1 41 28
18 1 16 13
20 1 9 25
0 1 38 42
10 1 36 41
49 1 27 21
10 1 17 11
11 1 7 32
47 1 33 18
2 1 18 49
24 1 37 31
34 1 11 41
4 1 22 44
27 1 20 13
30 1 48 3
25 1 19 48
31 1 8 8
48 1 47 2
16 1 49 8
17 1 1 24
33 1 11 24
0 1 8 20
23 1 28 31
22 1 40 33
5 1 2 49
46 1 47 5
19 1 23 25
30 1 40 21
18 1 21 20
31 1 14 39
10 1 20 0
5 1 28 28
31 1 37 49
28 1 27 43
26 1 27 0
18 1 13 19
6 1 24 0
15 1 39 12
23 1 50 5
38 1 6 38
38 1 16 40
49 1 26 15
41 1 43 15
38 1 46 47
30 1 31 17
34 1 45 27
41 1 34 13
15 1 0 24
16 1 8 43
6 1 24 18
8 1 40 41
39 1 17 50
38 1 36 38
6 1 2 36
46 1 3 0
46 1 26 45
34 1 18 32
12 1 7 28
32 1 42 22
47 1 33 36
32 1 1 7
0 1 29 27
8 1 22 6
39 1 30 7
3 1 11 18
38 1 48 0
43 1 36 50
36 1 36 18
46 1 3 35
45 1 3 7
26 1 33 31
35 1 41 15
36 1 1 0
18 1 45 25
29 1 48 10
5 1 33 32
1 1 35 0
49 1 8 5
6 1 31 4
6 1 41 28
3 1 16 44
13 1 4 41
6 1 39 29
9 1 11 14
16 1 30 37
0 1 23 20
38 1 13 45
10 1 48 23
35 1 3 49
28 1 23 20
20 1 49 9
4 1 2 19
28 1 23 44
43 1 38 28
8 1 38 32
44 1 32 26
2 1 14 29
40 1 18 21
18 1 45 44
11 1 8 22
17 1 30 1
17 1 23 29
13 1 6 48
12 1 17 19
27 1 38 50
22 1 7 27
47 1 15 34
37 1 41 14
12 1 33 11
48 1 46 4
37 1 31 34
43 1 3 21
26 1 10 2
20 1 38 31
21 1 27 5
15 1 2 20
34 1 50 49
42 1 31 19
23 1 18 37
0 1 31 3
44 1 13 40
7 1 2 26
15 1 36 47
20 1 21 8
50 1 39 11
41 1 30 48
47 1 24 2
6 1 4 19
29 1 27 33
27 1 7 1
30 1 22 30
25 1 29 42
34 1 31 20
13 1 42 16
32 1 29 31
31 1 18 32
40 1 42 12
29 1 4 35
0 1 48 1
12 1 40 37
4 1 44 22
11 1 26 50
49 1 30 12
48 1 46 21
20 1 38 24
21 1 5 31
15 1 42 47
39 1 50 25
3 1 31 6
33 1 37 9
25 1 30 19
37 1 23 2
40 1 15 8
13 1 6 0
25 1 22 18
41 1 3 3
36 1 50 49
7 1 42 49
4 1 48 18
22 1 47 39
21 1 43 45
6 1 45 4
49 1 32 6
24 1 11 37
23 1 17 17
17 1 29 14
3 1 49 20
14 1 4 9
17 1 42 26
39 1 42 5
47 1 2 39
46 1 19 7
35 1 46 18
33 1 27 48
8 1 35 26
30 1 24 9
27 1 10 31
26 1 35 41
32 1 35 50
46 1 37 13
39 1 18 16
33 1 32 27
2 1 9 34
30 1 37 14
20 1 26 9
13 1 45 24
27 1 45 8
45 1 45 1
28 1 37 34
29 1 44 41
33 1 15 11
35 1 31 6
31 1 20 50
23 1 30 39
33 1 8 4
14 1 28 46
37 1 30 45
20 1 12 12
3 1 37 37
22 1 30 10
43 1 31 46
31 1 32 2
23 1 3 3
19 1 39 30
20 1 7 17
39 1 36 6
40 1 43 1
6 1 41 24
50 1 24 12
27 1 31 18
10 1 42 14
16 1 29 10
8 1 40 25
10 1 47 8
28 1 37 29
45 1 43 8
2 1 7 32
43 1 15 9
5 1 10 27
12 1 38 17
25 1 23 13
4 1 23 39
5 1 20 16
4 1 29 23
40 1 24 47
41 1 19 17
17 1 21 4
29 1 16 23
46 1 46 31
45 1 30 12
35 1 4 3
23 1 8 17
40 1 31 46
38 1 38 17
4 1 41 1
45 1 46 31
2 1 25 23
17 1 18 20
5 1 38 43
11 1 26 43
14 1 29 37
25 1 48 47
28 1 18 14
4 1 29 14
13 1 43 44
9 1 37 25
7 1 22 2
48 1 29 3
2 1 15 29
24 1 28 4
42 1 40 14
42 1 23 20
38 1 8 14
15 1 16 45
27 1 22 46
33 1 0 30
4 1 18 36
6 1 29 39
34 1 27 41
24 1 6 46
0 1 5 8
33 1 33 27
33 1 37 1
5 1 2 21
18 1 20 8
17 1 6 3
34 1 28 19
18 1 9 11
14 1 13 22
27 1 12 24
13 1 29 5
18 1 16 4
29 1 50 15
25 1 0 28
28 1 35 42
5 1 19 33
2 1 8 15
28 1 48 49
7 1 40 12
29 1 46 12
3 1 4 2
23 1 36 35
5 1 4 48
36 1 29 22
11 1 44 26
0 1 32 35
28 1 24 32
6 1 39 4
35 1 1 26
24 1 5 38
7 1 6 47
17 1 0 46
6 1 28 36
36 1 12 16
25 1 16 27
28 1 1 37
1 1 33 17
41 1 40 9
20 1 12 49
50 1 40 48
49 1 27 41
4 1 4 43
16 1 11 10
48 1 44 33
40 1 30 0
9 1 49 21
16 1 10 12
27 1 21 4
4 1 44 5
47 1 16 33
24 1 46 46
11 1 3 41
30 1 37 18
42 1 39 48
41 1 22 25
29 1 27 4
30 1 4 12
13 1 0 41
29 1 50 31
43 1 14 20
22 1 12 25
5 1 32 30
46 1 30 33
34 1 2 33
15 1 49 33
40 1 39 35
21 1 5 24
19 1 2 2
1 1 0 31
27 1 16 16
50 1 31 42
44 1 26 44
4 1 20 12
45 1 43 36
41 1 15 18
4 1 49 15
42 1 35 34
24 1 42 6
4 1 48 8
2 1 27 36
10 1 19 37
18 1 12 42
27 1 17 48
31 1 6 6
24 1 24 18
48 1 17 9
7 1 45 40
21 1 14 13
36 1 30 33
19 1 13 21
48 1 28 43
49 1 50 0
10 1 6 46
0 1 17 33
14 1 2 47
29 1 17 1
26 1 32 11
15 1 8 38
24 1 11 2
41 1 9 9
28 1 28 27
13 1 16 27
30 1 18 26
7 1 11 44
18 1 13 1
50 1 33 40
38 1 1 38
31 1 49 50
20 1 31 41
34 1 1 40
1 1 44 25
22 1 0 7
43 1 9 19
40 1 8 5
1 1 15 25
20 1 8 49
9 1 16 1
48 1 5 21
3 1 33 48
22 1 22 2
31 1 43 3
31 1 1 17
12 1 46 6
25 1 18 31
44 1 42 38
8 1 44 23
40 1 15 16
28 1 37 17
31 1 33 0
16 1 49 18
37 1 10 2
17 1 45 22
19 1 50 32
9 1 14 7
2 1 31 39
13 1 8 36
49 1 42 19
40 1 37 48
13 1 48 50
32 1 36 18
13 1 18 10
16 1 34 21
41 1 37 25
24 1 30 35
50 1 5 36
34 1 5 45
32 1 21 26
7 1 44 38
36 1 11 27
31 1 39 14
10 1 46 33
38 1 44 8
4 1 18 1
14 1 25 32
28 1 14 9
7 1 49 24
42 1 45 19
19 1 1 30
9 1 15 13
13 1 31 28
24 1 16 20
11 1 26 33
20 1 39 15
2 1 15 20
3 1 4 30
15 1 17 47
47 1 6 23
25 1 7 26
21 1 9 15
47 1 4 19
28 1 26 42
0 1 14 4
3 1 36 0
20 1 36 29
1 1 23 6
45 1 0 45
9 1 1 34
1 1 41 24
23 1 20 3
38 1 7 14
32 1 11 24
18 1 32 39
32 1 23 11
47 1 42 16
32 1 9 16
49 1 9 4
4 1 8 14
22 1 16 29
24 1 50 39
4 1 2 34
49 1 19 14
48 1 4 28
31 1 50 11
23 1 10 13
30 1 42 7
30 1 38 37
24 1 17 45
10 1 19 3
18 1 24 2
37 1 8 41
4 1 9 38
5 1 22 14
17 1 8 47
17 1 29 12
16 1 26 20
12 1 44 45
12 1 16 36
7 1 16 2
43 1 23 3
43 1 27 0
24 1 29 21
8 1 1 0
45 1 14 14
6 1 26 45
9 1 9 33
43 1 39 1
50 1 47 7
10 1 25 12
46 1 25 33
42 1 38 6
20 1 42 25
47 1 28 35
10 1 39 41
18 1 38 7
40 1 22 3
45 1 12 3
26 1 42 19
40 1 7 33
42 1 9 27
21 1 12 22
35 1 1 3
45 1 11 30
14 1 17 42
19 1 8 27
20 1 38 40
19 1 11 45
12 1 12 2
26 1 39 40
10 1 41 26
39 1 4 44
36 1 31 9
17 1 39 39
18 1 23 31
16 1 19 16
16 1 26 43
29 1 41 25
3 1 9 7
37 1 29 42
5 1 40 21
33 1 28 24
31 1 9 29
39 1 13 32
20 1 6 1
16 1 40 11
45 1 9 49
34 1 36 41
19 1 27 30
1 1 5 44
8 1 31 17
18 1 22 16
44 1 15 43
37 1 13 29
40 1 10 28
36 1 5 9
23 1 37 29
27 1 26 2
47 1 39 38
50 1 41 33
31 1 50 38
46 1 40 36
1 1 35 9
19 1 34 49
10 1 13 33
43 1 38 4
20 1 48 31
49 1 30 16
17 1 48 43
7 1 21 43
2 1 7 9
43 1 11 48
0 1 48 49
45 1 47 45
45 1 26 28
11 1 4 2
31 1 29 3
18 1 40 30
46 1 34 3
26 1 25 42
25 1 26 19
14 1 16 44
20 1 31 28
26 1 21 9
42 1 36 21
20 1 7 49
7 1 43 40
36 1 18 21
18 1 43 33
29 1 34 18
1 1 22 39
33 1 5 22
31 1 3 41
43 1 8 36
27 1 35 32
39 1 49 42
28 1 39 41
42 1 34 42
24 1 29 0
23 1 32 1
31 1 28 20
1 1 11 10
34 1 44 9
35 1 37 34
17 1 32 24
33 1 22 36
22 1 49 30
14 1 34 22
38 1 7 25
32 1 39 17
24 1 15 27
36 1 24 19
6 1 24 28
44 1 5 13
23 1 37 47
4 1 28 29
20 1 21 20
26 1 18 3
46 1 23 41
19 1 9 27
36 1 8 28
22 1 23 42
7 1 26 20
25 1 2 26
41 1 42 6
20 1 28 6
32 1 0 20
9 1 15 47
40 1 21 19
22 1 27 22
27 1 49 27
4 1 38 21
25 1 1 40
9 1 15 22
22 1 14 49
40 1 25 15
1 1 49 6
30 1 44 12
48 1 14 18
49 1 28 12
8 1 22 44
33 1 9 8
39 1 38 7
33 1 28 48
6 1 20 42
27 1 17 24
16 1 31 27
20 1 40 9
47 1 27 40
6 1 24 5
1 1 21 28
29 1 16 35
2 1 25 10
2 1 11 1
33 1 39 4
11 1 16 15
25 1 6 4
12 1 3 0
28 1 17 21
46 1 9 31
32 1 47 25
39 1 3 50
1 1 11 24
33 1 7 11
7 1 32 13
19 1 33 10
12 1 32 33
13 1 6 13
23 1 27 43
38 1 37 9
7 1 38 12
32 1 48 44
45 1 17 8
27 1 7 37
47 1 26 7
3 1 47 38
44 1 26 18
48 1 34 2
2 1 32 0
18 1 37 10
29 1 10 47
17 1 49 48
45 1 31 36
10 1 20 40
2 1 38 6
43 1 30 19
29 1 49 28
40 1 27 23
10 1 12 47
26 1 44 48
48 1 40 1
16 1 36 18
24 1 0 34
14 1 5 39
25 1 4 4
38 1 14 28
50 1 45 31
41 1 35 6
49 1 8 16
19 1 28 48
34 1 9 4
44 1 38 6
10 1 8 12
42 1 39 26
8 1 3 8
37 1 14 12
10 1 20 28
17 1 44 11
2 1 0 45
1 1 48 18
40 1 20 20
17 1 32 44
37 1 47 0
40 1 43 30
30 1 34 39
1 1 21 45
2 1 26 5
22 1 14 16
21 1 45 39
41 1 24 46
1 1 35 23
6 1 37 27
42 1 6 40
45 1 29 39
35 1 29 5
37 1 41 44
41 1 6 25
8 1 10 22
39 1 22 35
22 1 32 0
20 1 45 48
5 1 43 20
46 1 33 28
50 1 49 44
32 1 21 0
28 1 11 0
5 1 15 24
18 1 39 31
3 1 22 37
17 1 35 11
41 1 24 38
20 1 8 40
19 1 14 22
24 1 13 25
17 1 2 11
0 1 32 27
33 1 48 11
17 1 41 2
2 1 41 35
17 1 25 23
33 1 4 27
35 1 21 22
49 1 4 25
32 1 45 17
22 1 46 23
29 1 3 21
1 1 25 50
25 1 16 24
47 1 12 47
46 1 34 4
15 1 31 19
43 1 44 27
12 1 13 2
23 1 36 15
28 1 29 42
26 1 5 23
4 1 38 38
50 1 30 43
17 1 26 42
26 1 27 39
1 1 25 17
35 1 50 3
31 1 35 49
43 1 0 37
12 1 19 12
13 1 26 25
40 1 14 18
23 1 29 41
1 1 11 4
42 1 50 22
50 1 43 39
10 1 0 35
41 1 27 50
31 1 32 43
29 1 8 1
25 1 37 15
50 1 12 21
40 1 29 50
27 1 15 30
1 1 7 28
7 1 1 15
18 1 7 29
39 1 23 46
24 1 17 13
36 1 36 45
39 1 41 12
46 1 27 15
15 1 14 4
38 1 1 5
5 1 21 26
7 1 29 34
4 1 7 40
6 1 42 24
26 1 13 35
3 1 26 7
30 1 23 46
43 1 27 3
16 1 23 46
41 1 7 46
42 1 38 19
40 1 40 43
2 1 26 18
25 1 42 42
43 1 12 26
13 1 3 13
18 1 23 2
45 1 38 12
9 1 17 44
10 1 26 15
4 1 33 21
3 1 44 37
33 1 42 47
7 1 30 33
42 1 28 6
22 1 41 40
34 1 39 27
29 1 29 41
43 1 23 22
10 1 10 22
47 1 2 50
45 1 14 37
29 1 26 43
16 1 20 7
48 1 43 18
16 1 32 43
19 1 29 3
35 1 9 7
33 1 36 15
10 1 10 10
22 1 16 40
11 1 14 0
28 1 29 41
29 1 1 45
18 1 34 30
37 1 18 2
5 1 18 48
2 1 7 27
50 1 22 31
32 1 50 31
50 1 42 22
49 1 12 31
31 1 26 23
38 1 2 47
15 1 23 40
10 1 37 3
18 1 27 36
41 1 5 17
25 1 10 9
27 1 16 3
14 1 8 36
27 1 35 49
24 1 7 34
12 1 30 4
18 1 17 17
47 1 0 36
1 1 3 23
7 1 29 42
0 1 8 28
49 1 49 2
35 1 23 39
25 1 17 28
13 1 39 43
18 1 40 1
31 1 43 48
12 1 22 10
40 1 1 48
24 1 37 29
45 1 18 37
29 1 17 0
39 1 26 22
18 1 49 11
1 1 29 3
2 1 49 46
7 1 14 22
11 1 22 1
1 1 4 29
26 1 46 6
50 1 17 24
37 1 35 28
25 1 42 33
43 1 9 44
14 1 14 4
17 1 24 5
9 1 8 31
19 1 16 12
1 1 38 20
16 1 24 34
32 1 21 47
27 1 45 38
42 1 17 40
33 1 30 5
32 1 26 19
27 1 1 24
24 1 15 19
8 1 50 10
37 1 36 20
28 1 42 47
7 1 21 38
4 1 31 40
11 1 11 30
32 1 29 14
49 1 31 24
22 1 23 31
7 1 22 26
36 1 33 24
20 1 31 24
45 1 31 32
47 1 3 6
15 1 13 3
21 1 19 17
10 1 3 49
47 1 45 32
16 1 38 11
39 1 35 25
8 1 23 10
9 1 38 16
37 1 6 15
5 1 44 33
12 1 17 48
30 1 44 32
28 1 11 38
40 1 47 26
1 1 6 1
31 1 35 42
17 1 26 47
33 1 1 0
3 1 48 41
39 1 25 22
45 1 17 34
21 1 47 29
18 1 12 0
9 1 7 45
42 1 33 30
47 1 49 47
19 1 4 47
41 1 7 4
50 1 26 11
3 1 46 44
1 1 18 49
23 1 24 42
30 1 3 2
13 1 21 11
33 1 5 43
3 1 1 30
2 1 32 29
33 1 36 40
49 1 12 36
45 1 3 38
0 1 30 13
14 1 7 0
13 1 2 10
38 1 17 4
26 1 7 29
35 1 12 36
20 1 27 1
11 1 0 19
40 1 35 46
49 1 30 2
45 1 44 34
3 1 23 45
41 1 22 34
28 1 30 23
1 1 20 43
42 1 18 13
38 1 18 35
7 1 39 8
13 1 12 42
38 1 32 21
30 1 14 15
19 1 33 13
21 1 2 3
24 1 35 11
49 1 42 18
36 1 29 17
26 1 12 19
41 1 38 16
35 1 12 35
5 1 14 10
17 1 3 3
2 1 2 31
30 1 10 10
22 1 38 42
27 1 29 37
6 1 42 32
17 1 40 31
39 1 34 41
11 1 43 41
15 1 6 3
11 1 28 12
5 1 26 35
23 1 14 35
27 1 6 24
43 1 4 30
9 1 35 9
27 1 7 22
46 1 29 12
11 1 12 39
10 1 28 3
34 1 38 13
10 1 4 12
25 1 35 15
26 1 35 10
38 1 5 43
3 1 13 42
39 1 50 12
26 1 19 45
31 1 37 27
15 1 45 13
7 1 3 41
11 1 27 45
35 1 26 28
29 1 46 50
24 1 21 23
0 1 46 28
30 1 42 9
0 1 26 9
10 1 37 13
16 1 43 22
34 1 38 29
32 1 25 22
41 1 41 1
23 1 0 14
1 1 10 33
49 1 17 49
44 1 27 44
14 1 17 25
40 1 13 27
11 1 2 41
42 1 38 4
43 1 26 32
37 1 13 18
2 1 31 35
34 1 40 9
21 1 20 40
16 1 13 22
30 1 17 12
2 1 29 27
6 1 38 1
5 1 42 4
32 1 19 39
20 1 45 28
33 1 3 15
14 1 46 14
6 1 47 13
31 1 31 49
46 1 42 4
41 1 25 22
7 1 6 48
31 1 21 33
5 1 10 25
40 1 9 34
44 1 27 10
44 1 1 32
4 1 18 31
12 1 4 47
27 1 1 9
27 1 35 38
24 1 37 50
40 1 28 30
4 1 36 15
15 1 22 33
0 1 47 48
31 1 19 8
48 1 6 28
43 1 6 3
42 1 39 1
12 1 0 43
24 1 4 23
27 1 4 14
9 1 24 23
6 1 1 23
0 1 5 48
40 1 31 12
27 1 24 38
14 1 10 27
37 1 3 23
15 1 28 33
24 1 8 14
3 1 41 46
15 1 0 40
44 1 25 8
42 1 3 22
9 1 40 49
10 1 14 15
14 1 13 18
24 1 38 44
41 1 9 30
2 1 40 8
39 1 2 18
17 1 50 6
11 1 17 26
29 1 22 27
17 1 9 38
12 1 19 3
16 1 34 40
40 1 22 44
8 1 20 6
17 1 35 49
18 1 7 3
17 1 6 28
50 1 26 28
3 1 33 12
16 1 19 13
23 1 5 30
25 1 26 49
34 1 48 50
2 1 9 36
7 1 23 17
23 1 5 12
25 1 22 45
16 1 50 41
45 1 25 6
24 1 1 29
11 1 35 39
48 1 45 8
24 1 45 40
44 1 40 16
2 1 29 14
30 1 37 1
22 1 13 14
34 1 12 43
14 1 46 45
10 1 6 9
43 1 38 21
47 1 30 40
29 1 23 15
4 1 1 3
35 1 4 47
11 1 9 8
1 1 46 12
36 1 6 49
3 1 11 47
20 1 50 28
47 1 1 9
25 1 24 25
47 1 2 28
1 1 30 7
36 1 44 36
4 1 45 44
23 1 7 30
4 1 6 4
49 1 16 15
35 1 5 7
10 1 10 26
5 1 6 6
3 1 27 18
6 1 2 45
28 1 30 24
39 1 3 43
2 1 47 16
16 1 7 32
31 1 40 43
41 1 47 40
18 1 19 1
7 1 40 38
50 1 4 24
50 1 48 47
48 1 41 11
36 1 25 19
44 1 18 12
8 1 16 15
39 1 19 48
47 1 33 42
44 1 7 46
43 1 26 12
43 1 41 13
6 1 5 8
34 1 40 31
30 1 11 0
35 1 17 9
22 1 2 28
0 1 16 48
21 1 44 2
48 1 50 36
46 1 1 23
1 1 31 8
23 1 18 35
14 1 8 21
19 1 10 14
11 1 34 24
40 1 21 24
36 1 31 42
37 1 9 37
0 1 28 5
19 1 30 29
2 1 13 10
16 1 47 44
18 1 18 27
37 1 34 28
21 1 21 22
17 1 15 0
28 1 14 15
47 1 47 18
28 1 49 12
15 1 23 3
28 1 50 36
26 1 12 8
38 1 45 14
8 1 8 27
48 1 35 38
4 1 50 39
21 1 19 22
47 1 1 21
5 1 28 32
45 1 37 17
23 1 22 19
35 1 27 48
34 1 36 37
21 1 48 17
27 1 27 46
23 1 32 17
49 1 47 1
23 1 23 46
7 1 10 21
5 1 7 2
25 1 1 28
11 1 20 26
24 1 40 13
16 1 10 6
2 1 1 9
41 1 16 45
42 1 9 49
2 1 44 2
26 1 44 22
15 1 13 44
4 1 4 47
32 1 8 5
7 1 15 39
14 1 25 3
4 1 15 45
0 1 42 17
16 1 39 13
30 1 10 25
38 1 48 27
33 1 45 25
24 1 36 0
0 1 12 20
19 1 37 30
47 1 46 35
10 1 49 16
16 1 22 30
46 1 13 29
19 1 3 8
42 1 42 22
10 1 21 26
31 1 24 37
47 1 36 9
14 1 39 2
15 1 36 31
1 1 2 12
5 1 41 45
14 1 40 26
29 1 45 1
49 1 33 33
41 1 11 44
17 1 43 33
49 1 28 18
5 1 39 48
24 1 12 49
12 1 45 30
22 1 1 3
1 1 8 37
35 1 50 1
41 1 26 17
37 1 16 5
23 1 9 24
17 1 12 11
16 1 36 47
3 1 13 6
25 1 24 42
40 1 14 29
36 1 31 28
18 1 8 13
18 1 44 20
25 1 7 20
32 1 2 17
4 1 31 12
33 1 39 23
45 1 45 38
18 1 15 28
15 1 43 30
38 1 18 7
14 1 50 19
44 1 34 19
38 1 19 36
25 1 30 12
49 1 47 27
26 1 10 24
33 1 50 38
40 1 23 20
19 1 2 31
9 1 11 38
47 1 49 5
35 1 44 33
30 1 18 33
2 1 32 37
6 1 32 6
30 1 21 31
34 1 37 14
12 1 17 44
8 1 16 42
36 1 11 11
21 1 30 43
19 1 15 7
2 1 34 20
41 1 29 25
25 1 25 50
39 1 27 49
41 1 5 27
29 1 26 10
6 1 29 2
7 1 1 36
30 1 29 22
36 1 23 18
11 1 26 23
18 1 18 21
25 1 44 40
34 1 23 11
19 1 44 5
5 1 14 39
9 1 24 19
14 1 15 34
25 1 42 10
20 1 40 37
24 1 30 40
17 1 21 5
17 1 12 38
32 1 7 36
41 1 36 34
39 1 35 44
50 1 16 6
37 1 20 20
0 1 6 11
44 1 21 3
48 1 2 21
36 1 22 37
39 1 19 10
50 1 19 30
49 1 43 41
7 1 45 43
12 1 9 32
12 1 8 15
0 1 5 15
44 1 48 48
27 1 11 0
13 1 18 2
48 1 46 30
17 1 42 13
34 1 34 49
32 1 36 28
15 1 34 4
34 1 29 22
18 1 22 14
26 1 9 43
41 1 10 22
20 1 1 39
11 1 22 49
35 1 21 18
50 1 50 21
40 1 28 36
5 1 36 6
30 1 16 47
7 1 32 35
27 1 47 46
42 1 41 33
48 1 24 16
44 1 4 38
1 1 42 5
20 1 17 16
39 1 24 23
36 1 45 12
6 1 5 41
47 1 10 37
18 1 19 37
41 1 29 42
9 1 12 11
8 1 11 31
44 1 45 36
5 1 44 34
35 1 48 22
2 1 39 3
25 1 44 48
46 1 35 16
31 1 40 32
20 1 33 40
28 1 15 35
48 1 26 10
37 1 38 15
43 1 11 28
29 1 33 28
46 1 36 28
31 1 36 44
19 1 24 14
17 1 45 0
48 1 4 24
33 1 34 36
33 1 36 9
29 1 15 30
22 1 46 21
6 1 3 11
4 1 11 9
7 1 14 37
7 1 8 3
4 1 45 34
12 1 5 31
24 1 38 13
33 1 12 27
50 1 2 21
13 1 35 35
25 1 29 39
33 1 38 22
9 1 23 33
8 1 43 20
29 1 3 43
15 1 16 11
10 1 20 50
4 1 23 42
29 1 38 17
47 1 31 21
15 1 26 8
24 1 41 44
47 1 44 10
15 1 16 3
30 1 17 44
11 1 31 22
31 1 40 46
48 1 32 1
31 1 2 24
17 1 22 40
8 1 28 2
31 1 22 35
20 1 24 46
40 1 23 38
4 1 40 49
2 1 49 9
36 1 21 40
5 1 31 48
6 1 7 42
16 1 39 47
16 1 46 11
46 1 4 26
46 1 29 15
14 1 44 14
27 1 18 17
27 1 30 3
32 1 8 13
0 1 22 23
36 1 43 34
38 1 1 25
4 1 9 40
41 1 45 40
21 1 32 18
19 1 10 40
47 1 3 44
1 1 18 38
20 1 40 42
28 1 36 49
32 1 19 25
26 1 23 30
12 1 1 43
8 1 34 12
30 1 33 18
18 1 2 33
15 1 0 30
35 1 13 25
11 1 11 25
39 1 33 50
18 1 33 5
13 1 7 40
14 1 29 3
31 1 25 38
3 1 32 21
39 1 26 49
44 1 32 15
21 1 16 8
10 1 5 15
44 1 9 30
11 1 42 2
2 1 37 31
49 1 14 25
42 1 49 48
18 1 38 40
8 1 4 40
1 1 10 5
19 1 19 41
9 1 36 50
37 1 25 14
42 1 26 8
8 1 16 1
42 1 19 39
38 1 41 27
15 1 27 44
35 1 33 31
7 1 33 40
29 1 15 4
37 1 6 5
37 1 47 43
44 1 41 48
21 1 13 6
17 1 8 27
14 1 34 41
13 1 0 16
6 1 0 39
12 1 11 31
24 1 7 16
24 1 6 44
35 1 19 29
18 1 20 44
28 1 29 50
38 1 29 28
16 1 33 19
37 1 13 46
29 1 27 7
42 1 43 34
31 1 5 41
18 1 34 6
37 1 40 31
21 1 20 47
27 1 0 42
28 1 18 42
38 1 37 0
14 1 37 17
29 1 19 18
24 1 1 18
12 1 0 4
46 1 26 36
11 1 0 49
36 1 42 35
28 1 30 15
31 1 19 12
12 1 4 1
21 1 18 29
16 1 16 2
