100
18 1 0 13
6 1 16 22
17 1 50 37
12 1 24 43
21 1 45 5
1 1 37 18
10 1 39 28
12 1 38 5
23 1 1 13
6 1 40 36
16 1 0 15
28 1 2 13
35 1 19 16
0 1 11 39
24 1 31 36
13 1 2 16
25 1 2 14
17 1 47 46
19 1 2 9
37 1 11 39
1 1 3 13
38 1 6 43
33 1 29 27
12 1 39 46
29 1 2 12
26 1 3 14
3 1 2 14
11 1 5 2
33 1 28 27
41 1 6 19
27 1 3 13
22 1 0 13
32 1 19 30
8 1 1 16
33 1 0 12
30 1 3 12
5 1 40 9
36 1 10 24
20 1 40 20
9 1 0 16
35 1 4 36
4 1 40 38
34 1 0 11
7 1 0 16
2 1 2 13
46 1 23 27
14 1 1 16
10 1 0 15
2 1 36 13
6 1 5 40
22 1 32 31
30 1 1 34
5 1 0 14
49 1 42 33
24 1 1 14
4 1 1 14
19 1 0 12
21 1 0 12
17 1 13 40
20 1 0 11
47 1 36 14
43 1 12 4
44 1 33 49
44 1 34 28
34 1 36 38
39 1 29 5
15 1 1 15
7 1 36 24
29 1 18 21
41 1 8 35
32 1 1 12
12 1 2 15
42 1 24 21
15 1 16 25
7 1 38 0
14 1 15 36
30 1 28 44
34 1 20 47
36 1 25 14
47 1 35 49
45 1 0 41
14 1 20 8
24 1 12 28
0 1 47 33
35 1 1 11
18 1 3 22
31 1 2 12
32 1 16 33
19 1 35 32
0 1 37 28
9 1 17 39
39 1 33 14
6 1 0 15
17 1 0 14
29 1 20 10
43 1 7 18
16 1 2 21
11 1 1 15
9 1 23 32
19 1 46 48
