100
17 1 8 42
25 1 27 28
16 1 25 1
14 1 24 40
6 1 42 6
7 1 11 4
19 1 1 38
0 1 48 1
46 1 7 25
23 1 32 0
40 1 4 33
24 1 26 30
20 1 28 0
14 1 46 48
31 1 4 5
12 1 22 0
28 1 28 0
18 1 50 10
15 1 24 1
35 1 21 44
4 1 22 4
48 1 21 32
41 1 24 17
44 1 42 3
13 1 23 0
47 1 17 25
5 1 22 3
28 1 28 31
10 1 22 2
40 1 16 19
37 1 32 45
27 1 50 7
12 1 3 1
24 1 21 25
1 1 24 42
32 1 22 28
48 1 4 28
25 1 6 23
7 1 24 3
38 1 30 2
7 1 46 6
29 1 27 0
35 1 37 47
2 1 22 2
0 1 43 24
10 1 37 45
10 1 15 25
1 1 45 31
28 1 1 41
3 1 24 39
9 1 34 0
26 1 5 46
19 1 20 47
7 1 23 33
6 1 13 20
37 1 33 33
17 1 44 42
40 1 37 41
24 1 32 5
26 1 30 0
6 1 49 24
46 1 8 21
28 1 49 0
21 1 13 26
40 1 8 1
49 1 19 8
13 1 37 9
43 1 22 28
41 1 14 6
8 1 6 2
50 1 35 3
26 1 46 40
44 1 50 31
9 1 37 24
26 1 18 43
6 1 11 47
31 1 44 43
49 1 38 20
31 1 16 8
7 1 10 0
31 1 31 40
20 1 13 11
46 1 8 15
18 1 27 1
23 1 28 29
44 1 16 19
6 1 11 46
22 1 11 12
6 1 49 41
9 1 22 3
30 1 36 44
16 1 42 8
38 1 16 3
34 1 41 38
24 1 28 0
22 1 27 1
37 1 39 14
25 1 12 5
2 1 0 12
31 1 35 28
