2000
28 1 1 4
10 1 7 41
17 1 12 39
23 1 42 20
40 1 16 4
12 1 43 21
31 1 43 5
31 1 48 17
37 1 2 42
14 1 4 40
3 1 8 50
32 1 22 12
48 1 30 33
30 1 39 23
32 1 25 2
25 1 34 49
15 1 29 9
7 1 2 17
23 1 28 9
24 1 19 42
5 1 14 7
4 1 15 28
27 1 44 38
42 1 38 2
21 1 21 47
9 1 40 37
21 1 10 49
19 1 10 49
17 1 18 2
19 1 3 50
1 1 7 6
0 1 44 14
13 1 37 46
28 1 45 3
23 1 24 28
4 1 5 27
9 1 3 38
17 1 25 0
26 1 6 43
8 1 31 41
5 1 6 16
30 1 13 30
26 1 41 31
38 1 33 1
36 1 32 43
33 1 2 12
5 1 25 36
49 1 25 28
39 1 32 48
17 1 9 50
7 1 14 21
25 1 12 2
10 1 14 24
21 1 38 7
8 1 20 43
47 1 19 30
0 1 8 45
38 1 9 44
27 1 11 29
0 1 12 27
9 1 36 20
26 1 22 34
19 1 24 35
1 1 36 13
13 1 37 48
20 1 25 26
49 1 15 20
36 1 50 26
34 1 38 47
50 1 19 34
42 1 47 30
11 1 43 8
7 1 27 4
33 1 29 5
50 1 30 48
41 1 37 29
31 1 8 30
2 1 33 40
5 1 22 36
42 1 30 31
15 1 12 34
39 1 21 40
38 1 0 17
31 1 39 48
41 1 0 45
18 1 18 21
26 1 31 41
0 1 46 36
1 1 24 9
28 1 25 19
37 1 43 41
12 1 9 47
35 1 2 25
39 1 20 47
17 1 11 31
21 1 23 33
28 1 9 49
49 1 43 9
23 1 45 47
13 1 16 28
28 1 28 46
27 1 7 24
28 1 14 31
39 1 0 18
39 1 24 0
7 1 19 31
43 1 28 16
10 1 40 10
46 1 1 3
30 1 30 40
49 1 17 18
46 1 41 46
43 1 26 22
35 1 21 40
48 1 35 40
50 1 49 4
41 1 11 35
28 1 21 44
17 1 16 32
26 1 26 22
44 1 50 40
25 1 13 27
50 1 4 15
15 1 8 49
40 1 5 14
29 1 42 2
27 1 33 42
34 1 30 49
13 1 18 37
46 1 34 14
35 1 24 41
26 1 30 0
15 1 5 3
23 1 18 26
44 1 0 41
42 1 36 21
9 1 3 10
16 1 2 37
37 1 41 50
34 1 3 45
36 1 45 21
50 1 28 44
16 1 13 40
29 1 21 13
42 1 7 45
8 1 8 50
36 1 48 42
50 1 21 31
8 1 19 7
42 1 16 10
36 1 48 49
23 1 11 9
29 1 35 25
12 1 49 3
4 1 8 8
44 1 12 28
17 1 14 50
23 1 19 11
45 1 15 10
35 1 46 7
38 1 50 34
39 1 50 1
21 1 34 6
3 1 30 43
38 1 30 49
2 1 5 43
39 1 35 27
25 1 42 8
31 1 49 38
31 1 33 33
45 1 38 38
1 1 33 40
7 1 48 26
25 1 21 3
2 1 47 20
36 1 6 0
42 1 9 36
12 1 23 14
36 1 8 43
7 1 46 36
16 1 31 17
18 1 25 27
48 1 42 29
23 1 50 39
50 1 40 49
36 1 40 38
47 1 47 25
17 1 6 21
25 1 48 18
3 1 28 18
23 1 45 49
42 1 41 2
11 1 5 11
48 1 3 9
31 1 28 37
24 1 23 32
32 1 8 23
21 1 36 15
27 1 22 27
38 1 33 12
42 1 35 0
5 1 37 21
7 1 26 20
37 1 19 25
35 1 19 14
3 1 43 32
15 1 31 13
27 1 15 13
18 1 41 27
45 1 22 32
29 1 44 11
46 1 4 14
36 1 19 18
47 1 44 22
22 1 42 2
28 1 4 49
9 1 39 48
10 1 24 45
3 1 6 48
43 1 41 45
43 1 5 16
36 1 15 17
19 1 25 31
12 1 26 8
28 1 3 11
12 1 15 29
38 1 17 30
24 1 26 48
37 1 46 17
29 1 8 49
16 1 9 18
43 1 32 17
3 1 30 3
36 1 24 26
24 1 39 11
39 1 15 12
43 1 43 50
21 1 21 49
4 1 45 35
47 1 22 36
24 1 2 38
23 1 43 1
11 1 33 32
6 1 12 42
1 1 25 25
5 1 28 29
0 1 32 45
14 1 37 28
45 1 15 31
18 1 49 20
18 1 14 10
2 1 41 33
20 1 21 1
26 1 44 8
24 1 41 10
37 1 46 43
24 1 40 9
29 1 48 14
19 1 35 11
39 1 32 4
41 1 9 7
35 1 44 47
45 1 24 50
26 1 35 10
26 1 7 16
37 1 2 39
8 1 6 16
3 1 7 29
47 1 32 31
0 1 6 14
12 1 36 27
13 1 0 42
3 1 3 18
18 1 50 48
16 1 34 43
50 1 0 12
11 1 11 18
47 1 36 49
40 1 15 39
38 1 10 42
50 1 8 4
44 1 42 34
9 1 8 49
37 1 0 29
48 1 43 36
14 1 40 15
3 1 5 50
40 1 20 49
21 1 18 49
47 1 32 47
44 1 45 2
23 1 45 0
9 1 10 43
11 1 21 9
14 1 28 24
18 1 7 47
22 1 6 20
17 1 38 38
13 1 9 50
23 1 48 12
29 1 4 46
35 1 18 39
36 1 30 45
45 1 44 40
36 1 26 43
6 1 23 4
18 1 44 2
0 1 16 48
39 1 38 4
18 1 7 9
16 1 31 4
27 1 23 15
22 1 26 15
25 1 49 48
13 1 19 46
30 1 24 31
44 1 26 49
4 1 37 21
14 1 44 43
49 1 3 5
18 1 22 42
4 1 34 36
30 1 29 23
29 1 48 47
48 1 10 34
6 1 29 16
48 1 18 36
49 1 37 35
41 1 32 34
26 1 47 15
27 1 47 9
3 1 25 40
22 1 2 6
24 1 30 20
42 1 4 21
43 1 34 36
0 1 40 47
26 1 50 20
35 1 44 14
31 1 34 26
30 1 14 35
38 1 35 11
22 1 35 34
15 1 1 23
12 1 11 18
44 1 1 16
20 1 46 45
26 1 38 14
43 1 15 30
12 1 43 41
16 1 15 25
36 1 41 28
44 1 47 6
49 1 39 33
3 1 16 4
11 1 30 14
46 1 4 45
22 1 29 47
49 1 32 35
39 1 36 4
36 1 9 27
23 1 32 8
11 1 33 50
36 1 41 41
13 1 45 4
48 1 36 23
3 1 50 24
27 1 42 4
33 1 23 10
41 1 6 40
38 1 15 20
13 1 22 30
2 1 7 11
34 1 10 27
43 1 28 0
35 1 31 2
18 1 16 45
19 1 15 12
16 1 42 27
33 1 33 44
10 1 38 3
26 1 17 21
2 1 31 48
19 1 14 37
15 1 22 25
17 1 3 11
10 1 18 25
24 1 24 15
21 1 20 48
39 1 38 20
1 1 3 50
32 1 8 19
17 1 45 34
32 1 39 1
47 1 35 14
39 1 37 35
10 1 15 45
31 1 43 48
36 1 33 15
46 1 8 10
45 1 22 6
26 1 35 32
0 1 31 3
7 1 31 42
25 1 10 49
31 1 38 34
46 1 50 48
4 1 10 0
6 1 40 19
49 1 2 15
5 1 41 23
1 1 47 37
34 1 15 1
29 1 6 34
0 1 23 10
48 1 0 32
40 1 9 11
43 1 19 38
22 1 22 33
21 1 16 18
33 1 20 45
33 1 15 17
21 1 14 13
15 1 2 30
19 1 42 1
29 1 48 41
12 1 18 4
23 1 50 4
22 1 1 32
4 1 2 11
24 1 47 39
25 1 49 21
27 1 41 0
12 1 6 29
38 1 4 42
50 1 46 17
34 1 37 21
44 1 44 34
2 1 4 50
9 1 37 41
29 1 10 4
47 1 28 47
2 1 29 13
31 1 23 9
19 1 12 27
49 1 22 42
22 1 41 15
48 1 41 46
32 1 31 5
25 1 49 46
33 1 35 0
18 1 19 49
0 1 47 36
46 1 31 34
38 1 8 25
16 1 39 25
1 1 18 15
35 1 45 21
34 1 31 5
41 1 50 21
42 1 0 31
43 1 35 11
15 1 13 47
13 1 47 30
37 1 6 19
39 1 48 20
41 1 21 21
11 1 32 34
25 1 26 13
19 1 45 9
26 1 17 28
26 1 5 32
50 1 45 14
16 1 13 0
37 1 23 2
5 1 2 30
13 1 16 35
5 1 46 37
46 1 26 16
44 1 29 19
40 1 48 3
46 1 5 38
45 1 20 5
27 1 15 36
12 1 46 20
37 1 14 12
1 1 8 10
26 1 29 21
17 1 1 46
16 1 8 50
35 1 6 45
49 1 3 19
6 1 19 25
17 1 39 10
10 1 4 47
41 1 13 22
26 1 40 46
15 1 8 8
1 1 39 17
6 1 21 4
36 1 39 40
13 1 5 22
8 1 5 42
1 1 34 1
24 1 33 22
45 1 0 46
44 1 42 46
27 1 19 4
1 1 39 15
6 1 19 32
13 1 12 46
49 1 38 30
29 1 11 2
21 1 34 46
17 1 20 40
1 1 33 37
22 1 10 50
15 1 42 49
2 1 48 13
32 1 29 25
11 1 6 50
31 1 32 22
3 1 40 19
8 1 49 1
50 1 48 24
43 1 12 43
27 1 13 2
33 1 46 40
5 1 7 14
27 1 11 9
6 1 17 15
47 1 34 17
11 1 1 25
11 1 49 29
25 1 22 44
33 1 1 3
39 1 18 38
6 1 14 29
29 1 0 16
31 1 28 7
43 1 34 13
7 1 34 29
21 1 8 36
34 1 44 2
31 1 44 48
26 1 20 5
32 1 41 16
44 1 8 21
8 1 18 40
9 1 36 19
16 1 13 50
11 1 21 50
29 1 36 44
32 1 4 40
23 1 4 30
38 1 43 11
27 1 34 43
14 1 2 11
43 1 33 29
12 1 8 32
48 1 16 37
26 1 36 16
19 1 4 1
32 1 37 10
37 1 48 33
37 1 28 22
31 1 4 35
8 1 39 27
36 1 10 23
33 1 14 32
32 1 31 32
15 1 36 1
2 1 24 27
47 1 17 28
5 1 13 45
33 1 28 32
20 1 43 42
13 1 13 45
41 1 6 5
4 1 1 3
24 1 1 17
4 1 14 41
38 1 46 18
48 1 14 26
42 1 28 47
46 1 40 21
43 1 46 9
2 1 33 34
46 1 5 26
4 1 29 35
10 1 6 22
48 1 47 34
14 1 5 45
40 1 7 14
6 1 48 1
41 1 45 47
18 1 11 5
25 1 24 10
49 1 39 42
50 1 15 49
48 1 1 30
21 1 1 20
0 1 33 36
0 1 44 27
43 1 5 6
50 1 1 40
45 1 34 33
41 1 15 16
40 1 3 13
2 1 48 3
19 1 36 7
18 1 23 10
27 1 33 17
41 1 42 43
7 1 42 22
26 1 25 32
48 1 38 7
38 1 34 14
9 1 35 7
28 1 48 46
46 1 19 0
23 1 2 49
41 1 0 21
38 1 23 28
40 1 28 23
40 1 23 13
15 1 18 8
43 1 31 26
38 1 18 35
30 1 38 15
41 1 39 5
45 1 27 4
41 1 27 15
30 1 48 34
12 1 47 41
18 1 41 6
43 1 11 2
1 1 44 49
34 1 3 47
44 1 4 48
16 1 46 19
2 1 11 5
15 1 6 24
12 1 35 3
40 1 9 32
3 1 43 17
7 1 43 39
6 1 21 38
14 1 11 35
43 1 17 49
38 1 47 41
2 1 12 33
21 1 13 4
50 1 10 15
40 1 35 46
25 1 7 27
16 1 35 22
13 1 17 28
20 1 26 21
42 1 15 40
43 1 34 25
18 1 6 37
8 1 49 2
48 1 44 48
25 1 26 11
10 1 10 24
37 1 19 17
13 1 25 36
30 1 8 29
22 1 17 22
45 1 40 11
46 1 25 37
31 1 30 28
0 1 48 27
37 1 4 45
34 1 33 34
45 1 44 27
20 1 22 33
15 1 42 1
41 1 20 12
31 1 19 25
10 1 31 26
45 1 2 41
11 1 18 6
17 1 28 16
45 1 32 0
32 1 36 26
28 1 2 35
10 1 48 18
47 1 35 22
47 1 31 19
26 1 50 4
39 1 37 21
45 1 36 49
5 1 7 50
5 1 2 49
23 1 29 5
37 1 18 20
46 1 29 31
21 1 29 46
35 1 16 25
39 1 28 9
15 1 22 11
22 1 35 20
41 1 31 31
43 1 23 0
14 1 48 3
38 1 10 36
36 1 10 2
28 1 12 36
40 1 21 14
32 1 42 27
19 1 31 21
15 1 15 30
47 1 3 27
28 1 26 5
17 1 38 13
27 1 47 17
14 1 19 29
44 1 37 6
43 1 5 30
2 1 22 17
9 1 1 32
43 1 41 46
50 1 34 20
0 1 3 27
21 1 6 10
22 1 6 37
46 1 11 37
12 1 50 23
39 1 30 4
8 1 12 49
48 1 24 11
2 1 5 7
37 1 36 5
0 1 14 34
2 1 33 20
17 1 43 44
41 1 26 45
24 1 34 32
35 1 47 39
4 1 6 5
1 1 2 12
30 1 19 2
25 1 42 38
27 1 46 15
6 1 2 49
26 1 32 10
21 1 30 36
0 1 14 19
34 1 50 47
46 1 34 27
17 1 12 8
47 1 40 5
43 1 22 49
33 1 42 43
33 1 18 18
40 1 42 32
35 1 33 0
11 1 12 26
26 1 23 2
4 1 48 25
42 1 28 17
0 1 1 6
6 1 1 21
17 1 45 11
42 1 17 47
29 1 7 4
40 1 20 46
45 1 35 21
43 1 13 32
11 1 23 49
22 1 45 36
28 1 40 12
41 1 46 44
40 1 10 20
5 1 50 10
26 1 2 16
40 1 14 30
27 1 13 24
43 1 42 43
27 1 49 6
21 1 30 25
18 1 24 20
46 1 19 31
43 1 1 14
9 1 2 16
19 1 4 23
3 1 7 41
29 1 8 23
2 1 7 46
42 1 24 20
7 1 27 1
7 1 18 30
1 1 32 40
20 1 35 0
12 1 42 45
22 1 7 16
28 1 41 3
7 1 5 23
23 1 47 36
5 1 9 15
33 1 32 43
44 1 2 43
22 1 35 39
46 1 47 29
14 1 3 20
16 1 28 8
10 1 42 38
13 1 48 4
30 1 45 8
25 1 18 22
2 1 33 43
18 1 23 29
24 1 49 1
34 1 45 8
33 1 20 14
24 1 31 6
42 1 43 7
18 1 43 30
24 1 6 9
30 1 38 44
38 1 21 34
18 1 18 31
32 1 38 49
36 1 49 44
5 1 24 6
30 1 5 26
14 1 8 30
45 1 45 4
36 1 21 6
8 1 36 10
3 1 2 10
4 1 6 50
1 1 46 9
36 1 7 30
4 1 0 45
16 1 1 19
25 1 48 49
41 1 27 41
8 1 14 15
43 1 45 7
49 1 22 46
9 1 34 0
5 1 14 27
50 1 17 2
50 1 31 23
33 1 50 5
2 1 18 5
9 1 4 18
11 1 21 5
24 1 1 45
49 1 2 24
35 1 26 41
19 1 9 49
16 1 28 46
3 1 20 28
46 1 39 32
5 1 20 3
36 1 8 21
1 1 1 30
26 1 48 46
48 1 48 28
0 1 8 43
22 1 36 9
16 1 30 17
6 1 22 42
38 1 14 39
7 1 32 3
15 1 45 32
39 1 31 27
6 1 41 25
50 1 17 5
36 1 27 49
34 1 39 16
5 1 44 39
26 1 49 13
28 1 34 16
14 1 21 15
21 1 34 34
40 1 40 24
50 1 40 22
25 1 13 41
29 1 1 41
12 1 25 34
34 1 49 10
50 1 45 31
19 1 15 19
33 1 46 7
43 1 48 33
21 1 7 22
2 1 30 29
25 1 42 42
4 1 31 11
46 1 37 43
18 1 28 29
25 1 25 16
19 1 7 18
18 1 0 38
33 1 30 0
15 1 15 4
31 1 2 8
22 1 26 27
38 1 19 19
23 1 13 21
29 1 42 1
16 1 29 23
45 1 17 36
1 1 20 30
26 1 10 50
10 1 12 16
41 1 15 4
25 1 9 36
24 1 15 19
9 1 40 16
40 1 19 8
21 1 8 31
16 1 4 17
48 1 46 24
39 1 50 6
33 1 42 50
42 1 7 3
6 1 32 1
7 1 7 48
48 1 26 43
48 1 14 1
44 1 37 18
44 1 22 32
11 1 43 35
10 1 31 49
45 1 11 21
39 1 30 1
25 1 6 34
14 1 13 23
12 1 29 6
49 1 23 8
37 1 31 20
21 1 42 12
37 1 20 27
8 1 47 28
15 1 18 38
48 1 7 34
26 1 21 32
33 1 37 46
21 1 43 46
0 1 2 42
16 1 0 19
25 1 15 32
34 1 25 12
39 1 43 4
41 1 16 42
19 1 50 24
49 1 30 40
36 1 4 33
12 1 34 24
12 1 0 31
27 1 16 39
34 1 8 45
30 1 41 22
47 1 31 5
26 1 3 11
45 1 19 3
19 1 21 40
26 1 48 37
47 1 49 43
20 1 40 37
10 1 9 2
20 1 18 29
18 1 24 24
21 1 17 48
41 1 47 47
39 1 16 34
45 1 15 28
3 1 34 2
22 1 46 41
19 1 10 34
46 1 9 16
25 1 41 47
43 1 4 21
15 1 37 43
47 1 38 43
49 1 38 42
49 1 47 48
10 1 40 23
46 1 2 32
24 1 25 0
18 1 26 0
41 1 1 36
33 1 10 47
26 1 35 36
30 1 4 9
31 1 26 9
36 1 25 37
12 1 49 33
48 1 50 36
17 1 12 15
3 1 48 41
39 1 15 43
2 1 34 46
3 1 12 27
7 1 26 41
3 1 41 30
19 1 33 28
42 1 41 47
49 1 5 23
11 1 40 19
10 1 8 50
6 1 8 50
22 1 13 19
38 1 22 1
39 1 18 17
22 1 47 8
26 1 9 49
33 1 48 16
0 1 32 21
3 1 23 37
31 1 6 9
18 1 42 23
11 1 27 20
2 1 18 15
36 1 47 23
30 1 16 9
27 1 15 50
37 1 2 7
25 1 11 15
11 1 17 22
16 1 37 11
16 1 15 41
48 1 39 19
3 1 10 24
20 1 11 32
8 1 47 13
1 1 41 25
18 1 10 50
0 1 7 7
33 1 3 49
10 1 46 23
42 1 44 17
15 1 16 36
14 1 22 49
33 1 0 46
21 1 28 5
29 1 10 2
17 1 11 30
49 1 28 31
42 1 40 19
44 1 47 2
23 1 48 24
7 1 39 10
23 1 45 5
47 1 35 26
2 1 0 17
26 1 46 43
20 1 7 33
33 1 4 2
40 1 29 13
38 1 14 9
11 1 9 50
22 1 28 30
44 1 42 11
3 1 15 22
1 1 31 13
33 1 37 25
4 1 47 46
49 1 8 18
4 1 16 44
46 1 37 26
50 1 39 37
1 1 46 21
15 1 11 12
21 1 12 49
44 1 27 0
10 1 38 8
2 1 49 48
13 1 22 27
6 1 35 48
1 1 8 5
49 1 22 31
44 1 41 47
49 1 36 33
31 1 16 10
37 1 19 34
46 1 28 14
0 1 32 37
10 1 32 45
22 1 26 24
46 1 26 34
9 1 14 49
16 1 27 16
33 1 36 18
50 1 38 38
33 1 15 39
22 1 50 48
17 1 1 40
4 1 32 26
5 1 47 30
26 1 37 48
19 1 44 19
8 1 35 5
32 1 22 9
2 1 41 30
35 1 3 15
0 1 17 20
36 1 11 12
40 1 44 6
9 1 25 35
45 1 47 42
50 1 33 15
45 1 38 18
15 1 48 10
10 1 48 11
22 1 30 1
25 1 29 7
8 1 41 45
44 1 23 9
48 1 26 49
43 1 14 25
9 1 6 50
35 1 47 19
20 1 10 50
3 1 24 16
10 1 42 11
45 1 7 27
18 1 1 46
3 1 22 7
37 1 8 14
18 1 5 19
20 1 6 41
9 1 42 2
42 1 33 11
21 1 23 37
34 1 39 11
16 1 30 40
18 1 25 47
44 1 30 45
28 1 14 40
38 1 48 14
4 1 10 23
1 1 19 3
14 1 25 35
2 1 31 9
15 1 6 34
6 1 21 32
49 1 22 25
29 1 3 45
48 1 36 44
47 1 6 43
36 1 11 37
48 1 36 6
10 1 29 39
1 1 19 39
42 1 34 14
7 1 5 5
36 1 43 13
32 1 4 26
31 1 4 8
22 1 4 34
0 1 2 26
47 1 20 8
17 1 36 36
13 1 0 26
24 1 9 49
19 1 0 43
48 1 31 43
23 1 14 4
33 1 31 37
24 1 47 4
26 1 19 10
11 1 15 39
20 1 48 11
12 1 12 46
44 1 1 20
28 1 3 29
39 1 48 7
23 1 2 47
6 1 22 17
8 1 4 17
36 1 18 46
48 1 24 13
31 1 44 37
15 1 40 1
6 1 5 19
26 1 43 19
50 1 15 2
24 1 41 23
33 1 0 42
0 1 26 31
13 1 22 50
20 1 1 49
4 1 33 9
20 1 29 22
15 1 21 36
14 1 30 50
12 1 19 11
32 1 39 28
3 1 5 44
30 1 21 49
27 1 50 48
12 1 1 49
48 1 49 19
25 1 23 1
13 1 33 41
3 1 11 39
25 1 12 9
40 1 21 10
47 1 47 10
49 1 11 46
23 1 43 18
34 1 19 49
39 1 28 26
44 1 4 47
9 1 11 17
19 1 44 18
34 1 12 2
8 1 43 3
25 1 42 35
9 1 46 8
36 1 35 37
6 1 11 13
0 1 3 10
6 1 38 34
27 1 38 17
27 1 36 46
45 1 38 48
37 1 18 23
45 1 17 47
5 1 40 38
47 1 31 40
3 1 9 5
6 1 20 30
31 1 7 13
38 1 31 2
48 1 36 39
1 1 25 45
17 1 22 49
28 1 26 27
3 1 24 33
27 1 36 40
27 1 18 39
29 1 17 24
22 1 4 2
3 1 49 24
14 1 8 50
14 1 29 21
5 1 5 50
23 1 16 1
24 1 35 45
43 1 34 31
10 1 23 29
37 1 6 40
2 1 3 27
22 1 39 28
43 1 14 50
24 1 24 26
24 1 42 18
45 1 41 13
29 1 32 40
45 1 6 50
39 1 43 43
36 1 5 14
49 1 14 19
5 1 43 35
2 1 12 11
23 1 46 17
29 1 19 39
40 1 25 48
8 1 41 30
46 1 7 5
2 1 5 2
13 1 1 49
15 1 24 31
0 1 41 27
22 1 17 0
37 1 8 10
20 1 4 15
38 1 25 40
40 1 12 27
13 1 33 40
8 1 33 5
25 1 42 43
32 1 47 20
36 1 27 50
1 1 19 30
0 1 19 4
17 1 31 1
41 1 1 0
37 1 35 20
28 1 40 25
47 1 31 21
20 1 9 50
49 1 41 8
1 1 7 25
25 1 45 26
45 1 2 26
14 1 13 31
46 1 11 25
2 1 31 50
21 1 4 37
44 1 33 24
37 1 21 42
14 1 33 35
50 1 49 43
12 1 41 7
7 1 7 47
5 1 37 27
39 1 29 45
49 1 47 17
31 1 47 2
35 1 13 33
23 1 35 13
23 1 22 7
47 1 1 35
28 1 40 5
0 1 7 20
36 1 37 12
27 1 1 24
21 1 5 42
10 1 6 40
26 1 47 1
27 1 14 39
8 1 3 14
17 1 30 46
2 1 10 25
36 1 4 0
10 1 18 31
3 1 26 38
7 1 12 12
12 1 37 15
21 1 19 46
30 1 3 10
11 1 33 45
47 1 38 8
5 1 37 32
5 1 24 31
20 1 29 31
8 1 20 11
36 1 23 33
23 1 17 48
49 1 1 4
22 1 27 48
16 1 9 7
30 1 39 29
32 1 22 6
21 1 48 38
50 1 40 46
0 1 15 20
12 1 31 44
35 1 40 39
5 1 6 26
31 1 26 8
10 1 37 7
24 1 0 50
42 1 26 21
23 1 23 37
20 1 18 11
37 1 21 2
46 1 31 21
8 1 32 9
42 1 24 30
1 1 5 18
31 1 36 14
10 1 31 42
4 1 31 8
0 1 29 47
9 1 28 35
33 1 30 37
22 1 27 9
50 1 7 36
29 1 15 10
19 1 37 25
38 1 22 7
42 1 20 23
21 1 24 27
42 1 1 22
20 1 34 21
18 1 41 35
23 1 10 49
31 1 4 6
6 1 27 47
9 1 29 18
48 1 32 46
44 1 18 19
36 1 36 37
14 1 21 22
42 1 23 44
3 1 38 21
23 1 47 41
35 1 22 19
14 1 2 42
43 1 35 38
22 1 8 14
37 1 45 48
28 1 9 2
25 1 34 3
29 1 0 15
46 1 39 17
15 1 30 23
39 1 35 6
15 1 21 19
42 1 43 22
33 1 39 36
34 1 13 12
9 1 34 13
19 1 0 49
25 1 0 27
25 1 19 40
50 1 34 2
42 1 40 25
32 1 30 17
17 1 50 48
20 1 1 8
8 1 9 43
21 1 20 22
25 1 48 23
43 1 5 40
46 1 10 35
22 1 12 5
17 1 10 13
6 1 42 24
32 1 23 10
29 1 44 23
4 1 10 39
48 1 2 33
17 1 45 0
26 1 27 23
16 1 49 24
18 1 34 9
36 1 22 39
43 1 39 15
17 1 15 3
4 1 10 44
13 1 33 6
8 1 42 23
36 1 37 9
30 1 1 17
26 1 15 10
45 1 16 15
46 1 4 27
33 1 8 2
23 1 48 26
8 1 2 10
23 1 8 20
11 1 33 11
49 1 40 43
46 1 26 50
13 1 40 22
48 1 48 10
24 1 43 16
11 1 29 32
14 1 41 10
12 1 6 20
50 1 26 22
42 1 46 16
8 1 29 2
46 1 14 6
13 1 14 49
13 1 19 9
38 1 22 40
47 1 3 4
18 1 39 44
13 1 42 19
16 1 22 36
16 1 17 37
23 1 6 43
28 1 1 33
39 1 13 14
42 1 12 30
13 1 17 10
42 1 41 15
29 1 36 17
28 1 41 25
23 1 3 43
44 1 30 50
6 1 46 43
1 1 2 22
22 1 17 24
46 1 6 24
13 1 19 2
7 1 12 48
12 1 1 14
18 1 40 18
0 1 43 31
36 1 0 30
45 1 18 4
47 1 41 14
31 1 14 26
5 1 49 14
50 1 1 12
9 1 17 13
2 1 49 49
39 1 47 30
11 1 34 37
2 1 28 16
4 1 49 43
50 1 29 30
17 1 13 25
27 1 10 49
27 1 42 3
7 1 7 8
27 1 28 41
50 1 21 37
16 1 25 43
4 1 13 15
46 1 17 10
17 1 41 32
2 1 43 6
13 1 40 10
39 1 28 36
13 1 19 5
9 1 21 14
18 1 28 30
50 1 1 34
3 1 2 32
42 1 14 5
9 1 42 14
31 1 24 37
20 1 32 32
26 1 1 15
22 1 26 4
22 1 45 40
1 1 9 32
22 1 0 26
8 1 4 46
6 1 8 17
16 1 31 47
43 1 46 28
17 1 8 47
19 1 0 22
23 1 6 26
24 1 48 36
28 1 31 10
5 1 47 6
26 1 2 35
15 1 31 33
2 1 36 4
10 1 32 20
6 1 47 16
9 1 28 13
18 1 7 28
38 1 15 48
36 1 18 49
41 1 10 27
29 1 16 46
26 1 30 18
5 1 1 38
44 1 15 31
24 1 15 29
19 1 7 28
44 1 34 49
4 1 25 29
16 1 10 15
5 1 19 30
1 1 5 23
0 1 17 6
43 1 46 11
16 1 5 6
17 1 13 19
18 1 22 24
7 1 45 3
13 1 7 15
10 1 24 35
47 1 41 37
3 1 25 7
33 1 49 11
35 1 30 23
31 1 31 7
5 1 5 2
36 1 22 45
49 1 35 25
32 1 7 14
7 1 13 36
19 1 14 13
21 1 43 17
43 1 9 31
46 1 5 22
45 1 7 26
15 1 23 46
42 1 42 44
45 1 46 11
25 1 40 23
38 1 19 16
32 1 28 44
30 1 25 50
21 1 40 50
27 1 31 16
21 1 15 41
10 1 8 45
8 1 23 41
10 1 37 47
21 1 38 30
4 1 14 2
1 1 20 28
36 1 50 12
13 1 35 49
36 1 17 16
31 1 26 15
8 1 17 19
10 1 17 33
22 1 44 4
8 1 45 14
43 1 38 20
24 1 3 13
39 1 45 44
29 1 4 13
21 1 31 38
19 1 1 32
23 1 0 8
9 1 31 35
31 1 15 13
4 1 44 32
27 1 4 38
6 1 2 31
42 1 1 45
18 1 37 47
45 1 48 7
28 1 41 7
10 1 8 35
39 1 23 42
22 1 26 37
32 1 25 6
23 1 18 6
25 1 50 40
21 1 6 11
25 1 5 35
23 1 25 20
40 1 34 5
32 1 46 2
5 1 42 5
6 1 26 20
4 1 31 4
26 1 9 36
8 1 28 25
36 1 40 0
46 1 39 30
5 1 11 20
4 1 2 48
24 1 27 44
22 1 50 13
45 1 33 11
46 1 46 18
34 1 29 32
12 1 16 49
17 1 36 0
34 1 12 25
12 1 29 36
14 1 49 8
13 1 35 19
18 1 13 6
49 1 18 26
33 1 12 47
18 1 33 11
25 1 13 20
12 1 48 35
38 1 45 44
5 1 25 25
2 1 9 31
1 1 28 36
20 1 17 40
32 1 15 27
17 1 23 42
14 1 22 3
46 1 12 45
49 1 23 36
50 1 36 12
8 1 39 18
18 1 28 16
22 1 5 2
44 1 23 11
35 1 16 48
38 1 38 7
7 1 47 0
19 1 41 13
16 1 43 16
49 1 3 44
25 1 4 17
49 1 25 21
50 1 10 12
8 1 2 6
50 1 22 22
43 1 48 30
1 1 43 32
9 1 29 10
47 1 5 24
3 1 41 45
17 1 12 22
36 1 46 16
2 1 20 48
5 1 46 40
38 1 41 8
9 1 0 34
27 1 34 12
48 1 4 48
8 1 16 42
2 1 39 39
49 1 49 28
37 1 17 16
30 1 47 25
17 1 35 15
43 1 4 7
14 1 12 6
34 1 23 26
41 1 45 13
42 1 15 44
14 1 42 29
21 1 23 1
1 1 3 44
18 1 5 47
0 1 30 14
9 1 23 4
26 1 47 31
14 1 42 1
18 1 50 37
28 1 34 32
4 1 47 37
50 1 32 32
9 1 3 2
45 1 9 23
12 1 40 1
30 1 24 9
41 1 31 15
12 1 47 49
37 1 17 6
14 1 29 39
47 1 41 42
26 1 33 43
2 1 7 14
49 1 17 15
36 1 8 38
24 1 4 8
8 1 4 47
0 1 27 34
31 1 43 19
20 1 37 25
45 1 27 21
8 1 50 29
24 1 6 11
8 1 43 24
33 1 33 27
7 1 16 50
20 1 21 2
0 1 48 11
43 1 45 44
12 1 21 0
50 1 37 14
42 1 43 4
20 1 25 43
19 1 2 37
48 1 0 24
45 1 23 26
37 1 22 19
43 1 8 37
42 1 18 33
7 1 32 2
45 1 27 6
35 1 34 0
25 1 27 12
40 1 29 33
23 1 12 48
41 1 33 50
47 1 37 0
35 1 48 26
14 1 18 34
0 1 20 2
22 1 38 50
39 1 44 10
37 1 26 5
50 1 23 10
21 1 30 31
36 1 17 42
15 1 43 22
46 1 42 19
19 1 35 1
48 1 35 38
39 1 14 7
11 1 40 24
24 1 25 9
12 1 40 6
7 1 42 31
31 1 14 27
0 1 47 17
12 1 16 27
10 1 14 39
26 1 46 13
16 1 9 43
16 1 39 31
2 1 45 21
50 1 21 41
34 1 18 38
43 1 7 13
42 1 46 44
40 1 28 21
40 1 4 48
0 1 47 10
44 1 10 30
16 1 5 32
35 1 0 10
9 1 2 49
23 1 7 48
8 1 50 45
32 1 14 1
40 1 27 32
0 1 33 15
35 1 29 35
35 1 2 6
20 1 8 25
15 1 43 49
31 1 46 39
40 1 7 39
44 1 41 9
13 1 27 6
2 1 30 31
23 1 44 45
40 1 3 4
49 1 25 26
17 1 26 37
2 1 36 34
30 1 48 26
49 1 8 12
43 1 31 27
30 1 35 26
24 1 45 13
4 1 46 2
24 1 2 4
49 1 25 13
13 1 10 50
21 1 43 48
38 1 40 0
5 1 16 3
35 1 27 22
16 1 49 20
7 1 8 49
13 1 5 8
44 1 21 25
44 1 42 47
17 1 36 25
25 1 16 33
31 1 44 22
16 1 21 37
9 1 38 17
10 1 27 38
28 1 32 45
21 1 47 7
50 1 34 17
42 1 48 21
4 1 41 17
13 1 39 27
41 1 0 11
21 1 31 45
20 1 34 15
9 1 17 7
25 1 7 22
5 1 45 1
33 1 2 42
36 1 39 37
24 1 30 17
40 1 9 2
8 1 4 22
7 1 36 26
44 1 11 34
40 1 50 35
32 1 37 29
4 1 22 21
34 1 20 33
45 1 30 49
3 1 6 42
12 1 22 31
37 1 9 16
4 1 32 30
31 1 17 7
39 1 43 36
49 1 35 16
25 1 23 20
38 1 37 43
40 1 40 35
17 1 4 41
28 1 1 41
35 1 22 8
48 1 18 46
14 1 8 7
16 1 32 43
29 1 48 33
10 1 20 49
24 1 48 50
38 1 27 33
24 1 19 20
2 1 48 28
45 1 26 30
29 1 36 4
16 1 32 39
39 1 49 29
13 1 8 27
3 1 36 16
36 1 3 28
8 1 28 11
1 1 49 39
29 1 22 38
0 1 47 24
49 1 21 26
5 1 23 32
49 1 47 46
29 1 46 30
8 1 16 37
27 1 9 3
18 1 44 3
31 1 5 3
3 1 45 47
0 1 10 2
30 1 12 23
13 1 24 25
48 1 13 3
30 1 10 30
33 1 22 45
4 1 35 8
13 1 20 6
34 1 39 13
12 1 8 50
50 1 35 23
18 1 8 40
47 1 33 5
8 1 21 11
35 1 15 35
25 1 17 33
40 1 39 1
33 1 47 42
31 1 16 15
8 1 47 14
2 1 13 21
13 1 14 31
22 1 2 40
8 1 47 50
27 1 24 8
7 1 2 25
32 1 4 27
25 1 8 6
23 1 29 16
46 1 20 31
34 1 14 48
14 1 49 37
24 1 32 40
36 1 11 24
28 1 4 1
24 1 3 44
15 1 13 42
35 1 23 33
24 1 21 33
18 1 49 48
42 1 17 12
11 1 7 32
20 1 37 48
42 1 5 17
50 1 39 0
2 1 24 8
7 1 38 41
50 1 12 1
42 1 36 27
42 1 0 21
12 1 28 17
48 1 35 44
41 1 30 38
32 1 7 21
44 1 39 11
29 1 12 27
0 1 16 17
1 1 16 13
7 1 13 27
26 1 46 32
30 1 3 43
36 1 24 41
21 1 32 14
18 1 47 10
43 1 6 31
4 1 42 10
36 1 0 31
45 1 49 6
1 1 10 26
44 1 23 36
49 1 14 5
2 1 14 19
2 1 33 32
0 1 48 8
48 1 8 27
27 1 3 2
37 1 4 21
35 1 5 30
18 1 46 45
18 1 21 43
39 1 16 45
6 1 4 3
1 1 8 38
33 1 32 49
9 1 37 28
30 1 26 22
7 1 22 24
27 1 36 43
48 1 5 29
28 1 32 1
33 1 18 2
46 1 18 19
1 1 4 39
44 1 4 20
