2000
33 1 21 24
15 1 34 40
35 1 8 17
27 1 38 42
45 1 23 39
20 1 20 27
31 1 18 4
36 1 4 15
4 1 21 20
15 1 46 0
26 1 1 38
13 1 39 36
38 1 9 15
1 1 11 15
11 1 5 34
46 1 2 37
5 1 6 36
25 1 12 45
35 1 27 27
37 1 36 37
11 1 1 50
24 1 7 41
35 1 25 12
28 1 39 10
30 1 27 50
28 1 1 15
36 1 31 40
2 1 44 32
39 1 44 44
46 1 43 45
49 1 25 12
38 1 20 12
16 1 37 37
43 1 42 48
26 1 25 33
40 1 29 14
16 1 6 46
50 1 27 35
14 1 31 47
47 1 33 2
2 1 34 24
28 1 21 39
50 1 50 17
1 1 14 27
32 1 11 26
39 1 11 9
36 1 39 30
5 1 34 4
49 1 38 7
21 1 18 37
25 1 44 44
49 1 0 33
28 1 27 23
19 1 14 27
22 1 45 29
29 1 3 30
26 1 30 45
48 1 35 12
5 1 16 29
12 1 0 35
43 1 46 39
5 1 39 8
8 1 40 14
5 1 35 43
30 1 17 14
42 1 6 26
34 1 15 3
29 1 23 25
7 1 23 31
0 1 48 42
43 1 35 30
20 1 15 31
38 1 7 12
39 1 34 11
2 1 36 36
21 1 33 36
45 1 7 5
35 1 19 49
40 1 29 39
17 1 1 26
31 1 41 16
46 1 3 0
23 1 38 28
5 1 35 18
46 1 37 43
13 1 42 33
4 1 21 12
23 1 47 24
2 1 25 22
31 1 12 20
24 1 30 6
22 1 47 34
3 1 44 0
31 1 45 13
41 1 14 37
45 1 35 4
46 1 11 31
32 1 34 16
32 1 35 21
40 1 16 26
33 1 25 40
33 1 44 38
38 1 2 3
41 1 35 5
47 1 16 3
21 1 41 6
38 1 13 48
28 1 46 45
39 1 41 16
45 1 2 7
43 1 10 15
36 1 47 14
13 1 21 4
38 1 34 7
0 1 31 20
3 1 35 19
50 1 43 5
8 1 20 11
45 1 41 0
28 1 39 36
0 1 7 14
50 1 14 22
28 1 25 25
42 1 47 5
23 1 27 16
16 1 43 25
50 1 12 36
25 1 13 5
23 1 0 12
44 1 35 47
17 1 3 44
23 1 0 14
4 1 35 17
36 1 3 22
29 1 17 42
40 1 32 24
14 1 28 1
21 1 2 2
48 1 19 4
3 1 12 43
29 1 1 3
48 1 33 3
24 1 11 24
30 1 25 3
5 1 29 19
24 1 3 16
23 1 11 13
35 1 6 8
36 1 23 46
50 1 8 29
27 1 2 47
23 1 46 19
11 1 26 36
44 1 37 37
42 1 29 34
25 1 27 49
13 1 49 16
25 1 14 43
4 1 22 16
13 1 12 37
24 1 46 41
0 1 23 17
24 1 10 5
30 1 15 28
42 1 29 43
6 1 40 14
44 1 28 10
13 1 12 1
16 1 23 36
11 1 39 28
28 1 43 7
16 1 10 49
16 1 13 24
44 1 36 12
16 1 37 22
22 1 32 42
1 1 24 5
15 1 35 35
27 1 19 7
46 1 47 15
12 1 48 46
49 1 41 29
31 1 49 41
11 1 39 21
36 1 26 22
35 1 28 45
24 1 21 47
2 1 5 0
5 1 19 32
0 1 4 22
6 1 49 17
10 1 42 8
27 1 15 28
19 1 29 31
32 1 14 17
8 1 40 19
19 1 34 12
16 1 18 11
27 1 31 42
36 1 12 22
36 1 40 11
9 1 7 5
37 1 32 23
33 1 9 14
35 1 35 32
12 1 35 25
41 1 47 34
4 1 3 46
22 1 48 26
13 1 46 48
33 1 40 12
28 1 22 22
1 1 34 43
12 1 28 0
6 1 23 14
33 1 30 46
34 1 17 22
31 1 10 42
48 1 18 37
9 1 26 42
17 1 48 12
38 1 6 26
47 1 6 2
23 1 43 0
7 1 33 0
31 1 32 24
34 1 16 32
3 1 8 1
9 1 34 11
8 1 49 3
31 1 47 26
34 1 5 9
31 1 48 4
8 1 0 11
14 1 11 13
44 1 39 29
12 1 4 15
24 1 39 33
46 1 14 44
11 1 29 9
7 1 0 27
1 1 50 29
39 1 6 25
3 1 43 5
16 1 35 22
14 1 40 16
7 1 38 38
6 1 27 36
42 1 21 11
45 1 40 49
1 1 17 12
39 1 27 12
8 1 24 22
10 1 7 28
13 1 47 46
25 1 20 43
8 1 49 45
23 1 0 1
3 1 22 36
36 1 46 7
15 1 18 14
17 1 33 43
24 1 21 31
18 1 11 36
38 1 11 25
17 1 8 26
3 1 6 18
20 1 25 33
37 1 30 35
11 1 21 4
30 1 1 5
30 1 29 30
35 1 43 9
14 1 26 10
15 1 4 29
26 1 7 2
46 1 24 20
22 1 10 8
16 1 11 49
14 1 44 5
9 1 16 8
37 1 23 12
29 1 1 40
27 1 21 8
18 1 46 8
30 1 24 46
32 1 17 32
29 1 11 38
49 1 38 40
24 1 6 5
24 1 28 39
24 1 41 37
25 1 28 29
17 1 18 11
13 1 37 5
16 1 21 18
46 1 47 39
14 1 10 0
35 1 3 3
46 1 19 19
12 1 8 9
25 1 3 38
26 1 39 13
12 1 9 26
39 1 19 34
39 1 23 43
0 1 6 7
23 1 46 17
35 1 50 43
36 1 39 26
27 1 36 15
44 1 20 49
6 1 5 23
23 1 5 33
1 1 1 45
4 1 2 15
37 1 33 6
37 1 48 4
19 1 7 10
48 1 45 43
34 1 35 30
25 1 49 8
4 1 5 12
9 1 16 24
29 1 8 21
35 1 31 50
26 1 27 9
13 1 33 20
7 1 36 31
5 1 16 32
44 1 43 45
47 1 42 8
8 1 7 21
47 1 42 33
6 1 31 24
12 1 39 33
26 1 33 38
4 1 36 16
38 1 29 30
0 1 25 35
42 1 46 26
47 1 31 31
37 1 27 31
37 1 13 33
16 1 16 21
39 1 9 34
22 1 50 6
4 1 38 47
36 1 39 16
18 1 43 10
24 1 47 33
36 1 7 13
24 1 29 6
31 1 47 9
36 1 41 2
6 1 3 1
34 1 31 9
39 1 9 10
7 1 7 35
10 1 3 0
30 1 5 14
48 1 42 11
17 1 38 3
28 1 17 13
15 1 37 39
44 1 48 9
46 1 30 50
35 1 5 22
48 1 34 2
32 1 29 47
2 1 1 2
24 1 36 40
49 1 27 44
3 1 36 10
46 1 35 15
13 1 21 13
47 1 5 2
20 1 48 29
25 1 21 45
22 1 24 49
6 1 49 23
45 1 12 42
21 1 15 11
45 1 48 29
38 1 10 39
40 1 13 15
12 1 15 24
26 1 37 25
50 1 22 21
7 1 41 16
32 1 30 12
47 1 36 0
31 1 18 3
23 1 17 30
38 1 37 22
30 1 33 0
23 1 27 21
49 1 13 3
15 1 47 43
31 1 36 29
32 1 25 47
10 1 23 36
39 1 31 47
19 1 50 50
8 1 31 29
15 1 31 17
25 1 23 10
49 1 18 15
1 1 0 45
26 1 27 18
42 1 9 12
32 1 8 26
41 1 10 25
20 1 46 25
0 1 25 32
45 1 45 7
10 1 13 0
12 1 43 30
1 1 49 46
19 1 3 24
3 1 17 42
5 1 32 6
0 1 9 10
47 1 45 22
4 1 18 7
12 1 45 24
4 1 35 26
20 1 45 43
15 1 14 14
42 1 39 26
6 1 7 34
34 1 45 17
39 1 43 2
2 1 0 3
16 1 0 28
32 1 42 40
43 1 15 45
41 1 1 28
34 1 2 24
50 1 27 50
15 1 30 4
0 1 21 3
24 1 38 47
38 1 1 36
45 1 44 30
50 1 4 30
39 1 48 16
46 1 8 6
19 1 24 38
11 1 2 4
39 1 26 36
37 1 45 43
39 1 18 38
49 1 15 8
11 1 14 18
42 1 20 35
24 1 7 11
47 1 28 33
5 1 37 0
26 1 4 28
12 1 1 6
45 1 3 17
12 1 31 24
46 1 5 13
20 1 32 0
30 1 40 37
13 1 45 19
10 1 2 28
40 1 20 46
35 1 10 11
20 1 17 31
50 1 4 26
26 1 6 16
38 1 9 4
30 1 3 27
44 1 5 10
41 1 48 47
13 1 12 48
6 1 36 33
45 1 11 10
44 1 24 47
29 1 40 25
7 1 22 7
17 1 30 28
13 1 10 38
42 1 31 17
46 1 4 5
4 1 10 50
48 1 35 34
7 1 28 4
22 1 30 2
30 1 29 37
27 1 14 6
7 1 24 6
17 1 3 32
20 1 15 11
14 1 21 6
10 1 25 3
17 1 27 4
24 1 33 31
41 1 38 25
42 1 21 39
24 1 18 21
0 1 40 41
43 1 40 17
13 1 38 17
43 1 4 47
5 1 8 21
42 1 24 41
42 1 22 48
14 1 32 14
24 1 9 8
28 1 1 37
47 1 21 45
26 1 44 2
39 1 30 40
2 1 30 50
33 1 38 21
32 1 30 39
29 1 15 19
33 1 30 11
20 1 39 0
6 1 38 42
16 1 42 8
48 1 29 31
41 1 41 37
31 1 23 7
47 1 41 16
4 1 23 32
23 1 23 24
3 1 7 20
9 1 33 26
11 1 15 23
16 1 2 15
1 1 45 12
8 1 46 32
39 1 14 22
46 1 11 40
45 1 49 17
0 1 19 16
41 1 50 28
47 1 6 8
49 1 2 14
28 1 20 16
7 1 19 13
24 1 3 26
10 1 45 40
12 1 44 49
47 1 20 43
43 1 7 19
26 1 36 13
11 1 28 18
1 1 43 48
1 1 47 6
0 1 2 42
25 1 2 7
27 1 30 40
21 1 46 33
6 1 26 38
11 1 17 9
0 1 40 2
8 1 5 6
0 1 39 17
28 1 6 19
8 1 32 15
12 1 14 46
16 1 48 3
8 1 29 31
31 1 18 41
35 1 8 45
23 1 46 49
48 1 29 41
10 1 41 18
35 1 26 28
8 1 47 28
38 1 13 21
14 1 17 45
34 1 40 5
35 1 15 49
29 1 36 7
21 1 48 42
49 1 6 10
41 1 7 4
42 1 32 4
4 1 2 46
13 1 48 36
16 1 17 16
31 1 34 33
26 1 11 47
43 1 5 19
48 1 38 25
43 1 1 35
32 1 28 15
32 1 35 12
48 1 45 48
25 1 37 13
5 1 1 22
27 1 39 46
20 1 1 25
39 1 10 22
42 1 39 49
13 1 23 4
42 1 19 30
20 1 25 45
0 1 49 35
35 1 29 30
29 1 46 40
41 1 17 30
30 1 33 22
15 1 7 46
32 1 18 12
16 1 30 44
31 1 7 23
28 1 13 44
1 1 34 14
40 1 42 19
45 1 38 47
23 1 15 44
20 1 17 43
29 1 11 42
32 1 47 28
37 1 44 46
22 1 19 27
10 1 48 44
49 1 26 16
33 1 24 30
9 1 9 41
38 1 47 17
6 1 28 45
19 1 40 30
5 1 25 9
8 1 26 22
27 1 37 28
29 1 43 44
3 1 43 26
44 1 19 40
24 1 39 38
36 1 12 12
38 1 11 9
32 1 6 28
0 1 23 2
50 1 12 7
49 1 25 31
21 1 37 16
48 1 42 17
41 1 46 45
48 1 24 29
44 1 12 25
4 1 4 37
13 1 3 17
37 1 14 19
42 1 21 6
32 1 16 10
36 1 1 26
6 1 5 36
28 1 42 4
49 1 26 49
36 1 49 47
19 1 49 46
11 1 23 9
16 1 46 24
20 1 38 30
50 1 40 25
21 1 29 0
12 1 20 8
25 1 7 26
34 1 18 6
19 1 22 15
32 1 28 30
26 1 41 14
50 1 6 14
24 1 3 20
21 1 41 24
1 1 1 41
8 1 24 46
0 1 16 14
39 1 0 37
20 1 36 30
26 1 40 33
48 1 40 4
4 1 33 16
2 1 25 38
13 1 41 46
45 1 27 46
17 1 36 19
37 1 17 14
45 1 10 46
47 1 50 1
5 1 25 44
30 1 3 9
30 1 7 19
12 1 39 42
13 1 37 1
39 1 37 29
44 1 42 27
31 1 11 28
14 1 27 28
21 1 8 34
1 1 29 9
29 1 42 19
25 1 38 8
11 1 32 40
8 1 26 28
32 1 17 23
16 1 7 7
43 1 36 47
35 1 36 40
6 1 0 49
10 1 18 5
31 1 26 12
4 1 18 32
30 1 17 24
25 1 39 43
49 1 3 36
1 1 17 1
40 1 34 34
5 1 8 45
40 1 31 42
17 1 25 44
48 1 40 50
45 1 11 28
15 1 23 29
31 1 2 26
5 1 12 10
29 1 4 40
46 1 50 18
3 1 45 26
30 1 25 0
16 1 1 4
43 1 16 43
46 1 49 19
49 1 5 7
0 1 6 46
34 1 27 44
19 1 30 40
12 1 31 2
44 1 24 38
47 1 9 29
5 1 24 20
22 1 27 30
39 1 43 16
48 1 29 44
23 1 32 24
15 1 31 10
35 1 41 14
41 1 17 2
24 1 41 21
7 1 12 21
31 1 16 6
42 1 35 14
8 1 30 33
45 1 48 48
46 1 35 1
27 1 40 31
12 1 44 17
29 1 33 37
15 1 5 42
3 1 12 39
24 1 17 30
13 1 19 42
41 1 1 1
15 1 18 22
30 1 28 33
18 1 26 46
25 1 10 43
15 1 21 5
12 1 43 44
18 1 9 6
12 1 4 46
28 1 29 40
0 1 30 43
13 1 49 35
20 1 16 20
14 1 21 9
47 1 37 22
26 1 16 31
20 1 12 27
26 1 38 24
28 1 45 17
46 1 47 1
19 1 29 14
27 1 40 42
35 1 39 49
8 1 49 50
44 1 48 8
39 1 50 3
12 1 50 3
45 1 24 26
3 1 15 19
3 1 17 25
47 1 33 6
49 1 47 46
50 1 1 38
2 1 34 4
9 1 46 48
26 1 40 43
36 1 16 28
19 1 18 13
7 1 20 46
2 1 29 50
9 1 25 16
42 1 7 35
8 1 16 27
44 1 25 47
48 1 30 34
21 1 46 2
4 1 10 17
29 1 31 3
33 1 31 30
37 1 18 39
2 1 44 25
18 1 47 0
14 1 31 30
42 1 48 32
43 1 6 46
9 1 27 37
29 1 2 43
4 1 39 20
15 1 49 49
43 1 13 38
21 1 18 23
15 1 29 37
47 1 50 29
6 1 5 41
40 1 21 33
49 1 23 46
26 1 16 18
44 1 44 20
6 1 18 36
2 1 6 44
9 1 11 32
17 1 23 37
42 1 18 3
25 1 16 27
6 1 50 30
16 1 47 4
8 1 37 31
28 1 6 0
46 1 38 9
5 1 50 35
11 1 16 27
30 1 48 33
12 1 21 3
25 1 40 12
10 1 30 43
44 1 19 45
14 1 35 12
9 1 16 7
43 1 47 48
46 1 50 6
10 1 37 42
41 1 14 19
39 1 22 1
30 1 47 19
30 1 45 40
11 1 5 38
11 1 36 29
5 1 41 29
22 1 11 22
35 1 38 37
21 1 36 40
12 1 46 1
17 1 9 12
17 1 30 35
20 1 49 12
50 1 23 21
40 1 46 49
34 1 8 7
11 1 33 40
26 1 42 42
15 1 30 18
14 1 22 44
17 1 19 23
44 1 30 14
31 1 43 13
15 1 1 32
6 1 13 30
24 1 23 20
33 1 33 1
44 1 19 7
24 1 36 18
37 1 32 33
5 1 6 24
9 1 45 11
19 1 35 47
17 1 34 31
46 1 50 46
32 1 24 9
41 1 8 47
41 1 44 22
28 1 9 12
1 1 10 39
49 1 11 30
34 1 7 24
9 1 23 2
7 1 16 38
38 1 0 30
11 1 30 5
6 1 47 6
0 1 34 20
38 1 32 14
24 1 15 8
1 1 4 20
19 1 36 21
44 1 7 16
7 1 41 12
30 1 0 7
36 1 38 43
25 1 11 26
29 1 45 48
14 1 17 16
49 1 29 2
13 1 27 15
16 1 45 21
46 1 29 8
5 1 41 22
44 1 10 45
50 1 43 38
5 1 29 26
22 1 7 10
50 1 8 39
23 1 13 5
2 1 37 4
12 1 50 10
32 1 37 18
33 1 49 11
38 1 42 38
30 1 20 36
18 1 22 15
40 1 29 3
46 1 37 12
23 1 32 40
23 1 47 0
40 1 6 50
36 1 1 11
38 1 9 13
33 1 21 33
36 1 45 6
18 1 3 11
25 1 14 41
18 1 42 24
2 1 12 28
17 1 44 7
0 1 4 13
29 1 14 18
35 1 10 39
16 1 36 3
36 1 49 4
42 1 46 18
34 1 30 36
5 1 35 16
6 1 32 9
50 1 8 9
35 1 20 9
25 1 2 42
6 1 50 23
16 1 37 10
17 1 41 33
18 1 21 27
14 1 39 30
18 1 15 11
12 1 47 43
27 1 43 41
50 1 45 3
32 1 7 29
49 1 42 46
21 1 12 25
5 1 50 30
49 1 36 6
34 1 8 4
25 1 2 49
32 1 42 5
38 1 36 23
21 1 15 47
37 1 21 10
0 1 34 30
33 1 21 27
21 1 40 8
35 1 45 45
11 1 45 32
37 1 39 15
1 1 14 40
26 1 18 9
15 1 30 3
41 1 44 10
47 1 25 24
0 1 37 5
48 1 20 45
24 1 42 6
10 1 34 26
12 1 33 1
26 1 24 13
24 1 37 10
28 1 7 27
24 1 16 4
19 1 23 20
17 1 32 36
9 1 45 6
35 1 42 46
13 1 26 33
33 1 9 49
28 1 4 48
16 1 35 20
29 1 14 42
44 1 24 4
21 1 13 14
14 1 25 28
46 1 9 49
43 1 6 10
6 1 2 35
22 1 32 27
50 1 35 31
49 1 18 42
9 1 12 28
30 1 28 39
47 1 39 43
12 1 42 39
28 1 18 1
1 1 17 39
9 1 30 23
11 1 34 15
44 1 7 20
26 1 15 35
50 1 13 3
28 1 11 18
8 1 18 47
35 1 49 38
20 1 14 19
25 1 44 47
24 1 0 37
41 1 21 2
5 1 15 46
5 1 3 40
48 1 41 46
25 1 32 3
15 1 19 21
42 1 35 49
35 1 20 14
37 1 12 38
11 1 46 43
21 1 1 8
11 1 38 11
21 1 18 38
23 1 23 8
26 1 31 17
36 1 16 40
13 1 33 14
7 1 11 48
42 1 33 32
32 1 34 14
28 1 27 42
28 1 25 38
11 1 8 19
22 1 16 41
49 1 1 10
0 1 19 30
5 1 6 15
30 1 11 49
31 1 25 11
0 1 48 2
14 1 30 47
41 1 49 11
33 1 6 37
0 1 42 22
34 1 28 3
1 1 19 49
20 1 1 5
0 1 34 9
37 1 43 16
43 1 33 14
6 1 45 46
27 1 10 35
0 1 17 4
46 1 48 41
0 1 42 0
33 1 45 16
33 1 33 43
36 1 26 50
38 1 41 10
9 1 40 15
22 1 11 34
49 1 34 18
0 1 30 36
33 1 3 31
22 1 40 3
47 1 40 46
36 1 17 3
47 1 12 16
50 1 45 40
44 1 6 5
37 1 44 27
13 1 36 39
15 1 48 20
43 1 31 35
15 1 37 41
28 1 6 35
35 1 16 42
48 1 46 47
10 1 29 27
34 1 42 33
8 1 2 7
28 1 1 25
42 1 15 35
27 1 37 40
4 1 27 31
43 1 39 28
25 1 18 7
34 1 27 6
29 1 11 21
5 1 6 27
8 1 11 30
12 1 41 20
37 1 9 19
7 1 38 1
41 1 17 6
37 1 23 19
38 1 44 11
4 1 49 29
38 1 15 41
3 1 1 6
14 1 39 21
18 1 14 27
26 1 46 34
3 1 5 1
1 1 8 16
30 1 30 39
36 1 14 39
28 1 47 43
25 1 40 10
12 1 30 31
25 1 10 4
47 1 46 31
16 1 8 40
38 1 16 29
48 1 32 48
49 1 2 48
43 1 34 39
49 1 12 13
22 1 2 48
7 1 2 47
15 1 37 34
12 1 30 26
39 1 43 36
15 1 17 11
15 1 49 35
11 1 26 29
16 1 33 48
25 1 34 4
47 1 32 7
34 1 13 10
41 1 12 45
47 1 33 13
36 1 40 7
13 1 8 5
29 1 17 8
27 1 15 14
6 1 44 39
49 1 21 42
12 1 26 17
26 1 7 48
23 1 44 46
43 1 30 48
33 1 17 6
47 1 29 3
32 1 25 23
47 1 50 25
23 1 44 4
43 1 16 41
40 1 28 49
7 1 8 21
26 1 6 21
39 1 32 44
36 1 40 13
36 1 27 46
32 1 39 6
8 1 11 21
31 1 9 14
26 1 38 42
40 1 28 41
13 1 44 18
23 1 31 48
45 1 11 26
17 1 3 24
23 1 7 12
27 1 33 36
6 1 13 15
32 1 12 3
15 1 7 8
13 1 23 9
7 1 27 4
28 1 39 1
20 1 47 7
1 1 3 26
4 1 26 48
40 1 10 10
47 1 9 1
30 1 10 2
50 1 4 28
39 1 34 23
21 1 10 22
11 1 12 12
29 1 22 3
28 1 38 29
30 1 41 41
18 1 41 30
7 1 27 35
8 1 41 7
12 1 29 32
18 1 12 35
12 1 10 37
32 1 38 6
5 1 28 28
17 1 24 48
5 1 29 29
14 1 0 31
4 1 49 20
13 1 20 22
4 1 37 41
40 1 21 43
4 1 3 20
14 1 48 50
42 1 19 40
11 1 28 20
45 1 21 3
43 1 9 25
40 1 5 11
11 1 22 17
30 1 48 17
49 1 13 33
29 1 21 18
16 1 11 13
18 1 26 15
42 1 8 47
36 1 21 2
36 1 41 15
36 1 13 8
33 1 42 14
35 1 25 31
24 1 31 24
34 1 14 22
50 1 33 18
47 1 11 4
13 1 33 34
44 1 14 24
21 1 45 27
17 1 0 1
41 1 34 15
11 1 19 4
48 1 17 11
8 1 45 29
12 1 24 29
47 1 6 4
0 1 16 41
4 1 30 35
2 1 43 5
40 1 21 32
5 1 6 7
16 1 17 28
45 1 44 22
16 1 41 50
3 1 49 13
7 1 30 22
44 1 36 41
24 1 46 10
2 1 19 50
45 1 33 26
48 1 25 47
41 1 45 28
45 1 0 21
12 1 42 49
41 1 7 20
9 1 25 30
46 1 11 12
0 1 29 6
32 1 12 32
34 1 34 33
46 1 31 24
39 1 36 8
13 1 11 2
6 1 33 22
4 1 27 38
50 1 48 14
0 1 0 16
8 1 13 27
3 1 50 2
4 1 35 23
4 1 50 26
41 1 15 12
14 1 23 48
21 1 10 41
49 1 29 35
19 1 3 34
29 1 0 48
26 1 2 32
48 1 0 38
12 1 39 28
0 1 11 40
12 1 16 17
49 1 3 35
44 1 26 21
7 1 40 42
3 1 39 31
29 1 25 36
42 1 3 47
45 1 25 27
50 1 15 50
19 1 39 31
33 1 48 12
15 1 39 1
3 1 41 34
2 1 16 18
2 1 19 41
17 1 37 44
8 1 31 40
5 1 49 9
9 1 37 14
49 1 45 17
50 1 10 15
24 1 6 43
29 1 22 22
39 1 5 37
43 1 38 5
45 1 0 20
0 1 41 15
49 1 39 26
31 1 49 16
38 1 38 21
7 1 29 24
4 1 7 18
8 1 5 15
5 1 48 11
21 1 6 36
20 1 50 28
46 1 13 19
21 1 20 19
27 1 9 47
45 1 33 25
16 1 27 15
41 1 38 15
4 1 3 5
14 1 16 40
22 1 22 15
29 1 24 46
25 1 24 8
48 1 4 27
36 1 40 32
17 1 12 33
2 1 37 20
19 1 14 35
0 1 24 31
2 1 43 24
19 1 40 45
9 1 31 6
1 1 42 50
40 1 47 23
12 1 11 39
21 1 3 15
43 1 22 46
17 1 43 29
14 1 47 47
43 1 5 38
41 1 35 46
44 1 45 30
8 1 26 0
20 1 35 20
5 1 2 24
41 1 39 28
17 1 24 21
33 1 39 19
1 1 17 43
8 1 9 33
35 1 3 37
24 1 18 42
19 1 20 4
3 1 47 32
33 1 8 37
2 1 45 10
10 1 0 31
39 1 50 38
44 1 38 50
17 1 20 39
0 1 6 44
14 1 43 9
26 1 5 18
48 1 48 40
39 1 27 34
41 1 31 11
8 1 49 25
28 1 17 22
12 1 6 50
14 1 9 46
33 1 3 49
16 1 34 49
46 1 19 2
39 1 17 40
13 1 5 13
16 1 38 21
36 1 44 3
15 1 40 34
34 1 50 24
38 1 6 47
38 1 19 34
48 1 3 24
15 1 46 12
23 1 8 14
21 1 0 13
32 1 20 13
37 1 13 8
45 1 33 7
45 1 32 50
24 1 9 50
24 1 39 3
37 1 14 18
0 1 2 14
16 1 12 18
13 1 33 16
32 1 15 17
47 1 30 16
17 1 19 15
25 1 1 43
35 1 30 30
44 1 41 22
31 1 34 39
30 1 8 49
5 1 27 33
14 1 25 25
13 1 18 32
50 1 38 14
13 1 25 32
21 1 27 42
18 1 1 46
36 1 23 45
43 1 20 45
27 1 39 19
23 1 26 50
50 1 16 46
33 1 26 47
8 1 35 7
16 1 15 44
48 1 35 9
21 1 46 29
35 1 45 44
35 1 35 49
19 1 10 28
33 1 47 31
42 1 25 8
35 1 26 47
35 1 34 4
6 1 27 21
12 1 3 46
5 1 43 40
27 1 27 39
17 1 9 0
30 1 43 38
31 1 30 29
21 1 32 20
38 1 14 36
1 1 8 39
43 1 24 3
0 1 24 49
40 1 31 27
11 1 39 40
14 1 3 29
19 1 8 2
9 1 28 47
29 1 3 44
46 1 9 17
41 1 31 49
20 1 40 46
5 1 37 49
19 1 13 42
8 1 10 10
35 1 48 45
2 1 11 1
22 1 21 39
40 1 26 2
9 1 47 34
25 1 14 25
22 1 9 42
37 1 27 49
10 1 35 21
30 1 27 36
13 1 46 13
10 1 26 13
27 1 36 40
6 1 46 7
23 1 36 12
39 1 24 12
40 1 27 4
28 1 42 23
19 1 31 19
33 1 24 16
34 1 4 2
32 1 48 47
36 1 0 50
29 1 37 26
43 1 15 26
16 1 20 50
8 1 33 10
12 1 1 37
47 1 3 8
8 1 31 5
20 1 45 4
13 1 45 42
27 1 42 27
49 1 48 40
5 1 28 24
0 1 24 20
1 1 32 25
13 1 18 12
21 1 23 33
16 1 14 16
20 1 35 42
36 1 40 1
17 1 38 47
30 1 21 7
28 1 37 24
6 1 45 24
47 1 35 48
11 1 25 1
36 1 14 45
32 1 17 50
50 1 9 4
26 1 35 50
30 1 16 9
41 1 33 12
12 1 42 38
16 1 3 50
0 1 4 41
15 1 27 12
34 1 24 47
26 1 17 23
24 1 49 21
9 1 34 7
10 1 7 47
17 1 2 48
32 1 16 29
5 1 29 4
10 1 48 8
7 1 6 42
24 1 49 49
32 1 17 26
24 1 49 26
30 1 37 18
12 1 15 32
20 1 45 46
46 1 30 34
8 1 50 46
4 1 38 10
25 1 39 18
19 1 20 14
13 1 50 44
17 1 18 9
24 1 8 9
2 1 48 32
19 1 39 10
15 1 18 10
39 1 21 24
7 1 39 30
12 1 26 35
43 1 4 11
42 1 28 45
29 1 42 13
43 1 35 31
10 1 0 46
49 1 45 19
23 1 16 24
0 1 34 16
48 1 28 41
37 1 4 41
48 1 7 29
16 1 50 36
49 1 16 19
26 1 21 5
4 1 21 16
38 1 8 2
48 1 49 13
40 1 6 34
48 1 22 9
44 1 42 16
35 1 7 11
5 1 43 46
16 1 2 17
33 1 11 13
3 1 3 35
28 1 39 43
18 1 6 2
27 1 3 10
45 1 38 16
13 1 48 42
23 1 27 29
38 1 29 10
20 1 48 4
39 1 15 25
29 1 3 33
21 1 26 38
28 1 3 14
38 1 23 29
46 1 17 18
20 1 34 21
21 1 9 1
48 1 10 13
5 1 23 5
13 1 47 24
27 1 32 49
12 1 8 50
34 1 41 29
31 1 10 14
23 1 45 44
48 1 12 10
6 1 20 33
0 1 48 13
9 1 23 45
32 1 3 24
11 1 36 49
19 1 1 30
21 1 19 3
40 1 34 21
3 1 9 43
14 1 18 14
39 1 45 7
26 1 31 39
8 1 5 37
13 1 0 9
11 1 35 49
50 1 26 0
20 1 6 49
36 1 45 38
8 1 18 33
45 1 25 33
18 1 18 14
47 1 33 34
0 1 10 1
38 1 45 2
44 1 46 24
23 1 32 33
44 1 9 21
1 1 49 32
19 1 6 40
14 1 48 3
20 1 4 21
43 1 42 46
39 1 11 43
19 1 27 35
43 1 43 4
33 1 12 45
46 1 32 48
9 1 2 3
45 1 12 2
46 1 28 40
29 1 40 16
34 1 24 8
3 1 6 47
36 1 34 0
0 1 39 3
18 1 39 7
5 1 25 27
7 1 37 29
5 1 44 50
8 1 12 33
6 1 20 1
16 1 2 4
14 1 25 43
1 1 29 4
50 1 12 10
45 1 10 30
4 1 10 40
17 1 6 9
9 1 34 49
7 1 37 50
42 1 35 27
28 1 33 35
44 1 24 6
28 1 10 6
2 1 14 16
48 1 19 48
26 1 12 35
47 1 6 0
24 1 45 6
15 1 50 18
12 1 8 7
9 1 5 23
45 1 14 21
27 1 25 23
30 1 12 31
41 1 32 35
3 1 40 46
34 1 47 0
31 1 34 27
36 1 28 39
49 1 8 40
14 1 25 36
19 1 30 43
32 1 46 37
38 1 50 38
15 1 8 1
21 1 6 27
44 1 40 27
4 1 12 49
15 1 39 29
40 1 45 31
48 1 2 34
48 1 33 1
11 1 18 46
16 1 15 26
49 1 7 10
15 1 40 10
13 1 19 26
8 1 15 28
25 1 10 49
0 1 0 3
17 1 19 11
18 1 22 48
45 1 10 2
46 1 45 18
41 1 47 47
1 1 17 10
41 1 23 36
16 1 42 4
2 1 40 13
4 1 11 20
19 1 16 32
31 1 28 38
45 1 10 19
24 1 43 13
8 1 48 6
30 1 37 7
27 1 46 42
47 1 0 19
41 1 16 19
33 1 43 34
15 1 47 12
19 1 30 33
14 1 44 7
26 1 42 39
48 1 18 5
24 1 32 8
23 1 28 38
0 1 15 25
40 1 8 18
31 1 44 27
26 1 45 32
40 1 4 4
14 1 36 43
46 1 29 24
23 1 44 40
5 1 30 3
2 1 30 36
42 1 49 21
1 1 2 18
50 1 44 31
13 1 11 9
39 1 5 45
25 1 1 48
29 1 5 12
20 1 10 17
11 1 10 17
21 1 19 17
12 1 39 43
28 1 24 9
16 1 26 32
5 1 41 12
15 1 27 50
42 1 50 18
30 1 7 50
10 1 1 47
21 1 34 16
36 1 48 15
35 1 2 9
22 1 20 13
28 1 29 18
45 1 7 32
38 1 38 25
34 1 21 47
4 1 24 35
40 1 45 39
18 1 6 15
46 1 25 18
50 1 30 5
31 1 16 22
4 1 1 18
0 1 6 47
42 1 26 22
30 1 44 20
17 1 34 3
31 1 47 33
42 1 43 46
30 1 4 16
25 1 28 40
45 1 6 32
44 1 43 48
11 1 25 35
9 1 28 14
16 1 31 34
14 1 9 10
17 1 17 12
22 1 18 25
39 1 49 31
26 1 50 3
5 1 36 34
10 1 4 27
28 1 18 49
50 1 22 45
46 1 48 6
24 1 31 7
13 1 8 8
21 1 14 49
27 1 22 24
6 1 29 18
22 1 9 50
21 1 2 4
5 1 18 28
10 1 49 29
11 1 15 43
1 1 14 50
37 1 44 40
44 1 15 34
40 1 26 33
20 1 25 26
49 1 30 25
41 1 35 26
38 1 41 1
11 1 30 14
0 1 24 4
49 1 13 1
1 1 6 10
45 1 4 22
48 1 22 40
14 1 32 23
9 1 29 5
1 1 2 30
23 1 16 14
37 1 46 21
43 1 36 21
6 1 37 22
23 1 39 32
0 1 23 15
25 1 45 19
33 1 33 25
6 1 4 9
35 1 32 1
2 1 27 12
45 1 17 39
1 1 11 46
13 1 6 50
15 1 32 39
27 1 45 46
44 1 28 11
36 1 28 29
24 1 26 47
35 1 39 14
10 1 0 5
25 1 1 27
36 1 32 6
1 1 39 15
2 1 7 19
28 1 45 31
6 1 19 44
36 1 0 48
41 1 2 33
31 1 15 40
0 1 40 48
17 1 14 40
15 1 27 32
46 1 31 11
5 1 34 21
21 1 1 50
43 1 28 19
21 1 15 28
32 1 19 14
14 1 15 26
0 1 41 20
31 1 9 6
10 1 13 2
35 1 38 27
14 1 8 3
43 1 11 2
4 1 15 19
45 1 36 10
45 1 28 9
12 1 27 8
6 1 49 44
50 1 26 33
8 1 49 29
8 1 6 21
36 1 12 31
25 1 29 45
45 1 46 6
21 1 42 50
11 1 7 15
24 1 11 7
7 1 34 7
33 1 31 29
47 1 9 39
5 1 30 15
13 1 29 37
20 1 9 16
40 1 14 24
10 1 50 48
30 1 41 25
3 1 3 10
23 1 12 40
39 1 34 28
18 1 23 38
19 1 18 32
44 1 7 24
21 1 21 27
27 1 23 4
24 1 5 40
48 1 20 6
19 1 22 17
17 1 1 32
45 1 45 5
41 1 35 39
10 1 36 23
14 1 35 49
27 1 39 48
26 1 42 6
22 1 28 47
49 1 6 18
12 1 49 9
46 1 49 3
5 1 50 13
24 1 5 28
26 1 1 0
29 1 45 22
11 1 24 41
26 1 26 9
29 1 26 31
46 1 8 32
21 1 30 18
33 1 15 10
27 1 32 27
46 1 42 28
22 1 15 28
11 1 50 25
34 1 34 45
30 1 19 16
8 1 17 13
48 1 0 0
21 1 24 16
1 1 18 14
12 1 12 41
24 1 14 41
19 1 25 31
44 1 10 26
41 1 23 16
42 1 12 31
38 1 37 12
39 1 9 8
24 1 30 23
32 1 4 48
12 1 28 1
45 1 4 24
50 1 48 13
40 1 40 20
27 1 9 2
17 1 47 7
46 1 15 12
24 1 39 1
50 1 25 19
14 1 37 46
31 1 11 10
40 1 0 35
23 1 4 5
40 1 50 29
16 1 3 17
36 1 35 12
42 1 42 13
4 1 8 14
48 1 39 13
5 1 25 10
43 1 50 16
44 1 25 45
3 1 23 33
1 1 35 40
43 1 20 6
8 1 48 47
23 1 2 11
22 1 31 48
25 1 41 14
9 1 33 19
3 1 49 27
22 1 44 26
47 1 14 19
45 1 10 35
26 1 25 46
16 1 38 19
26 1 36 19
38 1 48 13
4 1 38 49
48 1 34 43
20 1 47 13
24 1 31 47
19 1 6 23
3 1 3 47
32 1 40 0
37 1 50 1
2 1 17 46
9 1 42 18
