2
40 40
0010111111011111110011000010000001110011
0010010010011100100001000000000000010010
1000000000100000000000101000000110001100
1000000000100000000000101000000110001100
0000100000000011010000000000000001100000
0000100000000011010000000000000001100000
0010111111011111110011000010000001110011
0010111111011111110011000010000001110011
0010111111011111110011000010000001110011
1111010010111100100101101000000110011110
0000100000000011010000000000000001100000
0010111111011111110011000010000001110011
0010010010011100100001000000000000010010
1000100000100011011000111101111111101100
0010111111011111110011000010000001110011
1000100000100011011000111101111111101100
1000100000100011011000111101111111101100
1111010010111100100101101000000110011110
1000100000100011011000111101111111101100
1111010010111100100101101000000110011110
0000100000000011010000000000000001100000
1000100000100011011000111101111111101100
1000100000100011011000111101111111101100
1111010010111100100101101000000110011110
1111010010111100100101101000000110011110
1000100000100011011000111101111111101100
1000100000100011011000111101111111101100
0010111111011111110011000010000001110011
1000100000100011011000111101111111101100
0010010010011100100001000000000000010010
0000100000000011010000000000000001100000
0000100000000011010000000000000001100000
1000100000100011011000111101111111101100
0010111111011111110011000010000001110011
0010010010011100100001000000000000010010
0010010010011100100001000000000000010010
1000000000100000000000101000000110001100
0000100000000011010000000000000001100000
1111010010111100100101101000000110011110
1000100000100011011000111101111111101100
