60 190
1 31
1 34
1 35
1 37
1 40
1 45
2 39
2 41
2 44
2 46
2 47
2 59
3 31
3 35
3 38
3 40
3 44
3 54
4 31
4 32
4 37
4 45
4 47
5 33
5 38
5 41
5 44
5 46
5 47
5 48
6 32
6 35
6 36
6 37
6 47
6 51
6 54
6 58
6 59
7 55
8 34
8 36
8 47
8 48
8 50
8 51
8 56
9 31
9 40
9 42
9 45
9 47
9 48
9 49
9 50
9 54
9 56
9 57
10 34
10 36
10 45
10 46
10 55
10 56
10 58
11 35
11 46
11 49
11 50
11 52
11 53
11 54
11 55
11 57
12 36
12 40
12 44
12 59
13 31
13 40
13 43
13 44
13 45
13 46
13 47
13 55
13 59
14 32
14 40
14 41
14 48
14 55
14 58
15 31
15 35
15 41
15 45
15 54
15 56
15 59
16 37
16 42
16 46
16 50
16 53
16 57
16 58
16 59
17 32
17 33
17 35
17 40
17 43
17 48
17 56
17 60
18 36
18 39
18 40
18 41
18 42
18 46
18 49
18 60
19 32
19 43
19 46
19 60
20 33
20 43
20 46
20 49
20 54
20 55
20 56
21 37
21 40
21 43
21 44
21 54
21 57
21 58
22 33
22 35
22 38
22 54
22 55
22 59
23 33
23 36
23 41
23 42
23 49
23 50
23 52
23 53
24 31
24 41
24 44
24 58
24 59
25 31
25 34
25 45
25 49
25 53
26 36
26 37
26 42
26 44
26 47
26 50
26 59
27 31
27 38
28 34
28 45
28 48
28 53
29 32
29 33
29 37
29 39
29 47
29 54
29 55
29 56
30 44
30 48
30 60
