98 190
1 53
1 91
1 92
2 53
2 58
2 60
2 63
2 68
3 56
3 71
3 82
3 92
4 57
4 62
4 93
4 94
4 96
5 69
5 70
5 79
5 87
6 50
6 83
6 94
7 54
7 61
7 63
7 71
7 84
7 85
7 91
7 96
8 55
8 79
8 97
9 55
9 93
10 50
10 62
10 77
10 79
11 70
11 72
11 74
11 76
11 94
11 95
12 51
12 54
12 68
12 83
12 84
12 88
13 64
13 83
14 52
14 54
14 55
14 61
14 90
15 70
15 97
15 98
16 63
16 67
16 84
16 92
17 62
17 78
17 86
18 71
18 73
18 74
18 78
18 96
19 51
19 55
19 59
19 74
19 79
19 94
20 83
20 96
21 53
21 72
21 77
21 98
22 52
22 68
22 82
22 89
23 87
23 88
24 72
24 81
25 50
25 51
25 67
25 80
25 89
26 56
26 59
26 63
26 77
27 74
27 96
28 50
28 55
28 62
28 68
28 69
28 91
29 83
29 88
30 60
30 65
30 74
30 76
30 93
31 50
31 51
31 89
31 91
31 96
32 78
32 79
32 91
33 53
33 61
33 80
33 85
33 91
34 58
34 73
34 78
34 83
34 96
35 51
35 54
35 83
36 61
36 95
36 96
36 97
37 60
37 72
37 75
37 81
37 86
38 61
38 70
38 79
38 92
39 55
39 57
39 60
39 64
39 67
39 81
40 63
40 74
41 58
41 89
41 93
42 70
42 73
42 79
42 84
43 58
43 86
44 53
44 59
44 66
44 72
45 55
45 89
45 94
45 95
45 96
46 82
46 96
47 87
48 55
48 58
48 64
48 83
49 59
49 63
49 68
49 97
