90 178
3 80
12 46
12 34
55 1
12 35
6 12
4 12
35 39
12 47
41 23
82 12
12 30
81 44
12 53
12 27
29 12
38 29
12 2
28 4
68 12
89 72
12 18
45 12
1 13
62 75
17 15
54 55
12 8
86 46
28 26
59 32
49 27
63 64
26 22
71 12
43 45
12 59
12 40
12 20
65 12
29 53
58 62
78 20
78 48
33 12
16 21
12 78
52 12
54 12
35 68
12 50
74 70
47 40
88 12
86 83
28 12
90 5
12 73
36 12
12 79
72 14
40 89
12 75
74 12
52 18
33 39
75 46
12 1
81 11
76 12
37 12
68 13
49 25
61 31
12 85
50 79
36 87
84 42
83 51
25 16
12 83
39 12
43 12
31 12
61 12
11 12
12 64
67 12
12 86
65 88
63 12
59 27
76 17
42 12
38 12
12 51
12 87
20 7
4 80
88 2
6 48
5 22
23 12
12 62
12 26
58 12
12 41
12 22
10 63
60 58
12 66
79 30
45 65
77 12
55 12
64 56
70 50
53 19
71 56
12 81
89 12
12 32
21 8
12 10
12 7
5 12
18 66
13 12
16 12
33 11
41 44
24 12
70 12
30 57
10 24
44 12
2 54
73 66
34 85
60 12
15 43
47 6
12 21
51 71
9 69
76 85
12 25
7 19
84 60
87 67
77 3
12 19
57 12
12 3
90 12
14 69
31 74
80 12
9 24
12 9
69 12
49 12
90 8
32 37
12 17
56 12
37 82
61 38
57 34
23 82
12 72
73 67
52 77
14 12
48 12
12 84
12 15
36 42
