90 135
64 25
9 48
54 49
32 43
21 30
10 58
50 68
26 67
56 59
13 57
16 28
6 71
17 53
29 9
54 38
30 88
22 56
20 83
11 3
42 8
42 33
61 31
9 38
64 10
62 88
39 28
84 27
90 61
49 63
77 60
80 78
17 14
41 82
18 86
42 45
8 37
40 51
83 36
3 59
73 74
81 77
69 34
18 6
27 81
4 8
89 11
12 14
90 72
60 62
36 16
26 49
2 16
45 72
65 24
41 55
7 76
25 5
80 35
75 19
44 87
78 26
1 48
21 5
67 80
83 85
75 68
35 82
18 47
21 23
69 44
25 23
90 4
62 81
45 4
27 88
48 57
71 51
74 15
1 13
65 54
52 66
28 46
70 60
10 76
55 35
7 64
36 39
50 34
85 6
65 63
32 2
47 20
79 31
40 86
13 37
52 15
67 82
29 24
15 70
1 29
89 34
19 41
79 58
3 44
84 23
11 69
33 57
53 12
24 38
12 74
22 87
66 77
58 61
55 75
52 73
56 51
7 5
46 43
84 30
47 85
46 2
79 76
40 22
31 72
33 37
59 87
53 32
73 14
20 39
89 68
71 86
63 78
43 17
70 66
50 19
