100 101
2 3
3 4
4 5
5 6
6 7
7 8
8 9
9 10
10 11
11 12
12 13
13 14
14 15
15 16
16 17
17 18
18 19
19 20
20 21
21 22
22 23
24 25
25 26
26 27
27 28
28 29
29 30
30 31
31 32
32 33
33 34
35 36
36 37
37 38
38 39
39 40
40 41
41 42
42 43
43 44
44 45
45 46
46 47
47 48
48 49
49 50
50 51
51 52
52 53
53 54
54 55
55 56
56 57
57 58
58 59
59 60
60 61
61 62
62 63
63 64
64 65
65 66
66 67
1 2
1 24
1 35
23 68
34 68
67 68
69 6
70 67
71 27
72 50
73 30
74 12
75 15
76 14
77 37
78 20
79 62
80 9
81 67
82 38
83 40
84 59
85 40
86 85
87 61
88 57
89 87
90 28
91 32
92 39
93 75
94 88
95 50
96 45
97 92
98 68
99 80
100 50
