100 101
31 26
41 71
13 45
21 78
33 99
95 32
92 83
84 43
58 29
53 95
88 6
29 42
23 31
52 81
8 35
25 47
10 49
68 54
48 19
86 34
38 93
20 2
61 71
78 62
91 48
41 8
5 36
56 62
38 11
57 74
40 79
49 5
39 3
97 74
98 27
92 7
19 23
7 28
59 12
63 20
66 1
44 11
57 45
24 72
68 61
94 76
78 65
75 27
42 46
30 100
47 39
16 34
6 17
99 67
43 51
4 70
18 35
3 58
27 9
96 28
14 85
77 2
54 67
82 13
4 73
56 66
28 33
72 89
52 75
77 40
17 51
12 86
89 46
91 34
93 84
76 79
90 53
70 55
81 32
1 59
22 85
94 64
95 10
63 85
44 80
88 69
100 37
18 82
97 72
90 22
30 67
49 87
15 55
92 98
60 81
64 69
73 36
80 65
25 15
26 37
50 35
