100 101
90 45
16 87
35 37
60 81
57 51
30 74
68 100
52 57
97 84
43 95
55 93
12 46
99 53
98 50
39 68
48 64
82 17
63 36
22 76
23 1
94 100
32 37
42 4
31 61
50 66
9 72
77 28
55 92
99 13
67 41
40 66
9 97
79 16
29 51
73 88
58 97
42 25
86 37
28 4
82 68
35 81
87 27
96 47
56 38
59 24
3 91
16 10
73 23
33 75
86 18
27 6
21 40
65 8
70 14
43 74
13 3
78 14
71 8
96 94
95 34
90 50
5 50
1 11
24 17
25 38
67 91
11 76
93 49
54 44
54 73
12 30
7 51
98 91
20 39
29 59
31 41
44 34
24 83
55 15
19 60
78 77
3 89
63 61
88 2
64 58
22 71
62 58
75 88
96 80
53 46
69 71
92 21
56 9
80 36
70 79
85 19
65 48
58 26
85 6
52 33
32 49
