100 101
2 3
3 4
4 5
5 6
6 7
7 8
8 9
9 10
10 11
11 12
12 13
13 14
14 15
15 16
16 17
17 18
18 19
19 20
20 21
21 22
22 23
24 25
25 26
26 27
27 28
28 29
29 30
30 31
31 32
32 33
33 34
34 35
35 36
36 37
37 38
38 39
39 40
40 41
41 42
42 43
43 44
44 45
46 47
47 48
48 49
49 50
50 51
51 52
52 53
53 54
54 55
55 56
56 57
57 58
58 59
59 60
60 61
61 62
62 63
63 64
64 65
65 66
66 67
1 2
1 24
1 46
23 68
45 68
67 68
69 32
70 68
71 40
72 34
73 23
74 35
75 35
76 9
77 18
78 36
79 67
80 73
81 32
82 16
83 61
84 69
85 71
86 66
87 2
88 9
89 38
90 32
91 64
92 86
93 32
94 13
95 22
96 43
97 63
98 3
99 8
100 72
