100 119
2 3
3 4
4 5
2 1
5 1
6 7
7 8
8 9
6 4
9 4
10 11
10 4
11 4
12 2
13 14
14 15
15 16
16 17
17 18
13 9
18 9
19 20
20 21
21 22
22 23
23 24
19 9
24 9
25 6
26 27
27 28
28 29
29 30
30 31
26 13
31 13
32 30
33 12
34 2
35 36
36 37
37 38
35 14
38 14
39 40
40 41
41 42
42 43
43 44
39 26
44 26
45 46
46 47
47 48
45 23
48 23
49 50
50 51
51 52
52 53
53 54
49 38
54 38
55 56
55 10
56 10
57 58
58 59
59 60
57 4
60 4
61 62
62 63
63 64
64 65
65 66
61 40
66 40
67 68
68 69
69 70
67 31
70 31
71 72
72 73
73 74
71 56
74 56
75 76
76 77
77 78
78 79
79 80
75 42
80 42
81 82
81 12
82 12
83 84
84 85
85 86
86 87
87 88
83 41
88 41
89 90
90 91
91 92
89 68
92 68
93 10
94 95
95 96
96 97
97 98
98 99
94 78
99 78
100 90
