100 120
2 3
3 4
4 5
2 1
5 1
6 7
7 8
8 9
6 2
9 2
10 11
11 12
12 13
13 14
14 15
10 8
15 8
16 17
17 18
18 19
19 20
20 21
16 8
21 8
22 23
22 21
23 21
24 25
25 26
26 27
27 28
28 29
24 18
29 18
30 31
31 32
32 33
30 24
33 24
34 35
35 36
36 37
37 38
38 39
34 28
39 28
40 41
41 42
42 43
43 44
44 45
40 9
45 9
46 47
47 48
48 49
46 34
49 34
50 32
51 52
52 53
53 54
51 44
54 44
55 56
55 40
56 40
57 58
58 59
59 60
60 61
61 62
57 29
62 29
63 64
63 8
64 8
65 66
66 67
67 68
68 69
69 70
65 35
70 35
71 72
72 73
73 74
71 12
74 12
75 76
76 77
77 78
78 79
79 80
75 53
80 53
81 82
82 83
83 84
81 54
84 54
85 86
86 87
87 88
88 89
89 90
85 6
90 6
91 92
91 32
92 32
93 21
94 95
95 96
96 97
97 98
98 99
94 25
99 25
100 49
