100 200
1 10
2 61
2 74
3 11
3 18
3 27
3 39
4 74
4 78
5 22
5 31
5 39
6 96
7 17
7 31
7 48
7 52
7 71
7 85
7 94
8 13
8 39
8 100
9 14
9 28
9 52
9 63
9 67
9 68
9 100
10 16
10 26
10 44
10 55
10 64
10 70
10 71
10 76
10 86
11 44
11 81
12 13
12 20
12 21
13 51
13 82
13 84
15 32
15 36
15 43
15 59
15 68
15 81
15 82
15 84
16 35
16 58
17 25
17 31
17 67
18 39
18 56
18 91
18 98
19 43
19 84
19 92
20 86
21 73
22 24
22 47
22 68
22 99
23 47
23 67
23 77
24 26
24 74
24 77
24 88
25 31
25 43
25 51
25 61
25 67
26 30
26 31
26 56
26 58
26 59
26 75
27 46
27 86
27 97
28 63
28 84
28 90
29 59
29 73
30 47
30 65
30 85
31 81
31 88
32 34
32 38
32 39
32 51
32 68
32 84
33 91
33 94
34 63
34 95
35 44
35 93
36 38
36 59
36 63
36 80
37 44
37 91
37 95
38 43
38 46
38 47
38 58
39 71
39 78
40 80
41 49
42 69
42 99
43 47
43 73
43 83
43 86
44 78
46 78
47 98
48 49
49 84
49 85
49 91
49 92
49 99
50 63
50 75
50 78
51 67
51 70
51 91
53 59
54 66
54 90
54 91
55 90
56 90
56 91
57 61
57 78
58 59
59 91
59 97
59 98
60 81
60 94
61 62
62 83
63 93
64 91
65 74
65 78
65 81
66 98
68 99
69 89
70 87
70 91
70 95
71 85
73 74
74 75
74 88
74 92
75 94
75 96
77 86
78 85
78 98
79 90
80 84
81 88
83 99
84 89
87 95
88 93
90 97
91 96
92 97
