100 100
25 16
68 73
23 82
4 22
96 100
17 83
10 81
36 26
22 39
44 33
71 12
60 47
30 38
77 94
56 19
58 21
36 68
60 57
62 33
35 36
12 28
22 21
81 47
5 39
59 23
38 73
80 2
24 81
65 23
8 87
47 92
6 29
55 69
80 87
18 40
4 38
40 99
7 22
26 44
45 63
98 25
46 66
18 63
31 70
99 13
39 68
22 58
78 34
17 51
59 63
55 39
27 22
81 31
37 80
90 99
84 34
19 8
15 61
63 17
71 3
34 100
31 74
24 53
28 95
54 51
45 6
87 55
76 66
30 80
49 43
38 21
35 86
65 21
78 87
93 55
39 30
32 4
34 92
17 39
24 86
30 78
68 44
50 19
36 64
71 21
17 41
50 14
14 100
63 38
90 18
7 33
6 10
49 38
34 77
66 17
50 73
18 12
7 39
12 47
57 89
