134
1 0 4000
1 0 4000
1 0 4000
1 0 4000
1 0 4000
1 0 4000
1 0 4000
1 0 4000
1 0 4000
1 0 4000
1 0 4000
1 0 4000
1 0 4000
1 0 4000
1 0 4000
1 0 4000
1 0 4000
1 0 4000
1 0 4000
1 0 4000
1 0 4000
1 0 4000
1 0 4000
1 0 4000
1 0 4000
1 0 4000
1 0 4000
1 0 4000
1 0 4000
1 0 4000
1 0 4000
1 0 4000
1 0 4000
1 0 4000
1 0 4000
1 0 4000
1 0 4000
1 0 4000
1 0 4000
1 0 4000
1 0 4000
1 0 4000
1 0 4000
1 0 4000
1 0 4000
1 0 4000
1 0 4000
1 0 4000
1 0 4000
1 0 4000
1 0 4000
1 0 4000
1 0 4000
1 0 4000
1 0 4000
1 0 4000
1 0 4000
1 0 4000
1 0 4000
1 0 4000
1 0 4000
1 0 4000
1 0 4000
1 0 4000
1 0 4000
1 0 4000
1 0 4000
1 0 4000
1 0 4000
1 0 4000
1 0 4000
1 0 4000
1 0 4000
1 0 4000
1 0 4000
1 0 4000
1 0 4000
1 0 4000
1 0 4000
1 0 4000
1 0 4000
1 0 4000
1 0 4000
1 0 4000
1 0 4000
1 0 4000
1 0 4000
1 0 4000
1 0 4000
1 0 4000
1 0 4000
1 0 4000
1 0 4000
1 0 4000
1 0 4000
1 0 4000
1 0 4000
1 0 4000
1 0 4000
1 0 4000
1 0 4000
1 0 4000
1 0 4000
1 0 4000
1 0 4000
1 0 4000
1 0 4000
1 0 4000
1 0 4000
1 0 4000
1 0 4000
1 0 4000
1 0 4000
1 0 4000
1 0 4000
1 0 4000
1 0 4000
1 0 4000
1 0 4000
1 0 4000
1 0 4000
1 0 4000
1 0 4000
1 0 4000
1 0 4000
1 0 4000
1 0 4000
1 0 4000
1 0 4000
1 0 4000
1 0 4000
1 0 4000
1 0 4000
1 0 4000
