686
251 251 254 2830 2837 1352 1358 2885 2892 3171 3188 381 392 1283 1291 308 313 172 185 2742 2756 3311 3321 2054 2068 2464 2490 2216 2241 1569 1576 916 920 667 670 2764 2777 3608 3612 135 137 1863 1873 2633 2638 1680 1681 2589 2593 738 757 2857 2872 3751 3758 1881 1887 2405 2408 3502 3510 83 89 1007 1014 3883 3887 1337 1338 3226 3237 3448 3451 267 273 3333 3340 2893 2899 3803 3809 3059 3062 3420 3440 3455 3471 2206 2207 1053 1057 1360 1363 1876 1879 3038 3043 1669 1679 2004 2031 3631 3635 3859 3866 1341 1344 3330 3331 3015 3016 3890 3896 687 696 1390 1392 818 819 493 498 347 373 1122 1131 2522 2537 2047 2053 3084 3085 1922 1925 1494 1501 3600 3601 3614 3622 3072 3081 276 283 718 725 3087 3098 1220 1242 1474 1477 942 948 94 101 1532 1564 1269 1275 2655 2667 1464 1471 248 249 3761 3772 337 343 1602 1617 2390 2398 986 991 662 664 879 915 3527 3535 3680 3686 190 203 1387 1389 2670 2675 1513 1523 700 709 1712 1720 2961 2964 2208 2210 3556 3564 595 604 2367 2373 207 213 1888 1889 326 334 2697 2704 3783 3796 1814 1820 794 806 1763 1765 1977 1978 2594 2605 3189 3196 2779 2794 3821 3823 1015 1017 933 941 1620 1626 551 565 2151 2161 1937 1949 1401 1404 2973 2976 2086 2103 2509 2518 3356 3357 2420 2422 501 504 3824 3827 762 781 1080 1092 2722 2728 1506 1509 3290 3296 2932 2937 3867 3870 658 661 2581 2587 3109 3120 627 629 2424 2457 728 730 851 858 2968 2971 1954 1966 1511 1512 484 491 2273 2281 2544 2559 3830 3844 2948 2956 3141 3148 2993 2996 1258 1263 1628 1632 2299 2305 3205 3206 3349 3353 2797 2817 2109 2116 2410 2417 453 481 2978 2992 3027 3033 16 31 3363 3365 140 150 1211 1216 1151 1157 1366 1375 2616 2626 3879 3882 61 74 2734 2737 1187 1189 2032 2040 2876 2878 1697 1700 1162 1179 1442 1450 2187 2191 3849 3850 114 128 3584 3592 3970 3977 3301 3306 3483 3485 2180 2182 3737 3744 131 134 1322 1323 3238 3249 1794 1801 514 518 2911 2928 3452 3453 103 110 2679 2686 3570 3582 1301 1317 2248 2255 3981 3982 3222 3225 2326 2345 2122 2127 3917 3932 1690 1696 528 545 1747 1748 3121 3130 3937 3953 1243 1256 1899 1903 1019 1046 427 443 2292 2296 2375 2379 1485 1490 2492 2501 400 413 3639 3651 3009 3013 3260 3272 1058 1077 1854 1857 223 226 922 923 3693 3708 615 621 303 306 3489 3493 3391 3418 3273 3277 952 955 3214 3220 3959 3962 2383 2385 1984 1989 2309 2322 1786 1793 1094 1107 38 39 1836 1850 2613 2614 3524 3525 3514 3515 2069 2080 2874 2875 1657 1662 1633 1646 639 655
8 761 1097 750 758 2024 2042 1356 1456 2416 2672 1705 1953 2871 3729 439 687
20 578 759 430 514 394 410 2188 2243 3461 3588 325 366 981 1127 807 869 1686 1813 945 960 0 111 256 264 3617 3684 1136 1171 3799 3863 1647 1667 1979 2021 1369 1459 3100 3142 2335 2829
26 1936 2104 80 231 3342 3519 2498 2556 2673 2717 1141 1282 854 868 2885 2930 282 339 373 404 896 1082 3848 3900 3526 3554 2136 2138 1497 1584 1427 1433 3185 3231 2579 2651 1798 1909 689 835 1477 1493 2960 3061 3606 3708 1302 1385 3755 3847 2366 2385
7 2597 3198 2428 2459 3856 3893 1862 2411 3298 3324 700 1206 66 673
1 341 2822
4 240 301 2717 3346 780 1075 1820 2295
4 2482 2797 2244 2368 786 1270 3182 3417
1 1691 3469
1 623 988
1 1296 3284
1 1285 1637
2 2966 3930 698 1798
1 2232 2518
1 2323 3748
1 2107 2209
1 690 2893
1 623 3873
1 765 3341
1 454 1052
1 2348 2947
1 1074 1349
1 39 2047
1 1654 2258
1 3690 3977
1 1542 3274
1 2811 3965
1 925 2448
1 265 3776
1 1317 3180
1 753 1868
1 1827 1841
1 2832 2956
1 1213 2710
1 820 1991
1 621 3767
1 819 3433
1 1853 1880
1 599 1655
1 110 1923
1 1164 3791
1 1164 2720
1 1552 3603
1 87 1350
1 2226 3259
1 2518 3025
1 995 3844
1 525 2786
1 980 3385
1 584 2789
1 1914 2837
1 1 2882
1 2765 3604
1 779 2692
1 93 920
1 2229 2611
1 159 3607
1 1220 1521
1 1852 2201
1 989 3837
1 833 3993
1 1621 3963
1 2217 3816
1 1453 3596
1 515 2039
1 1884 3834
1 1843 3993
1 1513 1645
1 2410 3365
1 290 1470
1 2212 3293
1 3833 3952
1 611 3138
1 590 3052
1 2271 3719
1 1583 1602
1 533 3506
1 3213 3267
1 139 1676
1 235 3267
1 1560 3528
1 3479 3847
1 1178 3183
1 1318 2335
1 1081 3589
1 1171 1432
1 1765 2705
1 2066 2881
1 2205 2748
1 1471 1979
1 120 2589
1 2499 3967
1 237 2242
1 2212 2572
1 742 2772
1 138 3263
1 1968 3107
1 848 3698
1 644 684
1 2178 2663
1 1035 2340
1 508 839
1 169 3460
1 677 2381
1 301 1152
1 2379 3514
1 2575 3897
1 221 2272
1 4 1524
1 1032 2182
1 188 305
1 813 2376
1 1361 2707
1 2186 3127
1 1326 3428
1 2297 2941
1 1442 3926
1 147 3643
1 2692 2760
1 880 3515
1 88 1068
1 532 3002
1 3239 3844
1 1943 2514
1 1334 3840
1 55 2137
1 667 1156
1 309 3742
1 90 2777
1 693 1817
1 127 781
1 871 2743
1 1803 2172
1 1140 3746
1 2146 2169
1 756 3313
1 468 2308
1 874 1299
1 675 1164
1 2148 2981
1 1590 3108
1 1851 2100
1 1111 3142
1 511 2251
1 394 1485
1 1206 2242
1 153 1638
1 1946 3601
1 276 2959
1 2239 3513
1 1102 2212
1 2966 3202
1 1679 3433
1 1032 3285
1 1427 1725
1 2333 2633
1 3343 3875
1 821 1820
1 686 1867
1 105 1716
1 2816 3406
1 111 2371
1 346 1139
1 1512 1692
1 2378 3237
1 1638 2659
1 3090 3139
1 3367 3911
1 1686 3196
1 490 3300
1 5 394
1 1594 1814
1 1940 3913
1 1443 3633
1 1094 3099
1 736 2173
1 964 2972
1 330 3646
1 614 2140
1 1003 3590
1 1008 2233
1 282 2822
1 1792 3823
1 1528 2354
1 2777 3449
1 1440 2710
1 1672 1681
1 1327 2083
1 555 3494
1 144 2589
1 2377 3264
1 1422 3749
1 85 1540
1 1777 3068
1 190 2934
1 373 1702
1 1038 3134
1 250 2306
1 1799 1970
1 1476 3215
1 1829 2552
1 2897 3251
1 424 3152
1 3230 3290
1 568 1662
1 630 2270
1 2309 3309
1 647 2757
1 531 3706
1 8 2861
1 2423 2560
1 361 2545
1 1697 3138
1 541 2015
1 1013 3677
1 1396 1507
1 2374 3705
1 2461 3464
1 2858 2992
1 1140 2941
1 1363 1987
1 1724 1751
1 765 1950
1 1292 2492
1 593 2197
1 2101 2582
1 1563 3415
1 1026 3555
1 973 1431
1 100 3202
1 1188 1690
1 2929 2939
1 792 3801
1 2084 3458
1 1129 1369
1 655 1040
1 454 488
1 1097 2203
1 2378 2528
1 2629 2633
1 1407 1828
1 1424 2386
1 1757 2313
1 166 2859
1 1077 2156
1 1732 3650
1 1422 3310
1 1512 3669
1 29 3891
1 2453 2523
1 1440 2988
1 914 2889
1 2816 3760
1 3536 3926
1 3170 3427
1 687 3909
1 76 1330
1 2087 2831
1 2116 3772
1 328 568
1 602 645
1 622 3372
1 3438 3566
1 61 2073
1 527 3489
1 1264 2970
1 232 1341
1 805 1260
1 2120 2890
1 1953 3537
1 1227 3539
1 599 742
1 164 1771
1 3326 3648
1 1450 3853
1 3512 3911
1 143 1480
1 948 1868
1 3253 3838
1 2879 3843
1 2090 2417
1 247 2070
1 2018 2673
1 1666 3802
1 204 991
1 2759 3716
1 2285 2879
1 152 339
1 148 493
1 336 3167
1 1722 3515
1 1504 1584
1 256 2974
1 57 1696
1 2138 3745
1 896 2735
1 863 1635
1 678 1202
1 1758 2439
1 2695 3764
1 416 1736
1 2125 3009
1 2762 3071
1 766 2506
1 1600 3915
1 334 2617
1 1969 2124
1 2647 3915
1 1493 2947
1 2345 2472
1 80 3422
1 3294 3886
1 2056 3022
1 1650 2415
1 43 1564
1 1270 3809
1 1559 3394
1 171 396
1 1075 3343
1 1506 1814
1 631 1235
1 1261 2209
1 899 1231
1 734 1785
1 1866 3437
1 1675 2689
1 322 3363
1 1582 2006
1 383 2657
1 162 1343
1 646 793
1 1119 2054
1 41 1974
1 884 1826
1 2352 2533
1 1745 2129
1 1491 3317
1 585 1369
1 969 3819
1 2700 3401
1 46 483
1 590 2254
1 227 3996
1 2200 3543
1 732 913
1 1238 2478
1 2883 3238
1 251 2648
1 1159 3640
1 377 947
1 1278 2519
1 2972 3109
1 3105 3808
1 685 3736
1 1567 1737
1 63 3711
1 2161 3301
1 2102 3037
1 3717 3766
1 142 2301
1 1373 1420
1 391 1581
1 1288 2955
1 1973 2733
1 710 3540
1 339 2332
1 608 2500
1 1690 1767
1 266 1406
1 795 3924
1 528 2169
1 739 3750
1 59 3793
1 661 2525
1 999 3236
1 162 2656
1 353 3389
1 1916 3209
1 1658 3475
1 75 487
1 1015 3725
1 794 2843
1 3344 3992
1 652 3181
1 1651 2079
1 1606 1813
1 1472 2291
1 206 2015
1 247 1864
1 975 3029
1 1409 2753
1 1100 3547
1 1629 2890
1 3040 3159
1 1238 2976
1 323 2844
1 327 1405
1 508 1773
1 756 3517
1 1731 3646
1 228 1350
1 1158 2417
1 1134 3809
1 174 2451
1 238 2834
1 561 867
1 1803 1978
1 839 1029
1 355 1551
1 1025 1089
1 227 3528
1 685 3420
1 553 1583
1 1122 1816
1 2054 3956
1 822 3705
1 2771 3715
1 698 1832
1 2143 3383
1 407 3232
1 1023 3849
1 1622 1806
1 1567 3205
1 326 2109
1 1370 3679
1 602 3282
1 84 2636
1 1360 1916
1 1299 3107
1 2795 3898
1 1463 3819
1 2713 2943
1 279 2019
1 1648 2389
1 3094 3156
1 3683 3759
1 3483 3975
1 126 842
1 1037 2065
1 2023 2146
1 1458 3486
1 619 3517
1 1535 2491
1 3183 3567
1 2058 2277
1 1959 3009
1 3022 3240
1 236 644
1 2301 2876
1 446 3495
1 2994 3997
1 701 1406
1 438 3192
1 839 3847
1 717 2994
1 840 3091
1 720 3419
1 62 83
1 26 1376
1 3521 3707
1 606 1147
1 2012 2074
1 2516 3539
1 1467 1582
1 919 3273
1 112 2533
1 833 2105
1 916 2876
1 2795 3381
1 175 2104
1 36 1323
1 485 3874
1 89 1500
1 1671 3407
1 1159 3679
1 2211 2995
1 1404 3920
1 263 280
1 670 3075
1 2192 2267
1 2303 3234
1 1971 3265
1 1853 3808
1 1183 1259
1 25 3508
1 3230 3591
1 2546 3510
1 3774 3784
1 1532 1937
1 559 812
1 45 3358
1 3105 3479
1 1173 2913
1 95 2958
1 1210 2413
1 1528 2635
1 73 2157
1 945 1995
1 2882 3201
1 529 570
1 1296 3888
1 324 454
1 1628 3706
1 585 940
1 86 523
1 701 3810
1 1967 3382
1 1050 3749
1 250 2800
1 1560 1910
1 1132 3206
1 618 749
1 323 560
1 2353 3284
1 3192 3965
1 308 665
1 1135 2954
1 883 2760
1 600 771
1 232 2331
1 1483 3463
1 1301 3710
1 1302 1861
1 1145 1610
1 336 2504
1 644 3483
1 271 686
1 115 535
1 1009 1135
1 2154 2456
1 1028 3385
1 737 3822
1 1964 2039
1 430 738
1 2338 3242
1 1298 2724
1 84 3836
1 596 1288
1 2240 2298
1 655 1540
1 924 2491
1 1834 3789
1 3476 3799
1 1317 2112
1 744 805
1 2011 2042
1 1877 3862
1 3488 3562
1 736 1802
1 2457 3121
1 947 1049
1 5 1824
1 2388 3699
1 500 3609
1 2394 3168
1 404 1968
1 266 1670
1 842 1455
1 1578 2529
1 1787 2989
1 2077 2836
1 2090 2841
1 3629 3937
1 1581 3237
1 1631 2405
1 1461 2426
1 2351 3131
1 1241 1675
1 1292 3694
1 281 3948
1 2358 2659
1 447 2317
1 383 1976
1 2935 3053
1 1482 1773
1 1287 2423
1 726 3769
1 1967 2468
1 1661 3099
1 1307 1608
1 266 1302
1 1222 3672
1 1648 3984
1 1671 2372
1 1086 3154
1 1576 2205
1 785 1344
1 673 901
1 1147 4000
1 1 2395
1 3138 3697
1 2008 2809
1 1991 2927
1 517 1451
1 1161 2538
1 665 742
1 2546 2616
1 62 3289
1 635 1524
1 1526 3958
1 888 1752
1 560 3174
1 2219 3487
1 1 4
1 2254 3455
1 7 3150
1 420 2553
1 3036 3705
1 339 3641
1 297 1333
1 331 2274
1 1204 1447
1 83 754
1 755 2043
1 1298 1453
1 447 3401
1 868 3179
1 1573 3904
1 345 633
1 641 1966
1 3387 3552
1 1302 1679
1 1762 3613
1 2498 3805
1 1257 2477
1 708 1746
1 36 2014
1 675 3007
1 1020 1680
1 1782 2750
1 3270 3390
1 691 3031
1 238 1392
1 979 3290
1 3096 3456
1 1252 1288
1 1289 3929
1 1384 3437
1 3064 3938
1 846 2159
1 115 2347
1 3010 3147
1 473 1351
1 2544 3763
1 3541 3947
1 2324 2883
1 1060 2252
1 1251 2778
1 2118 3804
1 1093 1962
1 1398 2818
1 1021 1496
1 1005 2848
1 1391 2381
1 1824 2020
1 902 3634
1 3052 3784
1 302 2312
1 2223 3509
1 601 1198
1 508 2108
1 2618 3134
1 393 711
1 180 2127
1 1801 2004
1 1421 2726
1 3365 3599
1 648 1910
1 132 1799
1 1663 2420
1 527 1667
1 3069 3661
1 1143 3056
1 358 1889
1 291 2159
1 3580 3624
1 32 2036
1 681 3500
1 1266 2480
1 1231 3630
1 3683 3988
1 244 3056
1 1601 3200
1 1089 2580
1 1380 3740
1 2092 3993
