816
95 2038 2048 1212 1227 332 333 1272 1329 2479 2528 3803 3831 1665 1667 2078 2102 3227 3228 8 14 1412 1415 2108 2145 1061 1122 3628 3630 1344 1374 1689 1708 1153 1159 374 465 2611 2615 1450 1481 973 979 770 790 3296 3326 995 1012 816 863 1396 1407 2356 2393 3493 3539 3833 3893 2789 2791 660 742 358 365 2221 2225 3482 3487 3411 3416 3770 3776 2652 2718 2408 2442 2977 2980 2892 2918 1914 1940 2537 2549 605 634 3653 3654 3542 3547 100 106 1864 1866 3741 3758 3225 3226 3714 3718 885 910 2280 2339 1270 1271 2154 2184 43 45 3100 3104 1728 1758 2837 2850 3690 3698 261 329 3383 3395 2253 2278 1482 1496 3894 3938 572 587 756 759 193 247 1531 1565 2463 2465 3248 3290 3603 3616 3179 3192 1867 1894 3786 3787 53 68 3579 3594 3022 3037 1132 1151 1180 1208 2209 2211 1031 1057 1942 1959 2826 2829 3777 3779 1985 2017 2853 2887 3552 3559 3124 3166 913 939 1770 1809 2621 2635 74 82 3375 3381 1568 1611 3212 3213
59 1183 1261 1611 1693 3983 3995 3899 3906 3615 3703 1549 1572 1736 1745 2134 2207 862 875 3828 3896 3192 3454 1462 1475 531 535 2839 2883 2463 2474 199 200 3948 3976 1130 1134 3067 3075 3790 3820 1375 1389 2812 2833 1398 1401 2923 2961 233 245 16 124 1794 1802 2679 2710 2565 2579 2305 2332 1765 1791 996 1061 1109 1129 2720 2753 637 716 128 170 272 278 2374 2444 1804 1921 2754 2765 2351 2369 404 422 767 812 2018 2079 3461 3614 201 218 1067 1092 1264 1309 2618 2644 467 512 2530 2546 258 261 1141 1157 901 910 3045 3050 2268 2296 577 603 1496 1531 950 989
29 1990 2052 1823 1870 27 76 2683 2842 230 473 1143 1151 3938 3955 2581 2596 3573 3671 1921 1982 693 952 2452 2456 1154 1421 3197 3249 3983 4000 3371 3372 594 665 3457 3528 3250 3270 3699 3746 2243 2307 3374 3387 3073 3155 1452 1461 1465 1525 2172 2207 1026 1140 3772 3847 2082 2095
4 301 363 3002 3226 659 2011 2542 2599
1 1611 3476
1 3145 3706
1 42 2890
2 3048 3338 1101 2031
1 2855 3522
1 280 3995
1 2821 3374
1 2599 3184
1 1197 3485
1 1232 3337
1 88 2843
1 3437 3637
1 767 3330
1 104 3467
1 76 2691
1 875 1445
1 53 265
1 2862 3449
1 22 671
1 1254 1580
1 97 1964
1 822 2581
1 1590 2087
1 713 1694
1 1474 1529
1 110 2349
1 2687 3491
1 1726 3441
1 1200 2275
1 2198 2780
1 1458 1832
1 412 2984
1 3589 3946
1 1326 1390
1 2919 3262
1 1273 3029
1 729 2805
1 450 530
1 709 2805
1 989 2091
1 637 3613
1 2333 3621
1 2965 3567
1 892 2274
1 154 3278
1 2516 3933
1 2937 3246
1 784 2520
1 1493 1543
1 2856 3572
1 2949 3184
1 873 2606
1 298 2659
1 932 3313
1 804 1299
1 1215 1231
1 167 654
1 3776 3987
1 1319 3849
1 174 2515
1 211 360
1 1084 2844
1 948 2472
1 2873 3707
1 446 3677
1 891 1340
1 1839 2634
1 1582 3709
1 2110 3557
1 1220 3160
1 609 3901
1 541 2854
1 1501 2578
1 2285 2807
1 1045 3820
1 1670 2249
1 615 1176
1 2758 3729
1 1957 2617
1 265 1001
1 1254 3560
1 1197 2330
1 362 2698
1 1505 3777
1 2550 3153
1 1308 3294
1 325 1924
1 1652 2169
1 1357 2633
1 830 2358
1 2187 3006
1 1242 1336
1 838 2787
1 100 2563
1 1648 2804
1 103 3186
1 600 807
1 2687 2769
1 412 2490
1 1184 3320
1 2220 2596
1 510 3838
1 675 3998
1 1864 3272
1 49 3512
1 703 3378
1 1102 1510
1 1285 1839
1 227 1698
1 1061 3971
1 2190 2430
1 1715 2701
1 3426 3787
1 1010 3058
1 1158 3108
1 1199 3574
1 1514 1764
1 1340 3603
1 918 2112
1 285 3068
1 1497 1779
1 2956 3212
1 3726 3971
1 736 2748
1 2983 3390
1 632 1270
1 2578 2784
1 1212 3122
1 3325 3863
1 478 3610
1 1064 2477
1 2522 3841
1 2405 3581
1 756 2328
1 2807 3255
1 527 859
1 193 3127
1 3157 3315
1 2790 3178
1 744 3340
1 46 1809
1 1160 2738
1 2231 3664
1 76 2982
1 3035 3331
1 1278 2071
1 1493 3467
1 650 3646
1 2125 3440
1 2841 3868
1 1343 3914
1 2163 2322
1 1823 2915
1 1896 1992
1 489 931
1 90 3971
1 2890 3557
1 290 3091
1 2416 3696
1 2345 3477
1 2 3688
1 514 3098
1 2009 3764
1 1 2333
1 977 1579
1 41 1550
1 383 1528
1 1708 3307
1 1403 3970
1 879 1159
1 1971 2217
1 277 3574
1 426 1588
1 1814 2759
1 824 3937
1 77 865
1 1398 2337
1 2276 2733
1 532 2702
1 949 1204
1 1309 3167
1 532 2190
1 2120 2168
1 155 1023
1 2048 3233
1 978 2125
1 272 3524
1 2184 2888
1 508 1803
1 1712 3914
1 109 3993
1 2041 3388
1 752 1555
1 1711 3890
1 2032 2874
1 3010 3772
1 371 1534
1 1633 3644
1 465 2536
1 2449 3087
1 1569 3530
1 1395 2660
1 1753 3412
1 390 2409
1 352 2998
1 123 2724
1 574 2746
1 125 379
1 844 2564
1 421 3931
1 2168 2589
1 1072 1112
1 3444 3915
1 2241 2323
1 927 2409
1 1132 1645
1 2461 2795
1 737 2920
1 1483 1568
1 2023 2993
1 926 2249
1 448 449
1 2630 3893
1 1312 3223
1 149 383
1 896 2883
1 2432 2622
1 3093 3169
1 1825 3943
1 1636 3848
1 348 1863
1 2311 2739
1 2030 2201
1 430 1577
1 1902 3276
1 3383 3888
1 2509 2800
1 1012 1601
1 2632 3233
1 24 1356
1 1704 3810
1 21 1531
1 3594 3732
1 1308 3058
1 583 2834
1 1055 2758
1 943 2654
1 1955 2070
1 654 1187
1 1064 2301
1 1322 3199
1 3220 3442
1 2050 2813
1 2688 2960
1 2882 3756
1 1639 3815
1 1381 3760
1 539 2214
1 445 1194
1 1309 2258
1 2439 3580
1 110 3451
1 1994 2160
1 1357 1937
1 1692 2028
1 1460 2595
1 1947 2355
1 1657 3378
1 2102 3852
1 2601 3411
1 2939 3652
1 3478 3901
1 2560 3369
1 2739 3917
1 1068 3034
1 493 3368
1 3307 3530
1 2804 2907
1 1751 2758
1 1358 2982
1 2098 3559
1 1998 3715
1 1367 3982
1 585 1194
1 2263 3126
1 2719 3358
1 2025 3274
1 1544 1917
1 2560 3669
1 1678 3739
1 206 3297
1 2762 3011
1 80 1883
1 1754 3565
1 879 2252
1 1060 1326
1 362 1688
1 282 321
1 197 2881
1 558 2870
1 1853 3990
1 295 1703
1 1510 3587
1 2270 3151
1 223 2491
1 439 3552
1 462 1002
1 2374 3600
1 654 2571
1 1441 2465
1 14 2519
1 2814 3037
1 1070 1412
1 3185 3682
1 141 993
1 2521 3066
1 2984 3317
1 2344 3672
1 603 1414
1 2832 3880
1 982 2708
1 18 437
1 1089 3870
1 1362 2888
1 2145 2592
1 982 1657
1 2062 3371
1 1494 3851
1 1614 2097
1 2018 3038
1 1814 1902
1 373 2251
1 1658 2120
1 1444 2096
1 911 1330
1 1371 3401
1 1441 3861
1 494 3711
1 308 2413
1 1536 2540
1 441 2643
1 1820 1904
1 650 2104
1 2094 3478
1 3005 3301
1 376 1716
1 2877 2906
1 3188 3401
1 3709 3905
1 896 1244
1 975 993
1 1816 3884
1 3068 3076
1 2439 2553
1 994 2943
1 658 1969
1 623 1255
1 401 3811
1 346 804
1 2704 2789
1 690 3782
1 2687 3118
1 1754 3449
1 1281 1518
1 1682 3364
1 1332 1940
1 2573 3676
1 76 3201
1 1511 3229
1 53 1304
1 1994 2122
1 1111 3343
1 446 1648
1 254 626
1 447 3026
1 2054 3211
1 1715 3721
1 853 916
1 144 2885
1 1287 2810
1 1522 3409
1 16 3841
1 286 2286
1 912 2309
1 701 1359
1 569 3547
1 289 3724
1 664 2231
1 1116 1682
1 1014 2389
1 2536 3310
1 402 3642
1 1927 2605
1 1325 3545
1 1827 2026
1 223 2661
1 673 3473
1 137 2838
1 2908 3008
1 410 1296
1 1695 3100
1 1197 2097
1 224 701
1 1334 3538
1 249 3763
1 1561 2436
1 2234 2768
1 477 2161
1 1168 3329
1 1474 1578
1 632 677
1 2963 3416
1 1840 3187
1 2192 3813
1 956 3576
1 2836 3100
1 2288 2956
1 2301 3433
1 3540 3851
1 1324 2597
1 39 3045
1 265 2461
1 300 1499
1 523 3581
1 1626 1970
1 461 754
1 11 3838
1 2592 3227
1 420 2766
1 2452 3418
1 1080 3580
1 509 3846
1 2433 3990
1 44 2656
1 2224 3103
1 2456 3858
1 957 1788
1 75 637
1 1058 2884
1 475 1543
1 1525 1555
1 552 3153
1 217 3142
1 183 2887
1 1110 3730
1 1990 3567
1 711 2443
1 359 3607
1 2146 2490
1 32 3787
1 967 1558
1 1727 3199
1 3417 3422
1 3549 3600
1 417 3720
1 82 3496
1 206 3214
1 391 566
1 3295 3801
1 675 2167
1 1642 2603
1 457 1682
1 1003 3879
1 515 2378
1 1324 3727
1 1406 3275
1 1709 2389
1 1034 3189
1 2483 3286
1 1116 1738
1 340 2979
1 576 3111
1 114 1372
1 2674 3581
1 395 662
1 3069 3671
1 2058 3148
1 1254 1271
1 1645 2105
1 2756 2761
1 1170 2828
1 1226 3404
1 776 2829
1 309 538
1 1200 3394
1 268 3803
1 2327 2706
1 669 3318
1 206 2775
1 2619 3578
1 1775 3790
1 312 2104
1 932 1960
1 811 1241
1 1724 3242
1 1526 3157
1 1320 3831
1 637 741
1 1932 2922
1 2598 2748
1 372 2424
1 684 2016
1 2644 3923
1 543 783
1 874 2181
1 30 779
1 950 3647
1 1691 3017
1 1701 3057
1 449 1871
1 393 3962
1 1977 2704
1 207 2988
1 859 2644
1 2321 3041
1 810 3820
1 554 1914
1 337 3572
1 486 3717
1 2567 2677
1 158 333
1 1383 2862
1 158 205
1 1671 2802
1 769 2211
1 741 3021
1 934 1833
1 962 2360
1 1783 2846
1 304 2501
1 363 2834
1 1305 1472
1 557 2599
1 1358 3719
1 828 2128
1 978 3958
1 948 2879
1 2561 3842
1 833 1624
1 2822 3017
1 576 3380
1 851 2488
1 350 2497
1 2371 3304
1 132 3193
1 2199 3314
1 235 2455
1 707 2796
1 717 1319
1 628 776
1 2293 3823
1 780 2791
1 1131 3064
1 3024 3502
1 3254 3784
1 185 2699
1 3191 3730
1 436 2562
1 1756 1773
1 2609 3621
1 532 3549
1 957 3323
1 3216 3476
1 1060 2499
1 1752 3297
1 1540 1665
1 730 2232
1 3035 3292
1 1065 3723
1 762 2216
1 1399 2426
1 3445 3840
1 210 3750
1 809 1713
1 1194 3806
1 2770 2859
1 1090 1919
1 798 1214
1 113 2025
1 1329 3362
1 2230 3755
1 542 682
1 354 892
1 2553 3694
1 3250 3499
1 2788 3357
1 1276 3866
1 2074 2763
1 2040 3276
1 2637 3471
1 1955 2752
1 2497 3432
1 645 2851
1 519 2492
1 1742 3380
1 1618 2345
1 1257 1484
1 1335 3438
1 463 1742
1 249 1022
1 862 2996
1 1382 2586
1 2028 2857
1 20 3636
1 1967 3016
1 2449 3412
1 795 1301
1 232 467
1 2795 3063
1 1487 3312
1 3397 3904
1 275 1982
1 233 838
1 859 3042
1 1430 2826
1 1561 3326
1 398 626
1 719 2182
1 552 977
1 848 3553
1 3255 3456
1 820 2523
1 1053 3173
1 94 2940
1 2613 3431
1 1262 2937
1 1660 1980
1 1819 3468
1 19 2978
1 1956 3200
1 1210 3823
1 3733 3841
1 752 2906
1 679 2934
1 1465 2364
1 1076 2389
1 1457 2190
1 364 3930
1 3343 3852
1 1839 3631
1 3379 3453
1 1463 3294
1 366 1134
1 323 1813
1 1462 3278
1 1442 2303
1 406 720
1 169 649
1 501 1577
1 2340 3005
1 2808 3478
1 71 270
1 1725 2575
1 2048 3985
1 326 599
1 1210 2902
1 481 3308
1 565 2299
1 2143 3393
1 2005 2236
1 1713 3160
1 1945 2873
1 22 1448
1 323 1432
1 2847 3525
1 56 2004
1 1627 3013
1 742 3926
1 209 406
1 177 2412
1 2485 2660
1 689 1693
1 2805 3163
1 3128 3362
1 2698 3741
1 1744 3721
1 1846 3646
1 3677 3968
1 1943 3886
1 62 3150
1 1503 3636
1 324 3748
1 3488 3777
1 3430 3938
1 2635 3427
1 447 2356
1 1524 3090
1 145 228
1 1035 2088
1 1237 2248
1 2962 3830
1 3424 3577
1 441 1578
1 3627 3872
1 386 801
1 833 2806
1 2555 3446
1 148 3674
1 1797 2508
1 45 751
1 146 3007
1 2088 3519
1 1096 1442
1 1373 1811
1 1241 2613
1 832 2507
1 1061 3869
1 1994 2299
1 806 1353
1 2646 2801
1 2575 2792
1 1968 2177
1 499 2445
1 243 2961
1 1290 3001
1 2145 3211
1 3079 3210
1 2161 3721
1 603 994
1 64 3404
1 268 1978
1 1244 3479
1 777 3296
1 208 1020
1 21 2880
1 1907 3255
1 2074 2464
1 1324 2185
1 267 1927
1 331 1330
1 397 599
1 1166 1641
1 461 2418
1 527 1758
1 1637 1780
1 891 1315
1 443 2872
1 3511 3717
1 2619 3984
1 314 1002
1 2002 3485
1 856 3168
1 717 3087
1 3565 3764
1 2433 2935
1 836 1890
1 2753 3709
1 307 1689
1 15 3038
1 2106 3402
1 1095 1590
1 2447 3187
1 6 2622
1 333 2385
1 1187 2408
1 298 3678
1 147 3051
1 1061 1828
1 1954 2780
1 1355 3393
1 2498 3539
1 694 2725
1 2058 3821
1 153 1227
1 1341 3962
1 1127 2107
1 218 2255
1 404 3018
1 3184 3214
1 2335 3665
1 651 3252
1 1647 3946
1 2003 2177
1 240 3230
1 279 2867
1 2496 3901
1 2321 2714
1 880 1732
1 945 1267
1 368 696
1 2109 2569
1 2891 3756
1 115 1932
1 1160 3262
1 2359 3217
1 205 1986
1 809 2526
1 494 1887
1 1761 3369
1 33 3546
1 1452 2114
1 1032 2093
1 1647 2209
1 263 3369
1 2816 3199
1 1891 2414
1 123 2700
1 587 1636
1 880 3956
1 1069 3990
1 1441 2716
1 2470 3562
1 1208 3069
1 2561 2688
1 1568 1759
1 753 1261
1 143 2474
1 109 3148
1 2079 2646
1 236 993
1 40 2886
1 2892 3600
