16
63 559 596 3118 3150 1193 1206 1835 1912 3945 3975 1151 1165 1034 1051 2384 2445 3902 3913 2847 2871 2680 2685 3151 3205 2937 2968 2073 2080 1674 1701 1335 1433 2335 2375 3282 3379 3012 3020 1504 1569 2143 2210 118 155 2810 2815 734 753 302 426 3071 3086 1176 1179 635 660 2087 2115 3471 3631 1455 1487 1277 1296 3836 3857 2655 2663 2589 2621 3803 3812 2633 2639 2235 2249 1586 1621 200 297 2715 2804 3748 3752 1968 2032 1136 1149 3214 3237 3882 3890 1768 1785 817 833 702 709 1913 1966 869 935 1803 1818 161 194 3724 3729 955 1032 2562 2581 1063 1079 1214 1226 3653 3698 435 463 2520 2521 1093 1098 15 57
80 929 977 3396 3451 3938 3969 2803 2841 2474 2490 2505 2518 3853 3863 685 697 1397 1410 3512 3549 3162 3223 1317 1340 1927 1952 3775 3800 2118 2154 1020 1051 903 925 3240 3244 143 153 655 673 281 293 168 195 2946 3013 3656 3695 308 330 259 274 1683 1690 805 832 980 1006 1959 2005 2027 2100 56 140 3566 3603 3631 3645 1132 1166 1277 1281 2523 2534 1664 1671 2535 2540 1644 1662 2568 2592 3031 3041 1481 1505 1724 1734 2177 2187 1215 1255 3073 3078 2684 2689 2700 2703 197 250 339 413 3465 3468 3906 3931 1108 1125 3250 3257 3021 3028 530 533 1743 1850 2739 2764 794 795 544 558 1550 1580 573 627 1899 1906 2223 2242 1861 1863 2189 2191 46 48 3289 3372 3738 3744 3115 3119 2270 2272 3971 3993 1871 1882 2108 2110 1614 1634 2199 2204 2407 2446 2653 2681 1418 1460
63 2007 2019 3108 3117 1816 1842 1574 1613 1668 1694 1967 1978 1491 1505 2336 2402 333 377 2671 2696 796 806 2967 3013 3527 3597 1122 1130 1873 1877 918 981 2055 2071 2581 2591 3168 3180 2472 2506 473 540 1761 1767 3331 3339 2262 2264 3809 3810 407 463 3382 3401 3947 3972 3599 3601 3707 3754 2613 2615 248 257 1019 1097 3074 3087 2544 2545 1893 1912 3308 3311 3244 3307 3414 3455 2645 2660 824 837 3124 3137 3667 3671 1451 1477 3866 3926 2795 2796 2897 2947 560 573 983 998 141 193 3033 3041 756 778 2577 2580 1343 1391 2722 2757 1790 1801 1131 1150 1152 1190 198 232 701 727 1211 1266 634 663 2196 2209
77 817 838 3249 3250 565 595 1448 1468 3303 3341 3549 3649 2331 2378 3007 3013 856 890 2885 2927 2856 2882 2172 2180 2499 2513 3416 3456 11 15 125 166 1573 1608 497 554 2191 2236 621 626 3666 3741 1726 1754 2147 2159 2814 2823 174 176 2237 2277 404 465 3883 3911 1796 1824 780 801 2949 2964 2788 2803 182 225 72 88 2707 2753 2449 2464 2519 2535 3095 3119 1026 1071 395 399 1473 1529 49 61 3749 3764 1352 1374 915 932 1007 1015 267 276 3040 3079 1139 1162 1946 2045 302 331 2582 2622 1912 1925 1878 1891 2109 2120 3995 3997 3519 3543 2465 2486 3353 3373 3134 3136 2644 2666 2556 2574 1222 1256 2758 2767 2080 2107 657 707 2122 2134 2974 2996 1543 1557 1331 1349 43 46 1626 1631 3181 3219 2403 2408 2680 2687 3389 3394 2704 2705
53 821 837 2839 2869 197 244 343 349 3927 3987 423 433 911 975 86 121 2548 2685 1113 1120 2122 2203 3134 3178 2040 2059 1744 1779 1970 1989 2306 2316 1088 1104 3449 3481 2687 2832 2931 2970 1517 1571 3498 3500 856 857 684 705 3024 3085 1664 1725 3236 3341 3740 3822 2067 2108 1304 1365 863 880 34 35 3989 3994 2351 2393 43 60 764 808 1041 1043 1419 1430 1621 1642 3581 3582 2257 2262 2882 2922 2010 2015 1839 1859 3644 3674 1481 1487 2289 2302 2465 2539 478 585 1875 1895 3382 3425 3697 3737 1228 1232
91 2723 2725 1157 1183 2149 2173 3606 3619 3377 3398 1665 1681 980 995 730 744 167 193 2669 2680 2999 3004 2978 2983 2005 2031 1358 1392 554 567 1794 1838 2469 2479 676 728 3200 3217 791 838 2731 2733 3631 3645 3521 3536 2895 2902 3234 3235 118 132 1119 1154 3154 3160 3626 3629 242 265 1696 1714 213 232 2428 2436 3243 3249 586 630 3403 3406 2445 2453 2613 2617 3869 3897 2516 2525 1886 1973 3672 3673 1097 1100 3733 3755 1286 1303 422 449 1006 1014 3844 3848 3129 3142 2933 2975 1686 1689 2734 2791 1731 1761 8 26 3408 3449 1397 1434 279 371 3939 3992 467 495 1490 1510 654 672 2878 2883 2199 2286 2619 2620 1221 1225 2924 2929 1270 1279 897 967 1079 1085 2351 2355 2373 2387 3016 3029 499 523 1515 1530 2125 2139 1980 1995 1247 1249 3458 3469 3768 3796 3909 3912 1534 1580 3252 3312 2059 2111 3483 3506 2686 2705 754 784 1603 1634 632 648 1464 1473 2846 2849 2291 2315
62 2239 2268 2735 2741 1168 1222 3519 3559 2653 2679 866 899 1595 1610 2565 2590 3448 3472 3640 3710 1234 1250 1869 1873 1930 1943 642 696 2485 2541 2852 2853 139 149 2426 2476 2707 2714 205 220 3577 3624 958 961 1073 1132 406 501 296 331 1835 1839 2118 2194 1981 2012 545 554 345 367 734 819 1288 1299 3193 3280 556 577 522 544 1744 1772 3354 3365 2597 2622 2987 3028 1621 1673 3981 3995 234 245 3713 3867 1789 1833 2863 2960 104 119 1253 1257 3297 3347 30 59 2300 2306 930 941 2366 2422 2793 2810 1444 1480 248 263 1881 1900 590 641 3927 3961 2747 2773 150 153 962 1035 1041 1057
60 1542 1599 2102 2123 2344 2436 3082 3126 2654 2736 745 762 222 230 3800 3855 3476 3479 1305 1315 2263 2266 3874 3882 275 312 1777 1797 3680 3685 2300 2339 2130 2139 3204 3217 3485 3497 1957 1988 2053 2066 2837 2876 3228 3272 1119 1128 215 217 1198 1270 652 683 2177 2245 1491 1517 1044 1072 1822 1841 774 778 3179 3185 2739 2761 3791 3796 3560 3562 1810 1816 1008 1023 817 878 1164 1193 1860 1882 3500 3511 1082 1108 3334 3469 1724 1737 3143 3156 381 404 2251 2260 2949 3078 3889 3994 154 173 509 523 71 141 2563 2602 425 459 918 993 1381 1412 689 741 1278 1300 1623 1656
78 561 569 3689 3695 2049 2089 2119 2145 1817 1940 476 484 3309 3367 337 358 3843 3888 981 995 632 636 2616 2653 3543 3585 2678 2720 3011 3034 2347 2390 1282 1350 2658 2665 156 168 3617 3645 2831 2893 2979 2986 1419 1430 2289 2292 1011 1036 3901 3913 438 471 2753 2786 2031 2045 1150 1169 3146 3202 245 284 2464 2466 1608 1721 2485 2548 1788 1799 676 753 401 427 3832 3833 2733 2740 530 536 2310 2332 2157 2183 1989 2001 3253 3274 1262 1269 2918 2942 3214 3244 2096 2097 2101 2114 3935 3988 64 69 2558 2578 3056 3062 3455 3504 1254 1261 2595 2610 2803 2820 902 904 1746 1755 1571 1587 1401 1402 2995 3006 1594 1596 3420 3450 650 669 105 150 232 235 1464 1563 1215 1232 1410 1412 205 225 2401 2448 1066 1096 832 841 1198 1201 1953 1962 3789 3795
50 1361 1416 3590 3601 1549 1567 3893 3912 1105 1144 800 810 1634 1658 3184 3186 3959 3966 407 466 3085 3096 884 962 2359 2415 1085 1087 376 398 3431 3479 3913 3917 1747 1771 1660 1668 2214 2242 629 693 3609 3637 3743 3782 1069 1072 2718 2761 2623 2625 3266 3297 3487 3575 70 75 3826 3855 3951 3952 3988 3990 1036 1052 2997 3016 2540 2610 1176 1203 2926 2974 543 553 1228 1242 223 256 1943 1959 2088 2091 2453 2467 17 33 2245 2352 2138 2163 2003 2022 1772 1837 2055 2068 1841 1941
59 2473 2480 1319 1335 3229 3272 1109 1182 1253 1300 831 837 3213 3220 576 592 1951 2031 885 946 2267 2287 3342 3400 2389 2391 2561 2650 2233 2265 3563 3575 424 434 3274 3333 3156 3199 3030 3083 2668 2676 2506 2532 394 395 2084 2090 3645 3659 3869 3988 1586 1654 739 752 1892 1942 2536 2554 1697 1855 2847 2889 212 313 3433 3437 3697 3750 992 1010 170 193 2486 2505 594 642 449 462 761 792 1431 1444 3586 3603 2200 2229 2112 2125 464 563 838 881 2894 2898 378 391 20 32 2920 3010 1662 1665 2698 2838 76 121 2046 2060 1019 1065 3843 3856 1467 1500 3092 3132
53 3119 3122 2086 2095 3407 3435 3810 3844 3237 3386 200 276 2504 2518 305 433 3956 3988 659 696 3851 3859 1249 1308 3446 3450 3457 3529 541 585 2230 2306 87 134 3137 3156 2133 2227 2642 2704 719 722 3539 3567 3129 3134 1658 1741 800 822 1373 1374 445 479 1482 1495 3588 3596 1339 1357 66 81 1399 1463 989 1020 2435 2449 1583 1638 734 750 3166 3177 2527 2571 2771 2806 3722 3741 2904 2905 1569 1576 3771 3786 961 963 870 901 1811 1820 923 924 2861 2884 2969 2984 2576 2612 1937 1995 1770 1808 3038 3112
53 3428 3481 3931 3964 1561 1562 2509 2544 3124 3319 1897 1908 380 395 1978 1998 1918 1940 2086 2104 933 981 397 449 1148 1247 713 736 2198 2233 450 509 3819 3875 1001 1003 2938 2945 3909 3928 1017 1022 1501 1522 1718 1736 3582 3607 1609 1704 3513 3562 1847 1887 3338 3351 2589 2590 2626 2664 1793 1846 2828 2840 3354 3398 800 866 1305 1325 2275 2376 2011 2021 127 143 2861 2862 3680 3711 3721 3737 347 360 1738 1791 2432 2496 173 201 3031 3103 2869 2891 1035 1087 2667 2734 1092 1147 1373 1450 3 8 3981 3988
56 1732 1734 166 217 1414 1440 2324 2365 1737 1739 1835 1889 3226 3337 2773 2833 1556 1560 1827 1832 2377 2386 2280 2286 1579 1592 2540 2548 3429 3464 3916 3955 3465 3472 2895 2954 3544 3566 1664 1675 1025 1118 423 473 2555 2601 1264 1357 1933 1951 490 528 2205 2250 1633 1653 878 900 2632 2764 3651 3735 2973 3022 1200 1243 815 871 1814 1818 2267 2269 138 149 3983 3994 2102 2143 293 297 352 354 1142 1168 219 256 316 328 649 657 29 34 925 937 371 389 2451 2463 3078 3191 2023 2032 695 762 2956 2972 786 792 3381 3392 3505 3506
51 1448 1455 1817 1845 806 809 2430 2441 1118 1135 1741 1805 3272 3308 1167 1179 3075 3096 3065 3068 1272 1316 2847 2918 448 456 140 202 406 423 2626 2732 363 372 2924 2961 1933 1992 2740 2752 891 925 43 63 1993 2038 546 689 2807 2820 343 358 1078 1097 3431 3469 1229 1248 3116 3119 2568 2585 3127 3137 1857 1891 941 953 1026 1069 739 758 3509 3514 2277 2298 3748 3844 3689 3731 2764 2805 3471 3484 459 486 3151 3253 2417 2423 1330 1334 1659 1729 219 291 2103 2139 1384 1415 1485 1541
51 2706 2735 2737 2752 495 601 2035 2054 3427 3429 2096 2110 847 855 3309 3411 1536 1624 3754 3764 1401 1502 3818 3894 2536 2696 3931 3941 3717 3723 1143 1208 3976 3998 1788 1796 3504 3587 144 204 1677 1705 1845 1857 1728 1740 2441 2454 2993 3025 2980 2983 3905 3918 2766 2768 1822 1840 2308 2334 38 46 86 136 2477 2524 2778 2871 3088 3229 406 456 2900 2915 48 68 953 980 2242 2267 263 295 2009 2027 1004 1024 3691 3700 879 941 1065 1118 687 832 2124 2202 1216 1281 2272 2280 3792 3816
