1000
1 10 1131
1 482 2234
1 2130 3863
1 1843 2923
1 1252 1351
1 48 1284
1 1132 2094
1 874 1206
1 414 2731
1 2889 3432
1 562 3305
1 502 3886
1 836 1295
1 3760 3975
1 1110 3153
1 1104 3483
1 626 1576
1 2093 2783
1 217 1513
1 402 1632
1 795 1599
1 1297 1577
1 2592 3127
1 2567 3894
1 2808 3593
1 3456 3913
1 538 1544
1 764 3720
1 1025 1948
1 633 2657
1 256 1662
1 1430 2922
1 1083 3137
1 119 1572
1 2910 3712
1 1357 3167
1 1799 3287
1 2793 3653
1 1081 2689
1 1972 3322
1 352 2072
1 2440 3502
1 1673 2914
1 156 334
1 3244 3966
1 600 2582
1 1111 3887
1 2355 3769
1 849 2230
1 219 3910
1 262 865
1 1767 3791
1 2679 3793
1 1639 3949
1 1807 3914
1 598 2496
1 695 733
1 138 2667
1 1342 3458
1 2705 3677
1 1630 3390
1 485 2147
1 1494 3164
1 1892 3603
1 2046 3699
1 1385 3732
1 2118 3107
1 545 1874
1 304 663
1 3009 3808
1 1773 2399
1 1089 1634
1 1285 3128
1 184 3819
1 120 1864
1 1596 3971
1 1791 3405
1 622 2336
1 87 1979
1 2792 3895
1 370 2757
1 934 3578
1 2219 3271
1 2127 3492
1 701 3964
1 671 1498
1 418 1165
1 2546 2876
1 1943 3635
1 1824 2117
1 2519 3283
1 2860 3497
1 1019 2130
1 1345 3847
1 1308 1403
1 1913 2807
1 18 313
1 2092 3948
1 671 2501
1 85 2788
1 1306 1565
1 802 2889
1 2236 2910
1 2756 3803
1 1247 1949
1 796 3161
1 267 1403
1 264 2360
1 1949 2001
1 2035 2769
1 1361 3600
1 3235 3577
1 1057 2902
1 2099 2704
1 485 1741
1 2357 2537
1 1028 3036
1 27 1292
1 381 2055
1 754 3151
1 1600 2240
1 1923 2121
1 2981 3892
1 1661 2168
1 2653 3274
1 1009 1045
1 154 1133
1 1160 3532
1 304 2356
1 218 1058
1 386 3027
1 3596 3612
1 576 3774
1 2237 2836
1 1510 1691
1 3375 3645
1 887 3596
1 418 844
1 473 3864
1 81 1573
1 197 1823
1 2584 3809
1 670 2357
1 595 2198
1 207 2286
1 868 1660
1 716 2344
1 609 3188
1 750 3840
1 3374 3412
1 1235 3966
1 907 2032
1 3264 3695
1 2551 3022
1 1674 2758
1 714 1837
1 2520 2732
1 217 1603
1 56 893
1 1134 3430
1 2546 3395
1 1243 2515
1 3299 3750
1 14 2320
1 874 3995
1 1108 2920
1 90 2740
1 343 1417
1 2325 3021
1 2462 3459
1 1315 3094
1 336 1403
1 1174 2399
1 1188 3747
1 733 3151
1 477 1347
1 1438 2024
1 2091 3944
1 2374 2964
1 1426 3803
1 659 2741
1 911 1233
1 1855 3632
1 466 1008
1 1199 3570
1 303 1676
1 788 2867
1 1259 2879
1 2342 3995
1 2143 2144
1 2803 3751
1 802 1539
1 753 2657
1 753 1142
1 1412 3808
1 1623 1715
1 581 1875
1 2930 3565
1 12 2287
1 2156 3973
1 172 2995
1 1622 3113
1 375 2376
1 2357 3518
1 3325 3717
1 2036 3363
1 685 3912
1 564 3885
1 1962 2851
1 2823 3471
1 2995 3122
1 2665 3197
1 99 660
1 190 3017
1 2123 3822
1 379 3185
1 958 1438
1 167 1931
1 981 1826
1 451 586
1 662 2590
1 3327 3589
1 514 3298
1 1382 1793
1 72 3917
1 1384 2087
1 2822 3226
1 78 276
1 1891 2993
1 2356 3579
1 1644 3258
1 1016 3935
1 672 3232
1 1702 3901
1 1774 3234
1 949 2388
1 174 2905
1 378 450
1 872 2341
1 697 2347
1 272 3430
1 1534 2861
1 1864 3296
1 2470 3196
1 3518 3781
1 2096 2994
1 1795 1898
1 1405 3366
1 237 2181
1 861 2584
1 209 3945
1 2805 2814
1 1353 1757
1 1316 3123
1 2185 3684
1 281 3106
1 3165 3478
1 1112 1658
1 3197 3840
1 700 711
1 1998 2923
1 812 2742
1 94 2165
1 742 1287
1 1674 2059
1 2254 3212
1 2820 3743
1 349 3932
1 216 3233
1 530 928
1 939 3323
1 769 3149
1 863 2868
1 343 2694
1 224 367
1 667 1201
1 636 1499
1 1848 3236
1 582 2170
1 2700 2857
1 2921 3112
1 2260 3894
1 2216 2767
1 3648 3805
1 3218 3872
1 690 2161
1 416 3886
1 50 3122
1 704 792
1 738 1575
1 1550 3659
1 640 2465
1 149 3407
1 299 2697
1 1026 3517
1 207 3724
1 177 1712
1 1040 2852
1 644 1929
1 2219 3899
1 858 1657
1 1437 3323
1 1655 3472
1 87 3257
1 283 2168
1 1095 1209
1 1272 3500
1 586 3402
1 1330 2973
1 1229 2151
1 2886 3156
1 1411 2730
1 32 154
1 242 1830
1 3499 3927
1 1539 1796
1 448 1295
1 1069 2971
1 541 3032
1 657 1182
1 337 1170
1 155 1452
1 1276 2146
1 194 2311
1 1209 2821
1 2748 3615
1 284 1503
1 663 1353
1 314 1894
1 1295 3641
1 593 810
1 3352 3866
1 548 1497
1 896 1386
1 805 3555
1 419 1222
1 1774 1922
1 3621 3675
1 1077 2616
1 2372 3553
1 53 2761
1 3394 3919
1 466 1271
1 423 2942
1 859 2496
1 806 1414
1 2895 3669
1 378 660
1 2994 3779
1 1879 2546
1 709 2395
1 1438 1789
1 1518 3060
1 183 571
1 833 1430
1 2288 3934
1 1251 2828
1 2137 3488
1 354 3785
1 2234 2510
1 31 1783
1 21 1469
1 2987 3266
1 65 258
1 2180 3807
1 467 3133
1 353 1719
1 944 2331
1 687 728
1 326 2036
1 2110 3020
1 3220 3488
1 1743 2485
1 147 3640
1 3123 3446
1 616 3667
1 1108 2044
1 2299 3440
1 126 3130
1 315 3251
1 1912 2271
1 1758 2451
1 589 1547
1 718 736
1 147 947
1 1756 2653
1 696 921
1 2893 2995
1 1809 2124
1 2542 3529
1 1440 3601
1 980 2770
1 1157 3616
1 207 1423
1 1570 1808
1 415 3944
1 1745 2425
1 654 2406
1 92 214
1 744 2756
1 647 2357
1 2215 2821
1 460 3841
1 668 1450
1 884 2476
1 2354 2419
1 163 2477
1 1907 3295
1 196 3088
1 3222 3832
1 1568 3953
1 388 2123
1 229 3452
1 395 2768
1 2762 3652
1 2005 3787
1 481 2316
1 357 3777
1 805 3973
1 282 1468
1 234 3064
1 3016 3446
1 1182 2897
1 380 3809
1 192 3142
1 2929 3052
1 329 2333
1 2690 3949
1 1474 3496
1 2052 2087
1 709 1115
1 130 898
1 1476 2401
1 2209 2283
1 2401 2946
1 1452 3260
1 1579 2871
1 1468 2819
1 293 2222
1 36 3469
1 1266 2133
1 1552 2165
1 1505 3641
1 1444 3013
1 1764 1958
1 1225 2307
1 703 974
1 3531 3603
1 1191 1752
1 1788 3365
1 1009 3589
1 2017 2561
1 1154 1663
1 2599 3711
1 362 1055
1 800 2676
1 175 3379
1 2421 2981
1 171 3486
1 3020 3536
1 213 2023
1 2230 2293
1 981 1815
1 691 978
1 242 1746
1 2554 3636
1 3171 3811
1 762 2232
1 1883 2806
1 1825 1845
1 682 3849
1 529 3230
1 24 1044
1 1763 3112
1 442 2100
1 2799 2996
1 2167 3262
1 17 3103
1 1900 1924
1 833 3095
1 1516 3801
1 719 3134
1 246 956
1 2010 3263
1 109 2261
1 94 3998
1 1562 3259
1 2362 3930
1 1374 1617
1 468 2110
1 268 1517
1 771 2076
1 120 344
1 2050 3384
1 2733 3956
1 1214 2827
1 1478 2558
1 2496 3157
1 113 3773
1 2289 3312
1 828 1638
1 2689 3592
1 121 678
1 2011 3260
1 1354 3215
1 428 1895
1 75 3522
1 3232 3318
1 2565 3005
1 2382 3186
1 19 1363
1 699 3810
1 1377 1421
1 476 3153
1 267 2919
1 1203 1902
1 966 1423
1 741 3296
1 394 1210
1 3237 3580
1 942 1664
1 1841 2009
1 1041 3262
1 1284 2414
1 785 3770
1 972 3502
1 3028 3735
1 1131 3412
1 621 2848
1 947 3570
1 2672 3700
1 2797 2883
1 880 3839
1 255 2211
1 106 2996
1 3586 3965
1 636 3320
1 1539 3821
1 387 3745
1 1152 3957
1 1049 3717
1 66 3688
1 568 2013
1 1912 3221
1 3107 3931
1 409 3071
1 796 2950
1 516 1705
1 2538 2584
1 2362 3690
1 1828 3086
1 598 2983
1 996 1997
1 216 2144
1 147 2680
1 556 1122
1 238 594
1 2200 3764
1 783 828
1 233 3368
1 408 1864
1 1006 1165
1 1242 3003
1 1888 2236
1 915 1533
1 1374 3126
1 285 452
1 216 1081
1 670 1044
1 411 2797
1 613 3364
1 1346 1617
1 1062 2860
1 747 1773
1 2701 3369
1 742 864
1 1027 3585
1 2899 3197
1 1501 3867
1 886 3753
1 1454 1594
1 1621 2801
1 832 951
1 2724 3046
1 1672 2514
1 1213 3378
1 50 968
1 37 1175
1 1538 2688
1 1243 3514
1 1107 1299
1 719 3818
1 649 2845
1 783 2741
1 1561 2455
1 756 3750
1 2813 3770
1 1906 3988
1 327 3764
1 1007 2615
1 1744 3395
1 113 2327
1 1710 2958
1 2787 3133
1 367 1436
1 116 2275
1 331 3133
1 596 1038
1 1988 2454
1 918 2158
1 3361 3902
1 2228 4000
1 1026 1544
1 158 3738
1 525 3803
1 1730 2322
1 2061 2686
1 1862 3747
1 1734 2115
1 2652 3220
1 1331 3102
1 189 2837
1 1545 1734
1 300 2560
1 1842 2363
1 1773 1908
1 249 1548
1 634 3410
1 234 2613
1 1832 2289
1 2501 3163
1 3089 3703
1 220 633
1 933 1764
1 554 3864
1 959 1772
1 3094 3110
1 377 3744
1 1066 1408
1 172 444
1 33 3766
1 825 2461
1 1045 2434
1 140 3899
1 452 1495
1 1411 2302
1 1593 3793
1 1971 3920
1 544 3379
1 639 3783
1 404 1942
1 352 3954
1 2387 2940
1 2160 3616
1 1111 3403
1 1598 3413
1 293 2653
1 1301 2818
1 1845 2725
1 1876 2717
1 658 1471
1 1100 2099
1 1553 2127
1 140 286
1 778 3715
1 3465 3742
1 2117 2268
1 934 3476
1 748 1566
1 1211 3713
1 1184 1496
1 2284 3274
1 925 1004
1 1066 2211
1 1869 3034
1 966 1610
1 489 3878
1 304 3354
1 1421 2008
1 307 1471
1 237 2892
1 1839 2165
1 258 1539
1 2469 3366
1 1502 2567
1 3558 3636
1 46 167
1 1439 3906
1 1667 3949
1 175 2508
1 2745 3486
1 1068 1672
1 3211 3846
1 637 2576
1 2232 3583
1 397 1867
1 2034 2823
1 3029 3303
1 695 3136
1 1959 2065
1 2390 2534
1 518 3602
1 536 2990
1 629 2262
1 1827 2933
1 1616 3331
1 2050 3242
1 2531 2544
1 450 2768
1 832 3407
1 871 3222
1 829 2170
1 907 1140
1 1536 3321
1 452 1166
1 1243 3157
1 1206 3187
1 253 825
1 347 1275
1 1137 1771
1 974 3731
1 433 1900
1 128 3494
1 538 3091
1 1704 2037
1 2828 2948
1 1126 2134
1 2387 2666
1 2735 3838
1 960 3777
1 547 3023
1 2718 3456
1 37 1716
1 2711 3128
1 1241 2254
1 1081 1312
1 1628 3297
1 238 1962
1 1800 2586
1 386 1576
1 3213 3957
1 3019 3258
1 1548 1823
1 533 1055
1 11 2863
1 1263 1760
1 2457 2891
1 218 2376
1 681 3893
1 278 3900
1 76 1324
1 365 581
1 1197 3218
1 272 2067
1 283 3154
1 2044 2493
1 2 1589
1 808 3965
1 1734 3577
1 1633 2321
1 2642 2799
1 252 352
1 2538 3993
1 605 2545
1 847 2719
1 1755 3340
1 3144 3343
1 150 3424
1 815 3921
1 225 310
1 2068 3956
1 59 308
1 300 810
1 779 3934
1 2109 3741
1 2585 3722
1 1556 1728
1 978 1151
1 365 1072
1 1382 2575
1 3450 3506
1 324 598
1 1394 2497
1 2091 3276
1 1384 3393
1 2195 2630
1 839 1207
1 214 2906
1 359 3373
1 1524 2934
1 3529 3900
1 1142 3853
1 2335 3782
1 426 3811
1 861 3819
1 2741 3538
1 744 2117
1 958 1398
1 331 741
1 2246 2944
1 2221 2843
1 1074 2734
1 1944 3846
1 542 2843
1 792 1603
1 48 3534
1 2739 2866
1 136 2522
1 877 1084
1 5 211
1 1860 2432
1 1166 1421
1 833 2100
1 2581 3731
1 754 1333
1 924 2471
1 1336 3542
1 3859 3993
1 942 1401
1 229 947
1 2001 3896
1 2405 3704
1 2481 3239
1 1819 3202
1 2574 3854
1 209 586
1 127 1187
1 903 1208
1 755 2609
1 1485 2838
1 1927 3515
1 1631 3976
1 111 2692
1 595 3313
1 3166 3319
1 463 464
1 78 1651
1 2118 3644
1 16 398
1 2972 3945
1 2486 2998
1 1946 3551
1 2242 3299
1 3891 3926
1 2301 3244
1 1462 3707
1 873 1209
1 1083 2992
1 3008 3255
1 35 40
1 126 742
1 464 2072
1 1371 1818
1 2350 3282
1 650 1147
1 2178 3201
1 409 761
1 2084 2581
1 139 1836
1 2593 2960
1 1106 3702
1 1254 2106
1 2656 3072
1 2354 3625
1 589 3431
1 657 3856
1 616 2679
1 485 3789
1 1016 2372
1 1443 3609
1 715 3467
1 3794 3910
1 1103 3655
1 873 3279
1 1903 3798
1 454 1761
1 818 3134
1 707 1374
1 168 510
1 1482 1611
1 1413 2166
1 1959 2134
1 108 151
1 1024 1155
1 2733 2927
1 1776 3811
1 1832 3684
1 1057 1558
1 1073 1567
1 2693 3049
1 1009 1550
1 41 3684
1 71 3792
1 2036 3756
1 768 2718
1 1478 1668
1 588 1782
1 2147 3396
1 308 1717
1 89 206
1 1098 2485
1 2228 2929
1 2299 3509
1 2054 3152
1 1861 3818
1 1588 3339
1 46 2209
1 364 1605
1 651 3322
1 617 681
1 849 3102
1 2566 3119
1 2627 3967
1 1778 2247
1 2563 2685
1 272 735
1 1407 1665
1 1772 3183
1 3512 3936
1 1281 2085
1 323 2130
1 696 1837
1 490 1751
1 3621 3998
1 804 2560
1 383 937
1 408 2048
1 1230 3178
1 640 2254
1 338 1425
1 1750 3915
1 1506 3588
1 1166 3304
1 786 817
1 1198 2679
1 262 704
1 688 2202
1 2468 3611
1 1392 3109
1 533 2686
1 447 1260
1 3042 3053
1 1542 3435
1 251 2870
1 195 2538
1 1168 2801
1 577 2525
1 1276 3019
1 742 2669
1 719 2443
1 3213 3703
1 2368 2755
1 1385 3287
1 1344 1372
1 1333 1539
1 1061 3796
1 1493 2321
1 1216 2428
1 2318 3170
1 977 3617
1 190 2537
1 2993 3647
1 2933 3580
1 305 2512
1 2727 3874
1 3773 3788
1 2369 3561
1 3585 3926
1 2991 3745
1 2232 3696
1 250 3321
1 1971 3403
1 2982 3536
1 1494 3574
1 955 2456
1 2228 3876
1 1788 3680
1 2802 2894
1 534 3636
1 1867 2434
1 221 3207
1 1177 3288
1 1801 2000
1 733 1374
1 3418 3773
1 381 2626
1 61 2356
1 43 454
1 1666 3226
1 99 2077
1 624 1409
1 1785 3581
1 873 1939
1 1607 2190
1 2113 2468
1 490 2182
1 537 1096
1 577 2080
1 1306 3950
1 2957 3383
