31
35 3171 3217 2464 2467 1409 1421 2691 2716 331 408 416 443 1860 1861 656 708 2339 2356 3661 3667 3053 3125 2742 2784 877 916 961 981 225 264 619 627 1251 1263 2159 2193 3247 3273 2475 2483 986 990 2367 2423 63 83 1440 1668 2506 2658 3330 3404 3726 3752 1081 1116 571 573 2202 2244 3283 3326 93 106 3866 3966 927 955 188 200
33 1266 1274 76 77 3122 3133 130 135 1118 1177 3836 3889 1828 1855 2481 2579 1891 1927 706 718 3705 3763 514 668 846 998 3933 3948 2852 2959 1051 1115 3175 3343 3 10 57 65 1942 1945 3471 3564 2114 2125 1629 1645 1013 1026 3400 3440 460 513 1332 1446 2208 2248 11 55 2410 2420 216 398 2603 2609 2191 2206
35 3312 3426 1338 1483 2660 2697 3898 3926 1827 1913 600 650 3158 3278 2403 2407 1015 1044 2470 2481 2364 2394 2443 2461 2818 2859 3047 3075 2191 2200 1157 1290 2584 2655 1133 1134 2964 3036 1511 1564 3538 3566 405 415 3468 3528 1978 2122 3290 3310 1932 1939 551 557 534 544 594 597 3616 3672 11 108 3102 3123 204 238 3879 3895 2516 2568
31 321 447 3830 3915 2150 2293 3205 3308 2934 3074 242 252 1924 1931 1504 1567 3653 3686 2024 2072 740 791 507 511 3395 3613 275 297 532 600 2499 2567 117 163 3938 3983 898 907 3092 3122 181 186 2771 2836 1947 1976 2407 2475 1153 1274 2677 2764 1282 1293 2296 2362 1721 1827 1856 1857 1067 1135
30 3977 3999 3439 3516 796 810 433 441 3599 3781 1452 1496 3349 3435 3888 3897 827 832 1303 1384 617 644 2952 2980 903 926 391 403 1778 1892 500 504 2499 2513 2787 2933 1517 1634 3531 3534 329 361 942 1212 708 775 2191 2192 256 258 2241 2346 508 519 3925 3944 3518 3523 3002 3259
33 507 614 1749 1813 3440 3558 1598 1667 3802 3899 3028 3053 2302 2311 3609 3613 2150 2226 3986 4000 2797 2809 1181 1263 725 792 487 501 1990 2035 3204 3345 1352 1392 336 381 1910 1962 2845 2926 2522 2561 1048 1067 122 268 1134 1135 2429 2432 1861 1875 3378 3433 1508 1526 2704 2753 2562 2694 828 843 1418 1473 2397 2413
33 169 205 1247 1348 2434 2499 2148 2246 2855 2878 1509 1686 909 930 1398 1492 3140 3143 3611 3982 3116 3137 2641 2686 1985 1992 1761 1840 2100 2112 639 670 1006 1236 288 424 471 520 2752 2758 2044 2051 1871 1979 2829 2845 3344 3451 22 63 2529 2613 245 274 748 766 837 881 2766 2819 3076 3110 2304 2370 3027 3052
33 2914 3054 3638 3655 3074 3088 2725 2827 1914 1920 274 325 3240 3242 449 504 1714 1758 2714 2720 3319 3343 1111 1124 1443 1501 1944 2090 2114 2145 1684 1694 3589 3592 1012 1025 1371 1394 3745 3950 3504 3564 2295 2327 1187 1231 874 999 1606 1628 360 389 1829 1891 610 702 2363 2662 1521 1531 3212 3224 75 177 1541 1602
31 2848 2956 2011 2105 26 48 747 913 1707 1808 3972 3980 2463 2570 3236 3243 3211 3230 2258 2336 152 182 2122 2207 203 290 2706 2789 2385 2452 1342 1387 2587 2667 597 669 2990 3109 323 400 3348 3553 3748 3806 3893 3948 553 576 3655 3745 1080 1097 1193 1219 1417 1543 1245 1317 1867 1983 690 734
34 1385 1403 2773 2896 947 1036 2161 2175 3623 3680 332 341 3815 3841 792 838 1151 1235 166 234 751 779 1486 1531 1597 1604 2599 2674 3695 3702 357 440 1411 1475 2001 2030 2508 2520 913 917 3709 3720 3431 3528 63 78 1054 1127 1788 1792 2952 3007 1690 1774 3790 3798 515 569 3933 3960 98 135 3284 3317 583 667 2341 2464
34 1647 1690 906 913 3752 3881 671 795 1372 1382 2964 2973 632 633 3122 3137 3283 3327 1285 1355 2289 2482 1166 1204 3199 3248 118 137 3491 3501 169 173 2559 2823 1056 1120 3367 3467 2483 2534 3152 3168 27 109 23 26 1576 1607 389 442 1778 2035 3942 3950 3252 3260 3557 3744 480 536 1543 1565 315 369 576 593 2132 2133
34 3295 3313 2388 2463 1133 1199 12 180 3106 3108 2503 2508 1924 1977 335 340 2600 2669 1413 1480 2834 2880 777 786 1747 1825 3329 3418 1008 1024 3222 3239 2931 3019 2730 2817 599 616 3132 3220 2237 2268 1212 1247 1582 1631 1038 1102 1344 1400 3610 3984 241 257 905 942 1293 1331 2319 2347 377 498 3080 3086 2164 2229 2096 2123
34 2368 2412 2483 2509 220 295 1263 1339 181 201 3687 3699 936 992 3848 3924 3282 3309 592 604 1540 1677 2235 2252 3369 3408 851 862 3701 3723 804 833 3768 3802 2005 2048 645 754 3515 3665 1400 1494 3428 3486 386 392 535 571 1204 1238 2765 2801 336 361 3118 3155 2534 2640 478 528 1105 1196 27 70 1788 1898 2881 3106
30 3598 3797 2906 2949 1301 1324 1979 2230 2679 2722 1731 1784 127 168 762 876 606 610 3516 3586 1064 1149 1881 1897 1612 1667 3023 3089 2594 2636 3983 3988 1241 1262 2975 3019 447 576 1023 1041 3240 3351 2287 2406 3827 3924 2771 2796 3096 3209 171 245 3434 3482 934 965 3807 3824 36 70
35 402 445 3822 3868 5 9 1022 1075 2489 2525 1859 1933 1113 1321 3199 3213 1343 1362 801 1000 3324 3341 3580 3658 1574 1649 1081 1095 1102 1106 2085 2144 3244 3321 1441 1467 2672 2712 31 98 209 249 2440 2474 2289 2311 569 577 3744 3750 378 388 3344 3536 2332 2349 655 719 2745 3138 589 618 1691 1701 3871 3970 1716 1832 2231 2268
30 1836 1943 2486 2547 2110 2229 3925 3973 1655 1692 3751 3784 1606 1616 3984 3998 413 519 3226 3283 972 1089 1423 1491 2410 2465 3646 3748 2862 2909 0 96 2027 2098 1191 1289 382 396 721 737 2736 2825 120 355 2594 2695 3284 3312 3595 3623 1130 1141 680 695 1579 1599 3792 3888 1102 1126
33 3067 3090 1820 1915 3399 3609 915 920 2446 2592 2147 2218 457 465 2834 2880 3248 3253 2355 2435 3313 3344 3618 3665 1315 1360 2710 2788 3164 3200 3762 3785 952 1214 634 671 2922 2957 1362 1423 3126 3141 166 204 787 891 76 83 470 555 3379 3383 3958 3975 2007 2056 1428 1470 3144 3154 226 426 2098 2128 3741 3744
30 3239 3283 2489 2532 532 564 2947 2981 1671 1790 387 397 2028 2137 1059 1103 1317 1331 2610 2612 1626 1645 767 964 1239 1247 2276 2373 249 336 3406 3479 3043 3142 1914 1922 1432 1604 2141 2143 3763 3987 174 195 2144 2177 2248 2258 3149 3195 1010 1013 3340 3370 132 168 1130 1199 2670 2861
33 901 918 501 535 3585 3683 966 995 1103 1110 3090 3141 3807 3811 3227 3228 426 452 1130 1132 1411 1468 658 744 2208 2312 41 229 1645 1670 2447 2455 2348 2364 2677 2721 2816 2957 3366 3406 1496 1628 3023 3080 3257 3297 1727 1759 3935 3999 2752 2756 2098 2168 2520 2587 1781 1814 3331 3352 536 556 1862 2011 1208 1317
32 337 466 2878 3008 1563 1582 2650 2708 121 159 492 643 3034 3117 2753 2782 3624 3671 1172 1258 2306 2337 3716 3798 2606 2642 928 986 2828 2858 2094 2130 2448 2512 1852 1888 3153 3210 2554 2579 2349 2403 1704 1743 3018 3020 1126 1145 3460 3522 1974 2067 2142 2175 3821 3957 176 228 787 871 1391 1561 648 680
33 37 76 2860 2874 3154 3231 3776 3849 495 524 853 915 1591 1593 2649 2669 544 612 94 224 1669 1735 663 746 2918 2951 1437 1463 1993 2104 1334 1427 1745 1836 1279 1300 3345 3427 1241 1249 1516 1558 922 939 3863 3874 622 628 3472 3618 1869 1942 2426 2442 1637 1665 272 350 2269 2334 2954 3123 993 1076 370 426
32 3150 3189 1265 1335 538 630 3493 3567 1449 1496 771 890 181 182 2165 2172 951 969 1237 1247 2747 2881 1569 1686 3742 3780 2405 2617 3093 3103 1719 1732 1168 1172 3958 3994 2124 2125 21 132 491 521 901 920 3007 3072 2635 2648 270 285 3843 3859 231 245 330 369 1992 2115 645 672 445 455 3573 3699
35 2687 2768 2466 2502 77 150 3194 3195 3385 3453 30 32 1050 1060 2636 2667 3241 3263 805 928 3691 3796 2949 2981 1925 1971 2181 2222 3310 3345 555 609 3108 3192 3851 3923 759 787 936 982 709 710 1066 1265 3533 3640 3459 3475 3798 3832 2580 2607 372 394 1019 1042 2320 2439 623 633 1479 1534 452 474 3981 3996 1974 2094 202 300
35 243 339 3191 3265 3904 3971 364 378 2419 2472 2666 2783 3334 3514 936 937 2235 2256 3282 3304 2053 2066 1607 1608 2484 2556 1351 1443 1725 1801 190 233 11 106 442 759 1646 1669 2081 2114 1941 1995 3075 3083 1525 1537 1111 1162 3614 3780 2338 2363 2850 3003 108 182 1553 1554 1484 1514 1031 1042 3130 3135 1172 1291 3558 3577 2169 2202
31 3373 3504 3909 3932 3537 3539 56 61 2399 2430 3037 3046 3618 3629 1972 2072 1850 1866 3324 3366 2872 2942 608 1071 104 163 2099 2103 1389 1394 2511 2633 2764 2790 304 361 2207 2224 2387 2398 2296 2340 3782 3786 1424 1438 3058 3147 2715 2762 3151 3284 530 564 1533 1696 2653 2681 2954 3012 501 508
31 77 198 1142 1167 952 991 1822 1844 2513 2653 994 1015 2447 2479 3843 3933 1513 1560 1110 1112 1889 2164 2399 2414 2730 2835 1066 1085 486 536 3811 3842 729 748 3496 3563 1579 1645 1434 1476 1421 1428 3651 3668 843 917 1270 1357 3691 3778 2985 3063 3935 3940 3136 3256 283 468 1650 1742 629 695
30 2968 3048 1799 1906 2715 2717 222 299 1286 1393 3307 3308 1570 1577 1507 1519 2534 2695 1962 2203 346 358 2371 2434 1604 1736 440 443 815 830 3514 3520 977 998 569 712 75 176 3341 3372 947 962 999 1025 3701 3707 1144 1229 2831 2918 3740 3882 3227 3233 1766 1778 2229 2279 758 798
30 894 972 3025 3054 2458 2547 308 327 3074 3085 2558 2565 3104 3117 3508 3730 2315 2397 23 258 3312 3371 2663 2808 1563 1766 1385 1469 2399 2426 746 775 1037 1077 679 691 2124 2133 1888 2098 2581 2618 1198 1305 409 460 3402 3484 3765 3941 1351 1361 3185 3277 1088 1092 1790 1872 2193 2211
30 989 1004 2340 2367 898 946 1297 1369 516 589 3183 3288 13 86 99 118 3634 3917 2147 2156 1110 1178 3955 4000 1468 1690 2387 2507 1398 1443 2545 2619 2945 2954 2894 2913 2163 2217 1889 1913 2648 2883 477 487 1195 1233 3103 3146 3024 3035 128 184 340 380 663 711 2035 2060 3294 3396
30 3256 3371 1770 1773 2375 2481 2607 2682 3812 3939 1127 1143 1259 1290 646 688 824 839 1300 1391 1725 1740 459 619 841 922 1479 1485 2698 2906 277 289 1889 1961 1782 1861 2027 2139 30 91 2964 3091 2145 2178 347 392 3633 3746 1624 1635 3404 3437 1430 1458 3106 3113 2306 2315 1114 1116
30 1338 1347 3808 3854 2319 2367 68 127 3514 3532 2409 2424 142 259 3079 3165 1999 2245 3458 3493 3180 3185 1907 1956 3309 3325 583 702 263 269 2678 2787 1115 1214 3409 3441 3709 3723 311 317 1499 1723 3200 3269 2803 2815 761 767 1046 1075 2562 2623 839 926 3862 3946 1765 1888 1379 1453
