31
30 3012 3084 2786 2831 1121 1206 1683 1714 2692 2698 2503 2563 1599 1676 1248 1263 2762 2784 3972 3998 1956 1997 786 840 2842 2870 174 204 3177 3282 973 1079 3783 3786 3801 3896 844 869 26 92 3673 3725 2072 2088 3516 3544 624 635 2588 2640 273 411 2428 2472 2154 2385 1828 1922 1348 1396
32 2177 2228 3661 3670 1946 1978 2783 2802 3097 3172 2409 2624 3349 3492 2078 2094 562 679 695 722 2338 2397 380 504 2635 2737 1374 1524 2810 2817 2740 2749 1170 1195 190 314 1224 1234 1658 1745 746 867 913 1066 1889 1932 3680 3765 3295 3312 3521 3556 3789 3917 3974 3996 2922 2951 1124 1141 1992 2056 365 376
35 2014 2071 352 607 2076 2116 630 708 3095 3102 3303 3307 2956 2995 1376 1427 312 339 3343 3344 3424 3537 252 269 3868 3951 3127 3146 2176 2201 1269 1369 3538 3655 3770 3838 3103 3113 1458 1541 2255 2340 1742 1891 1915 1996 1034 1108 1548 1609 129 171 2769 2804 2428 2754 1223 1250 3154 3231 1714 1732 2121 2143 802 948 767 791 1614 1646
35 1098 1116 1438 1458 1516 1603 148 208 2067 2283 2423 2433 1474 1497 2944 2984 731 825 1624 1641 19 23 1240 1303 2498 2600 2773 2878 8 15 1136 1170 453 523 3277 3316 3032 3098 3317 3428 1647 1750 1991 2001 3880 3992 3108 3209 3562 3636 3666 3797 1751 1770 1881 1952 334 357 1870 1880 985 1018 564 683 897 959 3436 3528 380 384
35 1726 1768 282 300 3133 3149 3771 3776 1178 1184 907 970 2991 3042 3610 3657 2945 2961 2640 2668 1352 1427 1208 1259 354 478 1437 1445 1840 1924 1338 1343 41 61 3459 3485 3733 3734 2179 2196 1041 1177 2202 2220 1985 2011 2041 2072 2353 2466 3573 3588 2290 2329 1545 1606 649 700 3170 3203 3092 3132 2241 2246 3826 3881 1630 1668 863 866
31 794 841 3170 3265 3033 3093 1421 1466 325 423 3645 3658 1502 1596 3293 3298 3812 3941 2029 2038 1880 2006 3329 3480 2042 2148 56 303 2305 2456 3540 3569 781 793 525 687 1633 1648 2260 2300 488 514 2509 2671 1695 1794 2723 2781 2164 2244 1096 1121 1820 1876 1255 1359 908 1024 1394 1411 857 903
35 3464 3499 2350 2376 2756 2812 2280 2313 2950 2982 3038 3061 2675 2709 3530 3570 555 580 3591 3695 1115 1141 2047 2138 3188 3204 1172 1347 3064 3076 978 1023 156 236 3511 3525 3082 3102 3253 3386 2450 2502 923 938 1047 1113 2507 2521 1499 1537 2546 2560 688 702 599 687 1641 1694 250 507 31 92 2569 2605 1844 2008 2866 2886 755 878
33 990 1022 1511 1528 3456 3480 1309 1349 34 117 1539 1567 1434 1489 341 342 1105 1304 2253 2311 949 952 1991 2027 2653 2818 2179 2224 2316 2353 388 514 2483 2504 3782 3787 789 822 1693 1880 2057 2138 1615 1634 1661 1664 834 878 2902 3131 3139 3171 237 277 2820 2830 3244 3439 3505 3601 3652 3673 658 786 3746 3764
35 1329 1347 1512 1526 3657 3762 1233 1327 1479 1502 568 623 498 528 3937 3943 1604 1628 2285 2318 3187 3337 291 353 1360 1469 2347 2490 3118 3135 1763 1819 1087 1168 1638 1760 2969 3007 1963 2045 3392 3422 3503 3540 2703 2916 2053 2060 2262 2281 3061 3085 3828 3868 2636 2664 73 146 846 979 2119 2161 2558 2608 3885 3935 2210 2240 2513 2550
31 2523 2614 2820 2879 3647 3678 3580 3634 1737 1738 636 723 263 266 184 239 3517 3522 1437 1456 1219 1292 3396 3451 2673 2757 852 935 2251 2282 3233 3308 3544 3578 282 306 455 590 71 142 966 1010 1098 1105 3047 3065 1611 1717 2410 2487 3727 3861 2308 2381 1132 1199 2948 3046 2009 2111 1898 1980
32 397 401 515 521 3422 3517 1773 1844 3132 3174 2408 2492 842 866 769 799 42 248 3797 3863 1291 1318 1284 1285 995 1031 2588 2678 678 692 2225 2393 1442 1555 2915 2918 3763 3791 806 813 1063 1106 3058 3131 1263 1265 465 485 1653 1771 6 11 2164 2223 3391 3416 288 336 2696 2884 3222 3264 2065 2079
30 459 460 2553 2564 3180 3227 3060 3135 1500 1502 482 660 814 828 3945 3950 268 345 1530 1707 362 415 4 142 2886 2979 2149 2165 2094 2113 1866 1872 1259 1461 945 979 2993 3010 2820 2833 2449 2524 1995 2084 3266 3283 3536 3564 1211 1231 3628 3930 693 794 2573 2814 3306 3494 1711 1779
33 950 997 2741 2811 647 717 1444 1479 2413 2418 1682 1810 3346 3350 357 379 3230 3325 815 887 916 922 1547 1643 1853 1894 141 275 2209 2227 2259 2377 2961 2987 453 466 1087 1310 2843 2895 1919 1997 2564 2658 481 498 2994 3096 1902 1911 398 421 3534 3559 15 43 3404 3408 3637 3664 44 93 529 579 2698 2740
31 3286 3365 2761 2845 3182 3225 2609 2736 2395 2506 1696 1753 26 71 1980 2121 414 428 1393 1446 1499 1619 612 646 888 932 569 577 659 813 356 381 3389 3528 850 867 983 1003 314 328 2253 2283 3023 3175 1924 1973 1007 1018 3733 3946 76 164 2176 2199 3670 3714 1162 1186 1266 1285 940 974
30 1953 2206 1212 1228 335 439 3375 3591 2817 2818 1439 1639 2517 2569 263 286 3065 3083 1854 1950 3941 3967 2701 2739 869 996 3592 3638 2755 2785 828 852 2335 2385 2618 2677 2940 3008 61 69 2415 2485 3872 3891 3776 3802 688 741 1666 1834 119 138 1240 1359 3203 3294 2830 2857 475 500
35 2271 2308 312 473 1468 1476 2042 2115 2378 2461 3106 3165 1359 1430 803 831 992 995 3482 3928 1206 1263 2946 3096 3328 3365 1727 1786 3204 3314 2477 2531 1045 1088 108 218 3166 3189 2879 2880 3377 3410 2311 2346 908 969 693 796 2548 2564 1545 1616 537 561 2603 2612 2722 2802 2613 2619 2217 2260 1161 1186 1820 1822 3929 3972 2883 2897
32 707 765 3471 3528 3792 3817 3416 3442 2128 2148 2869 2882 3879 3970 1301 1386 2007 2034 71 84 2545 2564 2491 2529 503 675 897 921 2595 2601 2984 3373 1015 1090 2415 2433 1537 1722 1754 1863 422 457 191 313 2887 2892 2307 2407 2943 2971 785 858 2458 2459 3864 3876 2707 2752 400 415 3551 3612 1177 1297
33 1334 1397 2558 2565 2281 2311 2461 2489 3926 3940 835 837 2127 2235 1271 1280 372 404 1207 1216 2646 2782 848 857 3910 3920 3561 3800 773 823 668 677 3321 3483 579 655 1915 2105 2883 2923 179 188 218 286 3269 3277 3501 3527 1172 1204 1845 1869 3245 3255 1722 1725 2794 2859 1053 1151 2928 3189 3884 3900 317 369
35 3932 3991 1586 1639 931 999 1296 1316 2789 2791 2067 2119 1812 1935 561 596 3910 3924 3887 3909 527 545 3383 3410 2532 2606 2930 2981 3082 3301 1337 1400 2878 2888 3476 3694 87 98 1006 1083 2716 2743 1409 1419 1945 1964 804 902 1516 1533 59 79 127 489 1142 1200 3429 3471 1773 1792 1684 1760 2627 2706 3742 3783 792 799 2196 2322
35 83 173 2701 2705 3314 3322 3502 3548 1845 1857 2778 3100 930 951 838 879 3676 3744 989 1107 3172 3173 770 815 1337 1368 337 407 1424 1529 11 72 749 766 3959 3986 3269 3275 3182 3199 2126 2133 408 739 1926 2117 2631 2686 3804 3938 1880 1900 3431 3467 3769 3792 298 324 1605 1755 1121 1165 1187 1243 3347 3395 2750 2759 961 975
30 2255 2311 715 732 2421 2597 221 264 1209 1442 3799 3834 1755 1851 2036 2158 896 936 3429 3431 606 612 60 195 3298 3415 1695 1710 808 819 2173 2254 740 794 3019 3046 3554 3639 950 968 3457 3458 2691 2727 2809 3005 1637 1683 1599 1636 469 572 2785 2787 847 851 3677 3739 1460 1535
31 69 104 957 964 1882 1901 1808 1873 2234 2269 1207 1341 3149 3255 3089 3092 151 167 2408 2446 792 858 279 473 3468 3500 2862 2947 3744 3888 3280 3340 1432 1584 3981 3997 661 699 1934 2000 2096 2124 483 634 2451 2807 2273 2283 3510 3624 2968 3069 2347 2394 3130 3134 1712 1790 993 1061 1160 1188
30 741 810 1960 2051 2843 2858 1344 1360 3303 3460 3964 3968 1381 1414 2334 2350 1788 1896 2157 2188 2515 2537 2596 2642 2669 2782 2874 3132 3173 3190 333 400 2295 2325 174 319 3774 3865 2805 2837 451 601 1522 1782 2374 2394 3716 3770 1065 1235 992 1032 3598 3629 903 959 619 653 816 839
30 478 538 2031 2163 3876 3882 132 209 2514 2828 3645 3704 1367 1394 810 951 106 126 1783 1789 2332 2368 1288 1325 1656 1752 1622 1638 1796 1888 2856 3002 3242 3289 3535 3572 2166 2220 1039 1131 580 585 2261 2324 3575 3619 243 370 3091 3184 664 679 1500 1562 1167 1206 407 457 720 748
34 3634 3678 425 576 367 373 1044 1054 3722 3779 3007 3049 2840 2912 685 728 3220 3229 1314 1385 3493 3524 1478 1489 263 362 1859 1983 810 893 1797 1806 1701 1778 3799 3876 2442 2581 1008 1010 2290 2434 3300 3336 1166 1185 1199 1287 62 151 964 1003 952 958 1573 1695 2113 2277 2796 2822 2587 2788 741 790 3903 3912 1843 1846
34 670 900 1956 1964 166 280 1232 1299 2899 2917 1026 1038 1811 1912 1102 1137 2456 2503 1965 2104 152 165 1494 1530 50 90 293 373 3798 3917 3450 3525 1418 1447 3557 3581 401 538 3238 3244 2824 2875 3532 3552 1571 1583 1319 1397 2368 2390 1587 1807 2986 2989 127 128 2171 2240 3609 3675 924 1009 2557 2573 14 40 2518 2556
30 3814 3943 3456 3546 1135 1167 1481 1513 694 796 890 1067 3378 3389 3608 3623 1393 1451 437 501 2970 3057 660 669 3108 3109 1701 1868 3725 3737 1090 1133 2283 2389 842 873 2512 2585 611 621 46 58 2592 2794 1250 1334 3642 3680 83 106 218 329 580 582 1604 1637 3125 3279 1932 2122
32 1706 1752 1041 1047 327 390 1054 1108 132 154 2312 2340 3412 3498 7 42 890 931 1487 1629 3213 3284 2501 2503 2632 2684 3938 3958 2407 2436 490 563 841 849 1863 1934 619 651 2773 2850 3707 3819 2883 2893 2492 2498 704 710 2565 2587 3002 3061 1435 1467 157 235 1979 2105 746 827 964 980 2185 2281
31 3221 3244 969 1122 2111 2131 3264 3270 1831 1913 2559 2588 2205 2206 58 117 1963 1984 3787 3844 2465 2483 2809 2818 1538 1656 2387 2405 2959 3201 2046 2095 1324 1361 3416 3531 296 331 169 176 2890 2909 3348 3406 361 530 2160 2195 2937 2941 2855 2877 3932 3988 2142 2156 714 940 3598 3702 3322 3340
30 3171 3195 1383 1442 707 778 3 13 155 223 853 926 329 441 1053 1100 1906 2120 1505 1883 1347 1373 3019 3064 2230 2247 306 319 3225 3334 3764 3865 2945 2970 1187 1343 20 68 284 299 551 694 2602 2670 2794 2862 1467 1481 2416 2457 2896 2929 2490 2589 1156 1158 474 484 973 993
30 1733 1753 3518 3540 2081 2100 3652 3773 2363 2481 951 981 3132 3381 2899 3036 215 546 1790 1812 2116 2153 3423 3465 2181 2286 2503 2538 1408 1489 1522 1537 1056 1104 3542 3561 3585 3629 2671 2678 1174 1302 1391 1395 90 111 742 894 3854 3903 585 619 1908 2033 1007 1017 2812 2862 684 692
