9
100 100
1010010100000111101101010001111010011101001111001011010100010110000001001110110111010110100011011110
0011110111111001000110010100010101110111110001111000000000010000010110110000011111111011101111110100
1010001110000100011010100110010001100111100101001011100010111001110011001001011111000111011110101011
0111010001001111110001000100101110100101011101011010100010010101100101000011110010001010000101101110
0100100110011000101100100101011001000110100101010110111001001001101101000100001110101010100011110010
0110010000100001001010010011011010001110000001000011011101110011110111011000010111001100000110101010
1100111100101100001001011100101010110000001110101011010011100001101010011111000011010000111110011100
1010100001110100101011100001110010001000001111110011111001010000001010100100011111001011000110011101
0000010010000000110000111111111010011001001011111010011110010101001010111010110100100101110110101101
0001110011011100100100101011111100001111100110010111011001110001101001000010000100111100011100010101
0110111011010001110101100101111110101101110001100101100000001010111100100001111111011011000000000010
0110100110100000100001000000100000001101010011101100011101011010011001100110010001100001000001111110
0001000100110110101001010111100111010001001111001010011100101010001001001100111110001011010011011010
1000101011101001100111000001010001111001101110010001110000001100111100011101100101011111101100011010
1011010111010000101011101010100111011010011001001100001110110011010000101001000111010000011000100110
0100101011001010010010110100000101100010000000000100110101111011001100000101101111011101001011001000
0110010010001010010010101001101011001110010001011001010000011010101000000110000111011101001010100111
1111101001110111011100001101000001011011001011110101010111000000010110100110111111011110100110101000
0000011001010101001011011110101011001110110001100010110011110000000110100011001010001010110010110101
1001011001001010011010101101001111111011110101001101010101010101100111100111000001101111001001011100
0010101101110000010001000001010100000101110000000010000100111111011001100111111110000000000110010000
1001010110110001100010010110011001101111000010101100001110000010011100100011010010000100001111101010
1000101101010110010101010011011101100100101100000010001011100111000100000000000101010000111011110011
1100110111101000010001000010000100111011100110010110100011011001111110011000110010010110101110111001
0000111011101011001110111011000111001011000000001100011100000110100011111000101100100111001011011000
1011001000001111010010000101101000111100111110111001001010100001110000110110110011100011101000101111
0001111101101111011100001001100011100100111110100011111110101101011001000111101101011011011100110110
1010000001010111001001000011001101001111100111110000001010101101000110111011111001000100011000100101
0110100011101110101101100101110111110000001010110110110101010101100111101000001111101110111110010101
1110001110100100101000011100001110001001000100011101101010110010100101011010111101100010000101100010
0011100110000110000101100100001110001010111100110100001100111101000010101011000011010010111010111001
0111100011010110100100101111000000001011000101100101100011111011000110111001001011111111000001001010
1011100000101100011010010111101010011100010010101110101111001111001000010100000100110011010000010110
0011011001011110000010101001010010011100101101000110001010100100101110000111011010010010100101111000
0000101010011111101001010001101011011011011011100101000001011101011010000100011100001111001100011100
1111111010111101110100011101100100100101111011110010000110010010111011000001100011000000000110100110
1100010000010111010000000100111111000010010111100101000100101000110110101010011110000010000101010110
0110110111110000000001001101110100001101110000100111110110000100110111010101010101000111010110011000
0000101101111011011000100111100000101110111001100101100111001011001111110110001111101000001001111010
1100100100000001110101001000001010111000010111010000100010010011010111110011101101001111111011100101
1111111100011101101100100101010110001000011000111010000100001010010101100010001010010111101100011000
1000101111111001101111010101001011000000110011100011111001101110100110110000111001000010001010100110
1001010100010001000111100001101010100010100011101010010001100101110010010011000111011101010110000011
1111001000100011101011001001100000110000100000010100110001010010000011101110111000110101110100011011
0111111000101101010110100101100001000111010011000000010100011010100010100001011101101001010010001110
0000010101001111110001111100100111110010000101001011110001110001001101001100011011000111010110010110
0010010010010111101100001010111111001111001111101100001001101000010101111111010100111001001010000111
0011001001010101101000000010001101010010000111011001110110001100001001101100100000100010011000000011
1101101000000010100000001010011010111000101001001011010100111010011000010001101110100110111010000100
0000101001110010011010011110100011111010101010001000101010011110100111011100011010100100101111100000
1101110111110100111001010100110001011001100110011001110101011000100110001110110001100100110001010011
0100010101001100100011101100011001011001111110011001101001111100000111101011011001011011000111101101
0111100100011001011011111010101001111000110011011110101111101100000101001110001000111111010011011010
0110010011100010110011001000010000101011100110110101010011100111010001110001100011100100000100110110
1011010011000011000011110001011110011101101011000101010111011000011011111001000111111111101001001111
0100000101100000101101111010000010010001001010010011100010000000110000010111100000100001100100101001
0101011111000110101000001100011000011001000101111000111111111110111110000110000110111111010110111001
1010110011100110011110011001011001001011111110110110100100110110100001001000110010100001001000000011
1110111100100000001101110011011010100110101111111001001010000010110100000111101101000010011000100001
1111101101100111010010110111110000100011101100110011101010111010100111101001111110010101101110101111
0011111100000111100111110101110110101010001000110011101000101110011000001011001101111100010111111011
1011110100100010011000011111000011011110011001111001111000011000100111010001110101010101100100110100
0100100110101101110110111010111000111000110100100100101000011011110000010000100100101010101111100101
0010100011100011011100100011001110000010010010101011111110110110010110101110110101000001101100001110
1111101100001101011111001111111110111110011010110111000101110101001010011101000011101010000100011011
1001111101000110010000110011000101101100000100001110011110110101110000010101011011111000000011100010
1010000000110000011001001110100111010000111011000101010000111110001100100011100110010101100001101100
1110001010011010010010001001010111101011011100100100101000100101010011000010011100110110011101110011
0011010100000000011000000010001111011101000110110011111111011001011110111111101111001110100100110100
1110010110101010100111011101101011110111010001000011111011111001100000011100101000110011101000010111
1010010100010000001001110110101010100111000111010011101010101011001101110010010010111011101111010000
0111000100100011100011110011010000111111111111110101010001001111100111000011000011101110100001000100
0000111011011110111100001011011001100100000110111011010011101100000000110000111011010100011010101001
0110111100110110011000101001100010001111111110000111110001011111110101011110111011101110111000101100
1000001001101000100110000010000100011111010000100100110100000001100110001100101010100001110011010110
0101110111100110111010010101100100110101111111100110001001010110110011110111010111001110101100101000
0000100100001111000100000010011011001011110110011010101111010010111000001101111110111111011110001000
1000100001000110011000010000101001011000010111000001010010001100000010001101011101101001110001110010
1100110001101101110101011011001101101101111100000000011011111000010100001100000111000111110011000000
1111100100000011011100100000001011110011001010110111011011010110100101011110001110010011110001000001
0110111001011111011011001111010011000101100101000000100100000111010111010110000101011100000000010100
1101110111000001010000111110000011110001101111010111000011101110000011000111101010010101101000101001
1011111110111011001011110110111011101111110110000010001110110001011100100110111010000010111100000100
1000010011010111011011110100110101000110000010000010110000001100111100000100000010011001001011110100
1111000101100110000011100011010000010011001001001001001001011010001011011110010000010010000010000011
1111111110010110100100001010011111100010101000101101000000101000101110000000111100000010011101010110
0000110000010111100001110101001101100000111101010001000111101110001100100000110001100110100000010100
0010111101101111000011110010100100100000000011100001001000011100111011011101010111100100111100010110
1000011101011111011101010101110001111010111111001111101100100111011011100010101011011010110111011110
0001111111011110100000000000000000100110001011111110000110010010101111101011010010100101010000101111
1110100110010101000110010001110110101010001110101001100000000000100011110000001101111011101111011001
0011011000000101110100011101111101010000011101110111111110010010111000110011010000000100100111010011
0011100000111011110011100001111011101110101110101001011001111101011101100001000000111100011001101111
0100011010001111110110001011100000110000101001010010010101010110110100001110110001001100101011000010
1000111101011011011100011110101111001111101001001100000001100000000001011001100110011111111011000010
1011101011111000110110100111100001001011011000101010000100000101010010100001100010101111000000010111
1111001000000011100001100111011000101010000001001001111100011001011000011001011001001000100111100010
1010010010000111111110000010010000010010001111100000000111000100011000001001001000101001110101111001
1010100011100000111101011110110001000001001011101111010100010111011110110011100101011000101000110111
1111101000000000001001101000100010010110010110010111111000110101101111001110110011101011010000110011
