100 100 100
960980 64 525
961899 86 8684
990597 88 6320
959423 28 6756
986140 17 5086
983264 8 2074
902997 11 4370
969368 47 1326
970316 38 3941
900935 19 753
968380 73 596
971307 36 1076
984404 88 932
947040 55 3236
961293 70 4888
970206 51 8019
946169 16 4877
985578 67 4684
921165 72 8592
905101 29 1456
989453 61 8202
970878 45 6052
937386 39 3020
901094 39 6765
913357 54 8903
954161 94 8862
917941 69 2980
984860 23 6249
979637 59 110
968284 36 4143
946836 65 4524
946069 63 6746
988127 19 2204
964684 70 8934
958535 28 2122
993161 83 8813
920782 78 5341
984832 80 883
901961 77 3511
947209 57 6728
934876 94 4195
976724 61 951
961526 8 7839
981879 82 340
964792 17 6520
957957 47 4414
938892 84 4725
986984 46 8932
915142 81 2008
902276 70 3879
994440 9 1149
990655 58 5638
944055 81 9196
999286 16 2559
977841 73 8108
983986 50 2715
938257 97 6658
981210 3 3085
986732 19 5524
939903 68 1391
941886 50 3818
996401 16 6229
999799 29 9933
947112 21 7196
954439 14 3360
902535 73 8517
919887 67 1788
956299 97 5667
941589 10 9726
927614 5 7758
930876 33 2194
957877 49 670
997469 89 4465
979933 77 1128
900002 71 4378
912332 10 8141
931530 100 9903
955357 82 2789
999205 99 17
966965 69 7835
982692 25 6077
932668 11 8108
951297 30 3531
938594 6 3256
972416 19 2764
994972 13 1107
934127 21 8411
900859 30 5010
990713 63 1773
909432 63 6494
903741 23 7805
996332 82 576
941669 76 5273
933072 35 958
915287 100 5086
995948 63 6504
918375 18 1873
916829 18 7653
946352 17 711
979758 58 6765
926866 9 816
973610 57 9434
947194 69 1226
925670 52 3588
963536 31 1808
900375 26 5675
902256 50 6922
969242 52 3102
951647 93 5063
929986 23 6142
953202 48 7647
971192 80 4735
904857 86 1711
908371 66 1489
955280 3 2381
989577 64 3042
909387 76 7451
970750 31 1517
978379 5 3342
913951 57 2825
984965 4 1467
997534 84 516
941876 42 7684
996508 69 6987
973552 27 7166
942436 56 2575
928288 31 1526
980060 82 8585
949205 53 5606
956571 58 5901
960074 48 5787
962694 58 8283
965887 55 449
928426 98 3116
986605 14 2875
987813 94 7576
971776 83 8030
936733 64 431
986245 96 1459
987855 67 351
984405 86 9916
903260 68 8281
989805 18 1920
971612 43 3380
924653 59 3961
949579 83 7738
912650 85 8135
919361 65 7601
902855 94 3498
962114 74 2479
971753 34 5025
985959 61 2390
991451 90 8224
947607 4 2081
998952 27 4382
963187 82 9617
912626 95 4101
972203 73 4735
900832 97 2958
946764 94 8665
907163 65 3878
912680 62 467
963900 93 4003
956524 23 7330
965778 37 8407
902009 44 8678
982751 68 5840
922794 98 9093
994663 88 3977
992210 25 4040
927971 18 7399
980800 25 6220
998576 78 7305
936272 52 1369
945106 80 4050
969035 10 684
950276 48 8437
980383 15 1409
970942 48 2905
997574 62 7592
971181 21 4600
979262 47 2232
956066 3 4903
937855 85 1373
904760 55 6477
984958 81 6517
997929 44 535
905021 71 3185
956619 38 1280
999999 80 1382
988690 35 250
978002 64 4564
927997 10 362
999691 96 3584
921582 52 3528
913766 62 4561
986707 75 4505
956403 96 4849
920022 70 8824
931117 71 1932
963918 7317
979105 1453
977603 8418
908758 9862
937141 7887
932833 6469
973535 9978
937410 2336
939406 8848
943349 5037
902862 9122
999176 2841
941480 9905
992607 9972
931916 6808
970909 7657
927227 8237
981785 7722
985707 4931
903394 8576
977371 2320
950867 8673
964195 9700
903320 7595
912640 9646
933957 9690
951853 694
967574 3886
999790 9959
920646 9604
950096 2440
944009 9825
996201 7512
921425 9978
970834 3289
909159 6486
953198 7654
922516 5527
902383 7360
902684 4348
909068 8432
946889 8961
971163 8723
966148 9159
935122 5068
909466 6541
958710 9636
903958 8895
974175 2819
987055 1881
979707 7444
930791 3662
949979 5422
945413 9200
972470 4885
957778 2246
987416 9536
901990 5613
990372 9359
916932 7079
961111 9905
900161 9525
990669 8659
936524 8524
923631 9964
902309 9753
954404 9576
985150 7296
979951 9211
947553 6960
984456 9995
913549 1318
976350 3688
961242 8510
949610 5648
971800 4267
989832 3412
916832 7814
977177 4711
978460 4604
921057 89
942847 3309
950349 9285
931513 9970
940860 8962
980487 4013
925427 278
982327 6876
988841 9802
961603 9557
970353 8226
963480 9956
998561 7340
905820 2811
927324 3276
995131 8726
977354 8151
977861 2892
932925 6050
923747 6344
