100 100 100
910705 22 883
998134 16 1533
955206 1 1328
971078 86 817
954330 20 134
906221 66 1362
994174 69 688
937436 89 1404
959388 37 72
917307 88 1893
971300 78 1556
921893 50 177
933565 59 375
914479 22 1952
932673 61 511
900898 97 882
940748 12 1315
994726 18 1236
973428 100 32
972762 89 1149
970925 39 1112
993709 82 1319
946865 42 779
975463 31 473
933435 7 555
995488 96 550
963685 11 1014
954993 41 17
929445 94 141
968173 4 474
955741 78 1840
966708 99 1250
915378 88 683
976548 78 481
915010 84 26
975195 100 1856
962746 74 324
904763 84 1311
983471 74 671
933600 37 1585
926380 64 27
969573 32 1688
991606 9 979
909248 57 570
952587 20 142
934051 49 883
940802 9 235
905001 32 644
930009 12 1920
906705 20 1838
978731 65 959
954844 38 1727
938594 92 975
969737 65 1248
911111 57 1097
969696 27 173
926500 52 901
916436 100 920
904715 2 718
941343 70 1061
959410 59 645
955677 54 435
927365 91 1530
931831 24 1365
904781 11 1395
906748 3 775
949458 85 1322
904862 12 506
993773 1 499
948831 77 1215
945846 41 1377
921921 62 1989
933199 74 1606
952931 19 871
954959 93 471
960782 73 1623
952865 66 1127
905482 37 219
956440 83 1167
955654 28 753
963886 100 619
985979 35 564
998789 5 180
924637 98 1171
946520 68 1666
966480 90 1972
936507 55 1313
947663 78 1298
917680 93 144
902040 64 1227
983366 66 80
947436 93 754
936234 49 1987
938235 91 1616
954741 96 1984
928697 4 1018
935448 94 1619
955475 45 742
910737 93 298
973047 33 1026
914384 77 1139
972347 74 230
953274 64 987
966894 68 764
942208 35 1252
947025 72 1579
923178 32 1289
982449 38 1389
953471 35 1364
990402 73 1645
947003 8 405
930891 66 1621
975468 100 1815
986424 16 1877
947770 32 1539
988003 84 1826
918957 60 1134
971180 72 656
922938 59 173
956176 75 1626
979239 83 49
902470 15 265
961985 5 531
941954 65 1738
921142 36 1794
989355 86 81
937471 12 743
981744 96 1165
901141 18 193
965802 61 84
911133 62 344
926991 28 1200
940442 54 1653
911452 82 222
920531 55 539
919145 57 57
941427 25 1124
975825 93 180
972971 49 571
923756 62 1080
952919 74 555
940341 97 628
963090 81 957
973135 19 1822
981691 79 369
984125 63 995
926510 96 649
954367 2 141
900125 75 803
906796 14 1275
957072 89 1733
963806 26 1073
911505 56 1810
907336 61 1365
950510 28 141
990920 54 503
988265 29 846
964450 38 187
954129 62 1923
983942 21 1695
976445 68 1331
952649 88 735
959575 32 1238
947988 24 426
965163 64 1926
983860 20 800
906743 85 1311
919382 85 1534
946664 96 66
907397 95 108
918907 17 974
994606 73 1178
919714 64 459
989499 74 810
926934 16 1898
929324 8 144
942407 6 1889
928931 96 75
932823 25 418
904062 66 1588
929680 21 620
982411 70 560
919992 53 1524
924036 100 1474
991197 100 1489
955223 27 1388
951877 61 1790
943826 7 1325
933406 27 1575
982670 90 1553
958421 40 1738
907070 85 88
919448 60 248
921472 84 1121
990244 19 1576
924674 82 1679
920611 83 1474
998532 58 432
906893 84 1694
964696 83 1774
914080 1547
902254 1630
956101 1793
917429 2117
955644 1946
931927 1545
936499 1464
966353 2177
968104 1806
963281 1132
937302 2021
957242 1983
954756 1999
919974 2177
975185 1983
969616 1804
958407 1765
983819 1834
911619 2003
928905 1632
972976 1437
927313 1748
971290 492
966834 1508
904656 1752
924245 2128
968658 1885
963392 2106
927312 1450
948037 1172
930157 1245
930812 1741
998168 1628
971953 1887
903903 1749
950473 947
979315 1854
906653 2012
959812 137
994349 2059
940462 1746
941944 2022
904839 1143
991831 1541
940595 124
969253 1923
951862 1844
983891 1192
930150 2161
918542 1794
933402 2062
948020 2107
910903 1751
921921 1991
910472 1932
965205 1968
907015 1832
919968 164
906742 1149
944025 1540
996946 1202
981696 1905
986444 1903
970493 1702
949441 1522
914632 2153
960775 1630
921392 2061
924050 1495
923162 1306
963786 1357
936318 2134
959543 1448
954154 2053
945800 1765
971771 1263
990019 2120
991553 1897
901050 1906
942399 2078
947029 1587
953731 1646
975541 2136
982772 1818
964730 1969
953307 2038
988027 1892
952545 722
962763 1284
932734 1384
924395 1552
938252 1927
971659 2152
946914 2106
926962 2170
976445 1331
973134 1953
935269 2063
904290 204
946725 590
