100 100 100
999926 70 7513
992561 84 5312
995964 72 1867
991555 86 4501
991347 62 7650
995373 4 2749
991806 50 9031
991751 92 6250
994672 45 4891
996100 68 3825
998976 65 2207
994261 68 2793
996359 31 2607
991947 4 6319
997753 72 7860
999354 13 2058
995082 94 1399
998759 21 4171
993225 54 596
995392 7 261
991172 62 1438
991232 41 5947
997390 61 3173
995882 1 5756
994497 97 8089
995568 9 9262
992513 56 5994
997374 4 2528
991707 38 3286
997172 35 4119
991310 96 5441
990165 32 4702
996091 16 2557
995549 92 3892
999060 33 3494
992456 20 3603
996244 23 9893
999829 47 8259
998353 55 4855
993960 31 5551
991107 13 4542
995176 63 9365
994298 32 8434
995465 100 2027
991665 92 5452
992498 15 4649
998911 69 1668
998652 56 2306
999617 80 8748
999596 24 3782
991692 8 969
990433 42 3653
993643 54 7507
992829 39 5427
998908 14 1837
994091 3 6891
998389 38 9182
994348 86 9519
999789 44 5895
998258 50 1891
998399 77 6436
998628 32 8843
998890 65 3475
991935 38 4342
991518 32 8153
999294 30 1623
992841 80 8832
996411 41 2255
999693 66 5741
997119 100 6375
999909 22 4411
997629 57 8819
999917 31 4210
994233 14 4422
999878 28 9650
991728 8 3682
998279 45 1268
993231 21 8725
995401 45 9180
990109 87 9382
997308 86 5732
993813 10 7174
992164 50 9570
995731 78 3233
996442 54 9765
994384 18 8137
995448 24 3580
992078 46 590
996922 32 2384
996366 28 6610
999818 21 3426
991022 94 1440
995193 66 4519
995552 13 7695
995380 25 3117
999132 10 2552
993168 53 1419
992698 72 4615
995475 16 7954
992156 97 5168
995169 13 4762
998252 21 6108
990158 51 8332
995725 15 7269
995299 11 4360
998602 28 4952
995974 60 2331
992420 15 4952
994782 80 6062
990122 77 1597
993519 44 17
993120 67 1079
995902 65 2653
996446 80 2344
998635 45 1725
994018 53 3061
997316 75 8950
996351 86 186
997077 24 9520
999738 10 1141
997805 97 4706
991749 89 5458
998434 76 7163
995918 38 5772
993555 79 8647
998751 17 4857
999894 20 2234
993389 97 1168
996685 75 652
992274 16 3145
993654 57 3987
992199 92 1146
990822 59 3777
994353 32 3715
992572 97 737
993426 6 6752
998077 72 3052
998420 11 7703
999055 69 5302
994376 77 1407
996660 92 5319
991792 31 1124
997083 80 9726
991318 59 2578
995375 61 5562
990001 28 9899
996697 8 748
993795 62 6655
995228 37 2379
992787 82 6332
999378 6 8874
999925 32 1821
993723 34 8171
992579 83 6103
999113 14 2399
990340 62 377
998075 65 5050
991675 87 3999
991089 89 2486
997704 52 3925
998719 63 7951
999502 71 3046
993067 69 1822
992967 38 7913
996880 28 3262
990030 15 8803
995827 77 9947
993462 65 946
992160 17 4936
993187 79 9537
992457 13 1907
990620 24 7871
996558 66 5705
997133 64 9399
995864 86 3657
990852 41 288
991953 86 1765
999687 27 175
998266 39 5781
999670 41 1003
997303 80 6394
992938 50 4701
993625 30 118
996488 5 8703
996371 15 8425
998988 64 6086
993876 27 8671
996798 14 9999
990784 99 1679
994539 23 5279
997353 82 3173
992327 99 384
994422 44 2160
998940 5 2807
994837 78 6842
991988 45 806
998393 74 6109
999898 87 2618
999613 67 2714
992072 64 2927
990271 2778
996340 5533
993969 742
996434 2989
996078 7578
990286 2499
993616 631
994373 8581
999318 4439
996246 9902
991193 3948
990431 7030
996274 3666
994288 6574
992397 7867
998851 5648
997379 1050
998083 3996
993352 1946
991323 4680
990785 7766
992996 7813
996157 2585
992930 4348
993416 9946
994527 1515
990905 5007
995783 4542
999883 9882
996725 5783
991871 4489
998457 7767
997454 8680
997549 1558
991727 9907
990973 8971
995767 5468
998814 1807
993103 5475
996798 9999
992195 4914
998805 9706
995139 1684
997408 2737
995692 5518
999232 5049
997993 604
998759 4562
994128 7685
994165 6796
996054 6477
994353 9559
998869 9510
996278 1820
989932 9997
990092 7594
998016 4738
997681 1794
991670 6419
995443 6157
998659 3218
993323 9806
991984 8129
993667 7497
997521 9666
999762 2782
999446 324
997418 2660
999638 4466
992290 9724
991225 345
991882 9133
993448 8262
999078 5522
992061 8713
993705 281
990002 6145
994487 7761
999163 132
998289 4964
993050 6074
994299 1315
992502 5077
996439 9793
990897 5053
995010 2806
990229 7634
996860 4707
994838 7196
997835 1304
998144 8167
999271 9010
996312 3596
989834 9907
998503 6064
993750 821
993592 8792
995829 9959
995237 9517
997082 9777
