100 100 100
999483 55 8379
999366 91 6632
997411 81 7766
998261 23 107
998313 98 4162
999469 15 2097
999690 26 6546
998944 45 423
999440 98 8912
997947 72 2060
998503 9 622
999741 86 6605
998404 32 7389
999558 44 9235
998791 42 4229
997852 75 3701
998642 16 5091
998397 86 10
999731 82 6315
997083 94 1561
998627 51 4118
999642 72 7209
997227 56 4252
997355 27 9547
998142 39 7238
999126 88 8884
999226 99 2767
998047 61 7451
997648 60 7998
999492 65 5915
999843 67 1091
999169 48 1493
999434 47 3561
998778 6 9745
997775 24 4464
997003 23 7272
997678 41 2998
998647 56 9525
999052 33 3288
998123 57 401
997065 59 7786
999445 22 7588
997269 48 441
997249 5 1928
997072 67 6444
997217 32 6807
997551 52 7177
999256 68 9441
999515 92 2791
999540 34 5989
998124 50 2116
998624 53 9895
997735 31 8619
998526 86 3097
997379 98 3716
998444 71 3711
998509 6 3570
997801 82 2947
999886 86 9207
997986 2 5802
998152 11 4575
999995 17 1050
999060 81 2358
999431 35 7400
999552 22 8395
998851 8 6174
998039 98 2496
997529 42 7504
998381 23 1426
999263 20 8795
999954 58 5043
998934 10 3601
999602 23 3958
998660 99 5844
999528 49 8528
998367 5 667
999209 39 657
997527 88 1877
999862 72 528
999526 38 5056
999392 64 1178
998105 93 9203
998244 5 4767
998680 60 2517
998471 43 3786
997020 30 7903
999930 4 1978
998113 14 6856
998019 60 5801
997427 33 1263
999802 28 4736
997488 61 2458
997154 29 8265
999510 79 4943
998288 91 8873
997115 92 9634
997987 79 9951
997370 53 8155
997808 10 5387
997016 15 999
998634 33 7710
999570 38 8846
997941 39 7106
997145 63 6715
997788 12 9459
999240 40 6122
998352 22 7730
997562 14 2445
998876 100 440
997170 35 6200
997758 57 6982
999733 58 9214
999898 20 5709
998139 92 7483
997759 10 7225
997056 27 2697
997316 1 8075
998977 31 5207
998600 53 8224
998578 3 5080
999448 74 2668
999474 53 6234
998418 57 4107
998783 45 8945
999408 81 8288
998716 94 6519
999009 15 5611
999564 71 8902
997790 32 4730
998505 43 4533
998266 67 238
997079 27 5556
999735 3 7933
998844 100 4314
998650 10 9662
997120 3 4782
997338 7 2933
997151 90 30
997345 4 3132
997670 3 8900
997382 27 4938
999702 21 6990
999553 27 2134
999319 27 6625
997052 69 8843
999069 80 1087
997142 21 9689
997569 54 6705
998617 94 7031
997993 49 9136
999694 10 9566
999743 15 4961
997402 32 8518
998026 23 9083
999504 58 5796
997270 51 8687
997116 86 4957
999591 48 4162
999490 3 3172
998402 5 329
998657 21 5177
997802 24 9491
998652 81 4062
999649 72 5415
997990 78 9044
999308 31 7401
998241 93 9002
997575 42 5984
997046 58 2471
998709 93 5439
999604 86 4645
999787 15 4252
999466 29 8543
999695 41 1686
999761 62 9775
997462 33 7483
999680 80 9770
999332 11 5839
998077 28 7148
998153 17 4498
998722 24 4095
997466 75 7082
998021 97 3629
999572 77 7238
997459 72 9710
998673 41 6989
998030 49 1895
999805 7 1667
999734 48 1629
998907 34 8009
998355 15 4627
998267 6 7470
998748 17 5025
998764 59 9431
998370 4 8622
998513 37 308
997929 59 6940
999121 59 8606
997728 43 4741
998523 61 4976
999137 6106
997731 9379
998870 1114
999286 3427
999668 4482
998001 9990
999241 9795
997806 3721
997663 2413
997830 3569
999804 7259
998263 1035
999645 442
998462 9779
999482 8969
997427 1798
997598 2679
999718 1482
997497 3511
997110 4121
998478 333
998518 9475
998908 9720
997410 3994
999900 2775
997624 754
998623 4257
997595 6135
997395 7219
999661 4744
996857 9977
997851 1896
999771 9828
997750 2313
997744 8162
999964 110
999044 917
997289 243
998105 8545
998461 4083
997668 6866
997504 9957
998166 7728
997542 4700
997875 2074
998678 9955
998038 1035
999419 1528
998514 5773
999572 9922
998728 8760
999767 458
997268 658
997903 6479
997276 4735
997614 7460
999722 2623
997707 4325
997696 9643
999039 2631
999445 9647
997711 2803
998957 628
998189 9318
997738 3088
999385 3258
999725 4221
997100 847
997494 4030
998168 1311
998524 4143
998193 9524
998664 7749
998287 8978
998106 8715
998472 9506
999968 3373
998566 4687
997769 6489
997127 8540
999735 8095
998754 4013
997959 56
998448 2808
997864 4331
998161 5823
999928 1565
999962 9417
999225 3175
997859 5597
999066 5601
999340 951
997827 4250
998684 5619
997933 2976
997313 9960
998774 8320
997026 7229
997394 5970
998914 9316
