25474405893367.50000000000000000000
25727515159837.50000000000000000000
25726602221427.50000000000000000000
25720221744247.50000000000000000000
25734591478723.00000000000000000000
25711171730697.50000000000000000000
25709364564716.50000000000000000000
25717103308120.00000000000000000000
25717822939475.50000000000000000000
25709610020863.00000000000000000000
25709507227090.50000000000000000000
25730197325816.00000000000000000000
25723882033081.50000000000000000000
25719229304678.00000000000000000000
25731038699898.00000000000000000000
25724994543299.50000000000000000000
25724331789260.00000000000000000000
25723950241938.00000000000000000000
25739884415083.00000000000000000000
25722760615187.00000000000000000000
25709441983312.50000000000000000000
25725102322389.50000000000000000000
25730505145498.50000000000000000000
25719329687903.00000000000000000000
25732637293319.50000000000000000000
25729672942647.50000000000000000000
25736141717528.50000000000000000000
25720804799782.50000000000000000000
25724399442110.50000000000000000000
25725731900389.00000000000000000000
25724816765640.50000000000000000000
25729675997174.00000000000000000000
25721582688247.00000000000000000000
25730996336936.00000000000000000000
25731058833308.50000000000000000000
25726003076661.00000000000000000000
25719343595972.00000000000000000000
25716324484730.00000000000000000000
25719539574961.50000000000000000000
25709242835467.50000000000000000000
25734813857870.00000000000000000000
25718427396650.00000000000000000000
25710241197886.00000000000000000000
25720636522180.50000000000000000000
25720343227101.00000000000000000000
25726962394527.50000000000000000000
25702490997280.50000000000000000000
25713916423533.50000000000000000000
25734733618312.50000000000000000000
25715643497776.00000000000000000000
25725212574085.50000000000000000000
25738296441294.00000000000000000000
25707266248662.50000000000000000000
25716051532698.00000000000000000000
25725614658126.00000000000000000000
25703854004778.50000000000000000000
25730052607026.50000000000000000000
25726296185149.50000000000000000000
25735542146654.00000000000000000000
25734166325110.50000000000000000000
25708814202911.00000000000000000000
25727035364768.00000000000000000000
25736942058586.00000000000000000000
25745635034619.00000000000000000000
25729065865144.50000000000000000000
25727462013503.50000000000000000000
25718073234868.00000000000000000000
25733357966879.00000000000000000000
25714904225509.50000000000000000000
25750656288512.50000000000000000000
25723207620017.00000000000000000000
25724484292043.50000000000000000000
25707932681493.50000000000000000000
25724226927294.00000000000000000000
25712769541310.50000000000000000000
25727619684988.50000000000000000000
25732060557027.00000000000000000000
25727264392841.50000000000000000000
25718186568259.00000000000000000000
25717350944247.50000000000000000000
25740686707321.50000000000000000000
25731603159921.50000000000000000000
25724977607969.00000000000000000000
25718693640598.00000000000000000000
25728661646239.00000000000000000000
25719033636926.50000000000000000000
25734296927641.50000000000000000000
25723042886879.00000000000000000000
25709660947502.00000000000000000000
25730104323008.00000000000000000000
25712014490130.50000000000000000000
25739709599947.50000000000000000000
25726338357053.00000000000000000000
25721526989330.50000000000000000000
25719916283558.00000000000000000000
25739216699561.00000000000000000000
25732269398372.50000000000000000000
25715084314295.50000000000000000000
25718548511798.00000000000000000000
25474405893367.50000000000000000000
