500 500 500
998706 2 866
999665 69 705
999799 43 943
999782 72 188
998918 42 360
999290 71 831
999534 29 862
998725 87 650
998554 51 252
999437 49 179
998780 57 682
999419 39 109
999450 83 794
999684 10 91
999430 20 794
999759 51 835
999753 54 961
998855 53 745
999699 32 363
998545 29 811
999685 1 342
999713 15 746
999050 65 219
998979 66 30
999678 53 912
999585 51 826
999869 44 852
999116 17 206
999672 50 421
999980 69 425
998793 4 554
999904 30 595
999312 26 443
998861 25 630
998543 45 543
999599 36 615
999846 12 865
999751 74 94
998578 68 549
998743 86 232
998784 18 106
999827 42 966
999858 5 452
999638 82 541
999926 100 573
998976 91 905
999879 7 532
999662 13 386
999307 76 968
998953 93 239
999645 78 979
998608 54 130
999300 73 473
999305 7 786
999114 36 209
998783 63 791
999314 50 190
999173 10 585
998930 8 343
999285 90 271
998769 7 166
999286 7 486
999673 27 308
999524 59 410
999963 98 917
999196 4 567
999342 49 990
999798 55 712
999852 99 783
998966 33 605
999348 68 501
999616 62 724
998571 8 838
999053 83 524
998893 63 556
999676 13 870
998719 71 730
998832 52 599
998799 63 524
998635 58 573
998795 69 351
999128 70 54
998670 45 979
999143 57 416
999207 65 915
998796 2 456
998996 36 198
998917 19 786
998644 34 206
999495 19 659
998787 75 906
999516 97 302
999162 84 280
999199 68 633
998791 8 790
999785 82 669
998592 54 975
999666 80 423
999901 29 684
999032 36 160
999427 38 136
999777 65 296
999334 65 204
998880 14 479
999937 5 983
999233 35 913
998815 14 72
999783 33 315
998905 57 277
998587 72 25
999232 37 258
999308 23 543
998582 8 195
999890 100 115
999443 35 928
998524 79 185
998683 39 310
999986 23 536
999991 71 754
998901 51 929
999997 58 63
999047 14 142
999810 18 905
998604 10 202
998883 62 408
999320 31 269
999167 78 283
999426 54 837
999889 51 671
998633 22 950
999942 82 517
999006 57 41
999098 74 594
999915 38 188
999467 49 980
998692 93 834
998839 50 38
998778 31 874
998768 72 199
999874 23 32
998547 41 805
999332 31 196
998919 17 294
999719 55 698
999441 96 88
999383 57 330
998961 93 985
999595 11 603
998742 62 914
998932 44 297
999604 67 278
999494 87 412
998843 56 428
999193 59 791
998866 71 50
999414 15 138
998840 11 525
999309 79 979
999618 86 77
999278 87 121
999064 23 218
998718 79 318
998717 22 931
999680 37 804
999730 78 985
999222 52 338
998985 76 383
998702 11 686
999124 73 499
999704 47 643
999936 35 670
999058 74 89
998938 89 685
999572 57 878
999504 97 521
999438 55 864
998807 55 289
998750 59 417
999472 56 51
998957 89 390
998676 26 734
999274 30 303
999940 32 756
999283 36 216
999945 76 366
999664 43 45
998588 35 221
999316 52 77
999184 31 207
999206 56 124
999632 91 603
998977 96 792
998579 85 877
999793 77 698
998550 42 572
999830 54 729
999695 56 762
999696 80 982
998691 17 61
999614 35 617
998912 58 83
998658 50 858
998983 98 289
998642 94 469
999399 60 226
998661 92 323
999770 25 823
998805 46 483
998856 32 249
998684 97 795
998700 34 501
999804 59 920
999601 89 763
999231 74 411
999444 8 211
999363 86 246
998781 20 616
999099 44 83
999326 46 332
999153 1 256
999689 87 340
998970 100 156
999998 58 806
998812 34 299
999974 52 20
999965 60 672
998703 75 550
999331 53 829
999989 86 240
999717 96 160
998882 61 371
998715 13 254
999686 20 104
999886 56 654
998672 56 820
999230 50 243
998729 1 589
999586 65 1
998610 96 42
998816 16 566
998770 48 156
998631 99 480
999619 87 126
999200 50 667
999566 48 116
999365 86 256
999921 35 40
998544 28 380
999294 53 241
999796 90 252
998902 60 692
998707 41 666
999402 63 377
999625 68 955
999823 72 881
998897 25 356
999745 40 586
999786 39 461
999985 8 223
999139 69 396
999932 72 721
998714 2 547
999091 43 536
998760 49 425
998555 9 909
998841 92 312
999559 28 850
999433 10 560
999518 43 760
999537 71 588
998744 29 562
998989 42 554
999946 70 819
999080 70 627
998615 69 376
999947 36 42
998501 71 935
999251 64 166
999246 74 994
998948 13 976
998674 38 837
999133 53 63
999370 61 864
999266 85 842
999186 25 729
998911 9 849
999179 63 364
999040 13 838
999431 49 705
998701 86 56
999897 2 988
998667 83 58
998941 27 322
999490 72 508
999085 70 268
999317 10 582
999102 78 313
999034 17 708
999964 64 33
999923 57 388
999656 22 474
999481 32 518
999513 8 764
998627 45 173
998593 52 450
998739 69 121
999729 36 183
999675 74 241
999484 45 678
998577 83 293
999105 29 575
999097 100 503
999613 66 652
999250 91 89
998607 79 177
998651 96 356
998597 88 870
999579 14 923
999824 23 685
999302 43 449
999204 12 144
998782 12 780
999092 39 18
999076 94 837
998519 69 838
998862 48 587
999790 42 274
999198 7 15
999172 57 322
999721 8 354
999958 67 407
999322 97 623
999461 25 582
998801 44 29
998686 26 88
999493 55 353
999584 78 970
999001 91 709
999059 78 478
999400 56 985
999188 75 837
998507 21 742
998888 75 141
999927 24 476
999273 20 102
998992 83 505
999647 84 7
999682 41 317
999298 85 647
999121 45 400
999679 73 669
998867 30 615
999055 87 709
998506 66 383
999476 56 72
999351 41 758
999148 54 572
999768 16 681
998574 29 749
999411 7 22
999697 96 822
999907 75 977
998681 8 442
999214 37 295
999469 29 380
999930 11 522
999747 28 801
998596 84 62
999375 37 356
999169 13 497
999806 57 180
999844 9 491
999403 24 64
999350 75 82
999952 23 64
999587 29 320
998811 29 194
999482 77 44
999530 30 219
999835 77 34
998556 13 442
999871 16 970
999215 25 468
999738 82 555
998753 7 270
998562 7 288
999344 82 723
999896 11 423
998859 38 582
998712 22 857
999805 2 526
999144 77 681
999522 95 754
999776 31 659
998828 20 547
999523 20 218
998946 100 635
999166 67 878
998804 82 923
999521 1 82
999723 63 42
999436 82 37
999378 2 934
999391 30 712
999333 72 524
999508 22 55
999981 90 359
999432 17 966
998962 45 621
999463 8 265
999538 2 449
999004 62 918
999596 6 855
999010 17 384
999573 95 669
998860 37 597
999996 50 336
999025 50 85
999401 68 374
999429 28 166
999941 17 606
999453 15 478
998618 45 11
999090 66 370
998746 68 329
999691 44 162
999180 88 237
999674 90 286
999459 3 501
998906 69 949
999624 70 40
998823 91 474
998974 59 30
998619 30 600
998936 77 973
999026 34 70
999371 63 4
999475 20 785
999583 89 394
999280 35 624
998771 12 886
999503 30 159
999659 62 292
998949 24 812
999876 30 930
999984 38 60
999218 10 434
999464 19 671
998695 54 543
999576 62 508
999171 65 995
998774 64 728
999906 62 403
999909 26 579
999959 68 240
998747 50 84
999003 50 524
999313 25 826
999877 21 586
999268 7 947
998939 54 503
999499 85 97
999763 28 149
998818 47 91
999240 98 277
999663 45 762
999956 55 524
998895 2 254
999043 49 768
999017 99 150
999323 91 411
999888 26 92
998645 83 444
998903 76 271
998638 32 600
998821 3 845
998908 94 125
998740 40 554
999422 15 503
998998 86 465
998517 80 47
999073 27 924
998878 31 934
999289 10 860
999349 86 141
999988 10 61
999264 1 222
999373 4 177
999021 81 326
999147 63 198
998677 74 512
999181 80 847
998814 21 488
999474 12 180
999617 34 77
999183 57 608
998863 40 529
998563 14 110
999850 20 219
999962 80 480
998954 40 199
999734 5 883
999838 17 626
999551 1 859
999355 56 996
999826 82 921
998792 19 803
998810 96 225
999279 59 297
999553 34 355
999338 27 719
999961 60 240
998693 79 207
1000000 9 672
999468 49 790
998904 78 482
999653 34 323
999865 61 202
999440 83 880
999202 48 32
999063 15 606
999277 46 738
998694 13 472
999821 4 387
999079 43 781
999990 88 744
999737 54 51
999815 80 247
999154 3 200
999881 67 566
999781 88 348
999993 25 66
999742 8 207
998560 39 271
999325 100 303
999265 38 429
999920 40 864
998655 97 772
999368 77 671
999471 26 821
998798 68 370
999094 78 637
998656 3 567
999140 85 363
998935 44 74
998508 9 48
998626 55 20
999293 24 16
998871 28 542
998845 53 538
998963 25 882
999720 26 15
998557 64 399
998920 76 306
999660 35 976
999539 36 115
998837 96 184
999968 19 527
999458 45 357
999557 56 651
998914 86 82
999070 98 718
999565 42 802
999060 42 755
999377 51 917
999227 38 111
999291 18 831
999636 51 878
999406 66 870
998621 57 1
998548 54 749
999117 63 122
998505 42 912
999044 34 719
999394 93 493
999577 30 733
999728 10 405
999112 39 624
999065 58 223
999863 48 849
999161 94 814
999108 60 326
998980 58 679
999359 74 59
999078 85 512
998665 53 652
999918 19 173
999319 77 487
998688 83 767
999137 27 782
998923 48 359
998929 96 187
999051 7 941
999473 17 686
999987 39 768
998525 98 238
999718 56 297
999512 98 86
999934 40 886
999130 21 520
999794 3 145
999868 20 793
999654 15 751
999388 39 736
999423 50 297
999857 21 589
999310 42 790
999620 68 254
999106 59 431
999247 53 288
998891 28 898
999710 64 814
998849 72 356
999442 43 551
998766 1 663
999648 58 130
999036 66 883
999764 90 701
999560 29 137
998641 6 322
998808 73 497
998540 64 2
999093 73 289
999195 53 993
999722 36 658
998884 9 533
999707 69 242
998846 94 970
999795 3 559
999132 78 393
999269 88 312
999501 78 978
999111 56 858
999612 26 906
999510 69 977
999743 44 148
998538 34 626
998650 46 586
998625 89 818
998907 78 293
999916 51 899
998586 69 60
999081 88 78
999814 87 460
998830 93 694
999244 38 58
999457 39 705
999977 77 516
998870 11 120
999683 2 433
999528 1 656
999229 89 817
999220 74 963
998646 1 388
998765 65 109
999922 54 143
999939 57 686
999529 61 333
999398 18 123
999929 48 983
998678 10 964
999919 86 593
999544 88 439
998591 2 979
998522 10 682
999256 55 909
998876 30 996
998922 51 336
999489 68 238
999479 40 631
998822 89 420
999272 39 627
999715 15 497
999392 22 111
999262 72 693
999201 20 234
999744 2 712
998503 32 97
998898 41 114
998705 31 528
999762 10 940
998981 29 19
999120 67 81
998601 73 976
998831 66 481
999873 54 837
999502 88 24
999057 16 315
999052 30 539
999969 52 237
998521 36 421
999407 82 356
999203 37 66
999820 32 599
998786 75 302
999755 84 971
999415 99 637
999382 78 198
999973 66 898
999185 9 424
998648 29 913
999086 25 994
999393 83 542
999170 32 506
999589 63 663
999455 52 965
999880 80 823
998528 23 65
999563 2 990
999641 7 909
999164 41 130
999384 18 988
999339 28 913
999163 91 488
998833 76 781
999361 49 781
999082 66 386
999914 80 517
998868 68 586
998680 77 431
999535 33 816
999345 67 488
999221 7 600
999425 96 375
999708 48 433
999270 12 109
999727 34 366
998857 51 978
998990 29 23
999951 66 505
999822 58 53
998732 51 328
999208 3 687
999296 67 611
999176 54 577
999817 17 896
999748 68 324
999381 21 218
999276 80 86
998890 74 307
999213 47 100
999364 87 973
998699 19 264
998624 30 123
998738 45 125
999353 94 136
999688 83 356
998530 47 427
999237 97 245
999706 66 889
999913 94 115
999038 77 40
999517 40 828
999182 52 96
999396 63 585
998567 19 289
998504 27 955
998565 21 166
999088 28 264
999303 10 660
998616 51 866
999970 39 129
998873 20 307
999434 60 535
999711 30 918
998944 72 203
998566 40 804
999801 89 954
998671 69 612
998632 22 70
998576 51 328
998527 29 962
999002 86 639
998617 79 531
999318 63 409
999367 55 680
999548 80 250
999859 54 699
999561 83 846
998997 89 377
999141 36 491
999046 86 589
999816 82 150
999960 75 386
999598 25 815
999035 6 917
999439 5 645
998612 62 834
998820 10 215
999581 56 930
999670 5 862
998748 19 996
999640 5 200
999372 51 970
999509 56 812
999282 33 688
998643 44 454
998945 59 621
998761 4 151
998776 100 402
999739 22 983
998541 32 633
999158 92 423
999505 11 513
999192 72 464
999507 23 804
998589 43 27
998877 28 691
999486 76 68
999000 3 411
999982 2 638
999887 67 656
998972 70 805
999698 80 742
999671 67 367
998950 76 665
999627 23 435
998973 34 227
998606 5 66
999008 73 492
999629 86 641
998995 78 753
998956 91 10
999288 37 443
999211 84 775
999067 73 741
998585 4 773
999792 71 308
999104 4 260
998858 34 704
999784 80 552
998708 96 854
998628 92 583
999125 85 539
999812 86 950
999072 51 554
999087 90 906
999470 100 923
999249 3 23
999253 32 361
999054 84 189
999386 62 90
999089 35 993
998687 1 352
998991 94 312
999828 11 597
999735 28 362
998987 36 185
999292 51 166
998598 19 978
999416 58 247
998733 42 560
999840 51 192
999540 20 521
999397 22 335
999740 60 554
999387 92 602
998971 4 235
999492 29 871
999578 99 584
999336 70 953
998570 6 957
999667 81 517
998754 47 92
998788 42 979
999150 54 849
998809 71 968
999228 27 915
998965 9 625
999979 48 496
999301 93 583
999593 8 539
999145 6 45
999123 44 118
999976 4 247
999955 41 549
999340 39 916
998595 9 902
998988 95 954
999151 93 738
998848 69 368
999408 23 823
999498 79 50
999995 44 543
998751 54 646
999832 25 344
998673 78 257
999611 82 979
999126 40 922
999379 19 316
999485 17 650
999330 35 154
999570 62 444
999048 17 161
998900 33 911
999016 36 797
999752 62 45
999637 19 783
999122 85 174
999514 51 798
999487 24 207
998800 30 260
998826 32 262
999836 83 998
999096 76 733
999590 75 800
999242 26 609
999774 67 413
998854 13 584
999165 85 896
998806 79 932
999564 64 563
998759 9 657
999447 13 707
999860 81 885
999299 46 941
998520 25 751
999456 90 681
999954 49 840
998887 44 403
999837 49 243
998734 4 326
999855 59 657
999900 58 240
998584 58 137
998955 28 735
999772 41 569
999056 24 548
999095 88 402
998551 58 185
999787 11 149
999808 34 806
998931 24 943
998639 11 127
999420 56 483
999925 50 573
999767 82 699
998885 34 972
999405 35 962
999771 73 754
999107 20 771
999252 100 146
999885 72 447
998594 44 217
998653 5 373
999862 21 781
999168 34 152
998745 76 159
998817 50 498
999757 57 201
999254 33 733
998728 61 205
998896 85 987
999893 67 895
999864 90 388
999013 75 225
999454 67 258
999809 58 131
998609 94 213
999496 29 741
999875 8 829
998942 87 353
998749 83 709
999924 59 346
999131 91 436
998969 9 769
998777 97 727
999788 89 120
999075 30 660
999119 74 599
999356 92 338
998892 14 479
998994 84 479
998967 58 999
999015 87 692
998952 53 694
998872 71 918
999519 50 423
999049 50 459
998802 96 368
999219 71 817
999842 36 778
999358 98 792
999135 4 119
999825 42 307
999694 94 440
998669 34 414
999701 15 293
999971 54 780
999802 11 139
998763 16 19
998709 74 109
999628 49 773
999152 85 9
999077 15 121
999811 25 763
999327 33 958
999083 28 295
999574 38 955
999749 47 492
997625 69
997820 39
997320 294
997913 969
997187 335
998474 2475
997103 332
998394 643
998207 759
997448 842
997204 513
998186 412
998219 549
997062 149
997720 335
998417 155
997407 950
997075 284
997719 526
997357 694
997540 114
998060 161
998426 786
998154 556
997317 551
998469 158
998044 332
998168 941
997346 974
997869 844
997569 527
998128 291
998118 934
997845 646
997444 845
997297 150
997070 219
997410 303
997570 919
997264 569
997305 705
997852 656
997163 331
998199 253
997817 430
997401 629
997104 379
997195 531
998177 98
997788 176
997217 867
998073 273
997978 211
997600 169
997161 62
998088 380
998239 982
998021 468
997310 284
997021 50
998307 50
997821 176
997236 697
997870 823
997133 563
998227 518
997822 892
997474 139
997602 866
998107 320
997829 570
997779 442
997092 104
998483 2102
998146 463
997240 712
998201 1000
998459 140
998491 488
997488 479
997120 591
997077 884
997283 434
998018 524
997606 342
998337 339
997578 443
997616 555
998268 562
998389 335
997017 538
998094 645
998001 562
997251 849
997629 535
997425 412
997874 150
998323 88
998288 795
998098 61
997181 197
997516 731
998232 634
997841 925
998076 629
997102 551
997374 851
997219 956
997597 753
997115 522
998443 884
998282 363
997731 118
997643 611
998084 143
997903 572
997153 81
997550 752
997260 464
997594 279
997144 217
997687 739
998382 353
997259 414
997638 610
997605 993
998123 920
997850 810
997054 173
997293 225
998105 791
997872 865
997599 740
997131 735
998379 150
998245 581
997798 498
997596 751
997496 631
997387 836
997603 209
997088 953
997356 889
997697 360
998453 12
997796 566
997390 58
998091 398
998286 805
997057 604
998280 498
997754 994
997492 532
997455 19
998250 906
997715 242
997174 282
998266 980
997044 154
997127 296
997253 126
998493 505
997288 945
997813 928
997910 881
998397 97
998063 853
998173 626
997094 522
997753 2
997986 733
997237 642
998052 535
998190 266
998030 219
998355 501
997950 839
997549 939
997826 933
998405 720
998333 208
997058 104
998226 381
997081 346
997319 573
997155 503
998371 1
998215 987
998113 596
997797 429
998444 2278
997923 639
998318 53
998049 301
998235 944
998096 611
998400 687
998188 294
998191 852
997630 316
997544 794
997428 816
997858 106
997987 113
998224 300
997041 817
998244 548
998120 591
997627 409
997178 65
998308 461
998249 505
997500 721
998065 700
997608 198
998075 353
997005 513
998110 222
997252 736
997511 490
997520 280
997642 643
997268 179
997385 841
998252 773
997213 34
997944 925
997335 782
998407 415
997639 669
997974 335
997105 465
997394 613
998441 691
998103 437
998255 639
997658 96
997911 427
997901 536
997489 750
998010 721
997437 883
998456 331
998148 526
998180 434
998159 749
997454 656
997327 639
997775 613
997241 147
997767 233
998133 985
998352 479
997051 45
998393 994
997512 411
997696 827
998477 805
998377 893
997202 385
997518 437
997415 809
997035 22
997471 449
998278 597
997728 586
998287 651
997229 742
997895 581
997572 349
998418 627
998296 48
997877 1000
998312 660
997386 153
998466 627
997745 411
997068 130
998478 605
997689 466
997419 409
998346 588
998399 458
997028 763
997365 614
997416 573
997851 273
998072 423
998136 254
998109 889
997084 759
997947 511
997948 79
997737 978
998461 987
998470 907
998431 640
997406 759
997636 15
997519 341
997839 438
998028 36
998364 32
998256 963
997741 883
998007 525
997096 273
997712 461
997873 189
998326 82
998412 248
997304 121
998140 116
997342 426
997668 789
997690 75
997581 884
998228 27
998378 58
998197 569
998489 855
997504 432
997793 718
997071 813
997182 820
997066 555
997418 579
997441 108
997227 905
998000 443
997682 87
997837 699
997920 539
998104 45
998432 897
998314 735
997686 861
998332 739
998194 153
998008 469
998005 917
997949 616
997208 900
997537 713
998122 741
997811 116
997170 526
997692 574
997093 49
997506 691
997993 107
998488 771
998439 422
997921 107
997810 885
997029 683
997382 483
998231 460
997771 252
998259 271
997716 253
998338 599
998097 377
997172 740
997400 398
998361 482
997430 300
997399 808
997541 988
997713 110
997119 746
997683 67
997828 581
997495 246
997065 884
998127 818
998258 862
998198 229
997462 743
997881 67
997183 409
998016 647
997738 165
997278 197
998150 499
998038 305
997140 784
997641 264
997085 76
997282 504
997190 538
997449 249
998132 511
997108 265
998465 21
998315 128
997469 274
998490 540
997404 459
997651 506
997389 498
998069 884
997959 342
997350 68
997211 607
997583 296
997451 937
998302 923
998384 436
998011 527
998169 470
998092 662
998485 388
997968 339
997656 597
998205 759
997074 646
997848 184
998419 367
997928 184
997527 396
998452 944
997420 242
997846 625
998284 927
997052 666
997727 364
998023 198
997946 368
998349 21
997613 281
997694 300
998019 538
997371 440
997732 608
998082 906
998449 256
998087 9
997804 606
997935 819
997053 753
997067 606
997073 511
997522 305
998271 836
997008 625
997563 70
997926 78
997565 299
997557 910
997984 796
998496 1381
997929 136
997736 114
997136 408
998238 624
997376 550
998040 496
998115 167
998243 932
998216 991
997491 670
997465 542
997896 972
997138 967
998182 371
997902 513
997532 346
997466 286
998301 649
998438 702
997601 636
998220 179
997918 215
997139 382
998221 123
997255 81
997164 161
997555 175
997785 180
998306 778
997123 152
997435 802
997979 347
997299 614
998486 1289
997485 316
997413 178
997514 776
998114 168
997056 875
997904 337
997844 270
998285 789
997973 573
998241 465
997325 806
998046 290
997290 156
997909 931
