500 500 500
999929 3 1278
998631 31 474
999834 69 1567
998538 12 935
999224 31 1589
999885 93 1160
999396 27 916
999375 26 3548
999255 29 4282
998893 80 1063
999300 3 866
999450 19 862
999852 50 3379
998805 59 312
999451 81 4215
999368 57 862
999794 3 1494
999062 49 856
999996 74 392
999811 75 1676
999282 75 4931
999013 57 2137
999434 70 1807
999599 16 3550
999115 86 2625
999329 92 4808
999932 56 2812
999730 18 1862
999619 28 1399
999790 18 2218
999788 18 2025
999950 90 761
999095 8 3951
999356 6 4642
999128 64 405
998537 5 2407
999660 20 2910
999366 30 1999
999573 25 155
999498 55 1452
999589 35 414
998912 13 4604
998679 50 2888
999318 51 3756
999308 67 868
998927 39 2690
999322 72 1225
998693 74 1732
998579 24 3603
999112 21 3948
999644 56 732
999272 3 1573
999718 12 3709
999694 15 1003
999051 26 1732
999165 22 3860
998943 2 4008
999641 23 274
999607 83 2201
999787 7 1040
998885 22 1544
998903 27 4098
998520 13 1297
999819 41 1513
999923 73 864
999900 48 2218
999111 91 662
999919 34 1675
999155 66 887
999581 60 2655
998701 86 1615
999859 97 2178
998995 25 4467
998956 8 2571
998750 9 1817
999536 76 1244
998707 92 1591
999889 27 1420
998706 97 4991
999044 61 377
999097 41 1320
999675 55 798
998875 11 3278
998826 11 3525
999193 79 4730
998695 10 1514
999539 81 3741
999597 83 2511
999738 25 1673
999100 45 905
999921 87 4521
999800 84 1009
999174 11 4037
998534 52 440
999243 77 3794
998977 11 4954
999841 34 2632
999175 87 574
999385 87 530
999344 91 3977
998860 73 374
998561 5 1220
999305 91 3360
999725 72 1963
998982 4 2869
999491 90 1715
998730 48 1380
999011 13 4790
999982 21 3078
998562 74 4447
998940 71 3741
998837 28 2440
998644 83 2406
999672 67 3440
998918 10 4955
999861 68 3234
998845 8 4932
999251 94 1435
999574 3 2621
998808 52 536
999393 1 615
998570 22 3842
998732 28 3389
999560 48 1898
998904 77 3000
999337 96 3423
999840 18 2730
999548 16 2140
998598 68 1709
999430 18 1626
998529 22 4939
998987 47 4106
999014 57 81
999933 97 985
998628 73 1120
998615 50 13
998665 75 1539
998945 62 2593
998841 21 2746
999563 84 3623
998721 25 4330
998899 88 4213
999909 87 1357
999145 3 4835
998747 53 3820
998738 50 2816
999789 82 3394
999068 24 3364
998993 33 1022
998712 34 861
999705 97 2807
999761 91 2755
998639 88 3317
998889 53 1347
998676 97 39
999777 82 2134
999617 6 3987
999144 63 91
999082 88 3123
998764 2 1683
999509 49 1053
999048 34 3155
998914 46 2974
999783 95 4220
999669 50 4656
999892 16 2676
999448 92 1035
999173 3 2413
998896 82 875
999534 14 312
999559 96 4075
999935 9 3317
999399 18 1888
999050 12 510
998851 30 4755
999538 38 3022
999342 93 4896
999160 8 4725
998777 91 1490
999815 40 2112
998983 25 1286
998684 92 3806
998960 44 4668
999135 24 4011
999348 43 2188
999049 57 3476
998988 15 1178
998917 71 3273
999312 1 1393
999039 53 4408
998838 55 2675
999023 38 1049
999731 83 4072
999486 4 2676
999293 80 3407
999240 80 1295
999562 87 1794
998989 14 130
999545 99 81
998588 47 1037
998607 82 4023
999645 9 347
999120 31 2137
999378 49 2656
999261 83 2522
999446 53 4112
998824 98 3561
998879 68 4756
999454 16 2387
998992 87 3414
999462 18 3570
998647 82 4202
999507 16 3073
999288 52 2454
999028 30 3473
998638 55 2554
998671 62 455
999600 46 353
999858 78 4668
999734 67 1513
999963 64 3255
999444 32 4937
999869 79 4200
999887 36 4123
998555 33 1679
999466 20 1389
999473 38 384
998854 20 897
999125 83 2989
998908 32 1268
999876 17 522
999192 59 4079
998608 76 198
999687 26 1860
999383 84 4084
999747 51 4813
999372 81 2506
998717 70 198
998675 12 3462
999771 37 3329
999626 86 1037
998833 43 1491
999739 47 3860
998829 88 4581
999008 66 3513
998661 66 785
999257 73 536
998782 90 3019
999520 6 2748
998543 33 4285
998581 45 1899
998832 6 2278
999649 32 232
999723 86 2363
999925 77 574
999712 92 966
998673 85 2077
999755 6 2020
999245 3 2457
999916 49 2977
999202 65 4041
999531 4 1441
998887 41 2914
999089 53 3682
998812 52 1898
998755 62 4672
999740 20 1278
999334 54 951
999956 23 4437
999954 24 3224
998855 59 3352
999101 86 552
999825 48 1234
999395 8 4199
999716 62 806
999717 45 116
999512 17 2058
998915 88 4298
998831 79 1687
999324 36 2298
998567 13 3910
998797 51 3370
999601 57 2152
999728 12 1903
998640 73 1649
999793 39 4448
998620 8 327
999271 45 3246
999990 31 347
999671 87 559
999508 88 1344
998864 59 1166
999472 94 2584
998759 84 1196
999606 71 1942
999733 3 4965
999302 100 1877
998710 82 1952
999527 82 2955
999830 23 1351
999252 17 416
999277 42 1862
999215 97 88
998625 41 3305
998961 38 4814
999522 78 3164
999863 52 3019
999818 36 3047
999820 83 2423
999571 29 3176
998539 37 2016
999943 28 175
998933 49 1667
999540 50 803
999544 20 4522
999225 36 3889
998728 52 680
998668 64 4912
999525 99 4137
999608 48 1447
999696 14 2373
999421 51 801
999750 53 1237
999964 89 29
998603 64 2124
999073 1 2654
998629 15 1431
999156 87 1836
999467 91 4012
998919 57 920
999772 40 2930
999553 7 597
999692 41 2696
999673 5 4792
999769 87 4948
999851 71 1497
999505 64 3116
999884 90 588
999635 28 3605
999182 88 3711
998803 25 4016
999077 15 4273
998823 88 2385
998610 77 2060
999862 59 1175
999759 94 1356
999333 21 2119
998617 89 4396
998649 28 886
999205 49 1921
999575 99 105
999417 19 4440
999879 22 3527
998718 26 4375
999201 17 2740
998545 18 766
999554 22 2876
999027 95 1615
999475 80 1639
998898 27 3862
999753 3 3004
998616 96 2326
999775 45 1562
998941 32 4949
999878 20 1832
999707 70 1009
999196 22 4152
998700 59 486
999835 42 1893
999345 88 4034
999055 18 794
999010 24 1735
999103 13 4049
998735 3 2697
999313 10 2852
999592 86 4494
999463 7 1723
998871 65 26
998818 77 201
999532 69 99
998751 3 4717
998789 19 2858
999781 38 2958
999735 66 3117
998937 38 1853
998657 39 3442
999397 46 4068
998947 68 91
999219 50 2246
999558 13 1467
999535 28 3530
999766 42 4814
999801 1 2728
999443 75 1705
998986 100 586
998651 54 979
998756 15 789
999330 43 539
998508 12 4537
999798 21 4204
998955 23 3774
998669 62 2389
998754 57 4487
999306 1 2309
999387 47 3360
998708 93 36
999797 63 2753
999058 63 3824
998874 94 235
999274 46 723
998664 1 3117
998697 7 49
999590 1 1819
998611 70 4853
999442 97 1491
999148 25 4506
999888 2 2969
999310 72 1103
999108 67 3795
999071 23 776
999591 9 3706
999280 26 2565
998894 12 1738
998524 79 44
999493 75 2759
999908 96 1190
999230 16 11
999121 5 2203
999628 41 2547
999223 85 2687
999898 30 4073
998540 52 4259
999979 62 2478
999957 80 3247
999220 66 2026
998817 22 1141
999910 14 106
999276 40 1381
999233 9 934
999309 9 3683
999668 7 1015
998979 53 954
999339 99 582
998830 79 682
999080 31 1432
999149 3 2642
999679 28 1067
999457 97 4541
999042 66 1733
999490 11 3317
999371 19 1201
999007 83 2415
998815 12 4130
999745 12 3812
998962 20 4089
999503 9 3444
999052 39 4273
998621 27 679
999850 6 209
999754 17 4878
998944 16 3409
999035 6 2883
999823 95 459
998564 53 2261
999614 80 2286
999478 81 3845
999883 9 3045
999496 53 810
998900 77 4188
999749 35 436
999147 82 3747
999151 4 2063
999504 69 561
999715 84 2802
999968 35 1201
999931 5 733
999776 91 2099
999572 63 2470
998582 28 533
998928 52 2865
999594 44 3014
999075 12 318
999471 78 1556
999969 86 2799
999609 42 3551
999844 15 4053
999732 75 854
998846 65 1791
998505 57 991
998568 68 3480
999228 36 1990
998694 52 2500
999060 65 284
999296 10 2240
999249 32 3519
999021 49 3256
998574 56 3111
999677 21 3024
999367 73 965
999915 67 1570
998659 38 823
998643 18 4494
999009 95 2046
998869 81 1113
998689 20 512
999500 79 3590
998852 40 4489
999864 29 3131
998958 5 698
998765 57 4068
999583 5 309
999083 52 4457
998572 56 3849
998859 6 282
998667 78 4247
998991 12 2291
998804 74 4218
999427 20 3292
999279 21 3648
999016 100 4113
998745 25 782
999967 12 4148
999169 94 4253
998645 59 1684
999161 68 4170
999176 18 447
999839 83 3779
998596 88 4724
999374 23 3149
999709 1 1226
999966 83 264
999907 42 4357
999736 27 594
999721 19 2680
999959 37 3879
999729 81 2427
998778 72 3243
999460 51 578
999295 18 2822
999340 62 3230
999424 3 2264
999067 79 3631
999899 16 3697
999557 54 2292
999984 65 141
998501 22 2561
999722 52 2724
998785 68 2574
998970 91 2756
999481 87 4828
998813 45 2850
999831 35 4469
998698 32 2190
998795 14 4272
998907 95 287
999767 38 2107
998749 92 1810
998623 48 3331
998602 6 4484
999406 39 2304
998618 12 1597
998929 24 151
999615 61 4612
999325 47 4633
999983 42 2234
998635 38 523
998536 81 470
999945 39 4826
998897 80 43
998984 47 3778
999432 71 2298
998980 17 3150
999737 7 2908
999030 23 3779
999412 40 1104
998502 18 111
999756 99 2573
999566 72 3992
999991 23 2471
999265 8 2860
999937 89 1012
999867 96 1635
998742 91 2101
998763 29 4143
999663 21 2815
999354 96 4190
998939 25 4644
999170 64 4783
999621 97 2706
999856 16 3033
999099 51 1036
999958 1 1783
999117 82 393
998835 8 698
998530 24 2537
998563 47 838
999363 60 3190
999118 3 3784
999816 19 2122
999248 11 3049
999805 69 3632
999304 29 4157
999936 51 3412
999259 81 2216
999489 3 2141
999464 7 3205
999254 70 3350
999555 95 3255
998935 84 49
998762 43 2327
999648 65 3981
999079 13 3267
998733 18 35
999093 81 707
999710 92 4010
999141 93 2875
998836 93 1029
999273 94 816
999568 82 701
998722 97 19
999146 31 3949
998578 90 1272
999962 48 1752
998954 47 3187
998850 96 1672
998748 83 2205
999314 72 1457
999186 41 2618
999162 100 1366
999114 49 1781
999199 43 2177
998560 81 88
998972 56 4080
999995 99 3691
998663 46 2746
998576 4 3111
998704 20 4501
999765 84 4758
999595 41 1378
999913 23 4427
998594 72 860
999768 89 535
999034 23 963
999911 38 1480
999905 56 1794
999081 92 1218
999270 65 1807
999349 60 2385
998861 68 389
998775 60 2827
998654 49 2931
998619 57 2116
999104 69 594
999358 10 1417
999843 99 346
999518 25 4149
999849 84 3205
998556 78 4464
998580 30 730
999782 61 1656
998942 54 2339
998862 78 1737
999653 64 2337
999634 58 768
999860 5 2401
999838 77 1919
998583 83 3101
998589 44 3340
998658 42 665
999658 76 2376
999373 60 594
999654 65 2713
999598 91 2870
998655 86 2305
999803 34 4992
999647 54 3575
999029 88 3715
999429 44 3797
999435 3 1889
998870 54 3729
998553 33 2947
998976 46 2989
999664 21 2512
998905 52 506
999804 37 2275
999400 11 626
999078 72 1034
999411 77 1331
999138 30 3605
998527 4 444
998819 77 4384
999569 69 4323
999420 84 903
999091 14 3725
998932 54 4709
999351 34 3626
998786 36 3334
999476 7 1839
998746 59 1568
999407 15 3429
999880 5 4449
999445 8 3354
999758 49 2400
999122 27 909
999605 82 4560
998535 60 2741
999580 70 4111
998595 63 145
999036 38 3456
998952 82 3586
999582 87 57
999110 24 571
999637 31 3886
999458 98 1836
998612 86 1955
999948 50 4056
999209 98 650
999799 17 2911
998820 57 472
999741 68 518
999774 61 2046
998597 7 1316
999235 99 4557
999807 45 1546
999643 84 1478
999241 15 1172
998551 39 4571
999494 41 270
998575 11 3024
999195 41 1941
999492 5 4886
999072 78 70
999316 93 175
999877 65 3766
999377 59 3541
998699 76 559
999086 90 3467
999868 34 3483
999665 11 4215
999636 35 1167
999623 19 3516
998504 6 4287
999423 32 3509
999319 81 4918
999701 33 2448
999547 44 4110
999999 99 4324
999043 9 270
999357 50 4948
999702 94 4126
999786 16 458
999792 78 3821
999875 77 4211
998546 87 2537
999331 98 76
999914 72 2388
999433 18 2404
998857 39 2895
998506 4 2979
998683 44 1576
998872 94 985
998994 22 3475
999317 31 2542
999622 64 4438
999001 89 122
998760 5 3955
998624 5 4139
999513 75 55
999903 44 4065
999178 43 1102
999764 96 4573
999666 10 4777
998513 68 3840
999780 44 1963
999474 69 4265
998809 58 1166
999362 21 4410
998973 88 2052
998670 80 3769
999814 22 568
998807 29 2256
999198 24 1350
999693 88 4223
999347 76 4836
998521 28 2325
999708 76 4034
998736 31 3957
999246 85 1285
998729 44 1033
999234 9 292
998828 8 3455
999212 31 1461
999197 36 1559
999866 94 997
999056 97 4982
999289 86 3587
998585 25 4188
998641 21 4941
999939 47 1079
998634 54 384
999487 81 3479
999190 35 4473
999703 12 1051
998544 42 325
998559 2 710
999854 55 3845
998573 23 2971
998726 74 4422
999695 39 3694
998876 17 4174
999206 89 4675
999938 12 2521
998713 51 1796
999524 9 3506
999269 40 1896
998959 1 116
998630 66 814
999131 72 3937
999624 14 948
999221 63 4832
999047 52 2389
999335 61 2035
999873 20 3854
998696 83 964
999611 30 2035
999320 55 454
998877 48 1594
999422 67 4175
999930 84 3143
999229 52 2949
999796 10 629
998614 64 4626
999266 14 554
999124 11 1234
998910 21 1900
999203 25 4510
998512 9 4371
999661 29 2680
999495 44 2372
999158 91 2131
998856 34 2980
998677 35 2278
999688 36 2760
999283 38 2791
999586 24 3980
999208 24 4117
998680 10 2439
999232 72 2305
999012 30 2852
999689 87 810
999829 87 382
999139 99 2
999184 89 1407
998772 32 3723
999986 50 563
999239 50 2429
998974 46 2301
999338 63 2770
999727 32 3150
998519 85 2805
999822 17 2060
998518 95 4794
999587 11 1045
998541 53 4855
999686 57 3878
999299 1 2960
999618 43 4286
999392 11 3911
999812 82 1764
999022 55 4993
999297 36 3050
999468 54 1047
998690 69 3077
999262 39 4533
998967 61 1485
999258 80 1708
999681 3 945
999550 74 3810
999153 70 3269
999529 32 1814
999253 72 4682
999855 44 146
999627 58 3341
998848 42 2836
998686 18 1433
999323 80 2404
999116 80 1997
999881 21 4227
999217 37 4523
999501 95 4569
999359 73 1936
999922 2 4559
999926 39 1062
998660 14 2511
998867 84 3528
999006 75 3536
999872 32 4634
999992 63 1456
998646 53 1780
998801 69 615
999394 68 882
999416 98 3165
1000000 3 4705
999676 91 971
999477 23 2738
998507 3 3184
999748 100 2766
998865 23 1164
999465 46 1728
999896 12 1617
998737 15 4727
999167 93 4309
998566 92 3128
999918 28 3067
999207 56 3174
999005 53 3805
999286 3 733
999977 62 1405
999806 78 1096
998863 5 4
998526 43 1243
998968 65 3607
999904 43 1990
999770 82 1440
999088 32 1021
999941 87 996
998753 29 2165
999985 79 164
999949 2 1002
999041 32 4233
999684 23 1748
999360 20 306
999638 13 3464
999757 81 4297
999291 95 4074
999094 5 1967
999652 41 1387
999031 74 3936
999912 91 2707
998720 8 3102
998525 20 4057
999459 17 3254
999414 26 3095
998685 24 1710
998549 40 4872
999250 70 2036
999971 21 3112
998548 24 4524
998916 69 4561
998591 40 3764
999365 78 961
999631 30 678
999328 59 3118
999278 5 2694
999336 93 1735
999214 78 2412
999061 90 3750
999181 6 1184
999242 49 1239
998814 22 811
998948 91 1872
998522 52 2346
999231 15 3259
998741 54 3871
999751 12 2205
998868 11 4998
999402 85 3033
998934 24 2236
998609 11 2307
998790 72 229
999244 41 2190
998633 95 4167
999576 8 4764
998719 51 4340
998510 90 3825
999370 2 47
999578 85 227
999187 18 1001
999024 4 1743
999127 7 3207
998740 52 1504
999951 45 3401
999603 59 1912
999227 42 1267
998923 50 253
999453 6 1767
999391 65 1759
999530 86 1901
999087 87 2768
999779 53 4952
999632 100 1323
998715 70 996
999389 46 1735
999098 5 496
999090 54 2924
999311 78 1131
999972 86 2983
999706 57 1085
999826 79 490
999211 95 2865
997323 1220
998048 4375
997219 1653
998312 374
997897 1760
997289 4584
998379 2465
997125 4560
998455 6366
997792 370
997844 1962
998409 725
997313 2401
998355 4968
998159 2889
997043 2245
998109 4859
997996 905
998388 1384
997616 2613
998298 2499
997728 812
998400 494
997628 59
997450 4085
998405 1280
998265 1006
997394 2382
997105 1409
998244 4591
997408 4894
997486 3403
998057 4594
997838 3851
998470 4542
998044 4153
997508 2340
998196 4165
997956 587
998156 3245
997990 3871
997415 1875
998221 3716
997830 2422
997514 2184
997193 2490
997656 4115
998097 395
998289 1933
997573 1207
997940 2302
998341 275
997907 3133
997770 2708
997930 27
998212 181
997983 1795
997059 279
997367 4972
997027 1682
997607 2963
997965 4830
997436 3493
998393 4393
998427 2876
997592 286
998141 1440
997853 3842
998056 3171
997101 569
998176 1328
997509 3338
998302 3993
998046 3177
998192 3798
997287 3557
998347 264
998474 4340
997475 3386
998366 4111
997567 4395
997468 78
997961 3934
997962 1531
997325 4220
998417 3410
997464 423
998482 913
998382 4848
997139 1582
998079 842
997872 2914
997088 4288
997754 1736
997342 526
998200 139
998276 2464
997932 1521
998351 1290
998277 1756
997303 3233
998322 75
997248 707
998445 24
997681 2758
998304 490
997555 3032
998329 2928
998315 3744
998386 3203
997760 918
998257 3780
997120 3513
997117 235
997456 2696
998397 1408
998337 945
997645 3867
998174 4722
997386 2003
997976 1369
997581 2545
997762 1182
998102 331
998264 757
998463 6277
997537 3703
997032 1038
997525 294
997002 1101
998203 3090
998195 869
998422 6144
997413 3015
998004 1634
998193 3881
998269 2357
997618 2110
997430 4792
997138 306
998227 687
997959 1963
998234 4099
997175 982
997128 2766
998025 1944
997784 1896
997978 4262
997399 2862
997355 4837
997526 2477
998124 2043
997725 188
998051 953
998083 1375
997904 4412
998100 2454
997218 740
997349 2834
998404 1343
998358 1827
997062 3637
997866 4067
998478 5505
998015 1923
997189 4060
997834 687
997237 3647
997989 2242
998429 1613
997116 752
997561 4991
998072 3586
997850 4788
998239 1246
998365 635
998349 1807
997302 1255
997057 953
997033 2533
998204 2242
996214 5254
998411 2644
998413 6256
997547 3149
997269 1695
997109 93
997530 1679
998092 1080
997297 3773
997928 3693
997696 2235
997852 4565
998448 444
997255 2729
997020 329
997596 1797
998147 1402
998431 4495
998456 3509
997955 2023
997283 4286
997406 3232
998060 563
997774 4151
997073 4031
997805 4461
998367 4500
997790 4781
997726 4582
997136 1502
998301 633
997735 933
998489 4050
998425 4689
997608 3695
997346 196
997156 955
997063 3885
998130 1941
997893 2987
998173 4145
997246 4355
997494 4761
997005 4114
997839 479
997562 2132
998150 3289
998414 3937
998495 1868
997250 3992
997992 931
998138 2210
997875 3166
998433 18
997083 3883
997711 3945
997970 765
998045 4722
997146 3122
998466 2888
997060 765
998314 443
997712 119
997911 1677
998292 4792
997118 3578
997275 3559
997933 1127
997519 1577
998052 2279
998210 314
997296 3574
998237 2209
997981 1413
997963 2967
998383 1915
997445 888
997344 3897
997886 4895
997290 3068
997767 1795
998116 1144
998073 2321
998002 2970
997064 1260
997465 4625
998118 727
997859 1294
997801 121
997024 3611
997752 1237
997376 4769
997137 2927
997481 1393
998406 1594
998327 3901
997638 2151
998333 3468
997354 1899
997295 3131
998242 4139
998137 1471
998332 4245
997423 1058
997877 4471
998500 4410
998360 372
998112 4955
997095 3989
998252 2835
997599 1778
997074 4702
997894 3161
998199 4817
997345 4613
998103 1619
997559 3375
998278 3115
998191 1503
997551 3235
997422 595
997736 2110
998183 2551
998416 989
997578 4184
998225 4906
997741 1356
998270 70
998486 3771
997036 4443
997209 1910
998019 3273
997633 2437
997443 906
997172 2942
997646 2619
997070 1262
998101 2163
997949 4591
997110 558
998011 1488
997502 4411
997943 1787
997093 3031
998161 1660
997198 2780
997378 2597
998189 1484
998345 1389
998007 3885
997663 3823
997738 3632
998171 4593
998407 2728
997821 639
997856 1046
997343 978
997796 987
997763 1461
997168 1344
997107 2497
997598 563
997881 3389
997717 3208
998296 3464
997398 2849
998362 1330
997050 1078
997086 1731
997029 4296
998285 662
998127 166
997082 4047
998295 1365
997789 1493
997677 647
997761 2221
998142 2409
997186 3528
997891 3671
997673 4534
997396 1879
998111 4968
997134 2704
997925 4832
998438 2882
997848 3869
998370 3137
997574 1564
997905 4117
997565 4437
997786 4519
997811 4862
997017 201
997972 4453
997157 4908
997028 2145
997545 2969
997668 988
997480 3336
997425 1989
997270 1566
997793 4081
997994 893
997647 3710
998468 4744
998458 1134
997720 1215
997729 597
997572 4216
997365 4891
998353 135
998037 1242
997614 3312
997800 2309
998281 4456
998151 3460
998497 4969
997366 4649
997253 3241
997854 1241
998219 4591
997305 3320
997532 1362
998357 547
997277 2046
998282 179
997814 1493
997731 4706
998125 1271
997274 2780
998377 609
998146 1603
997890 1701
997718 4564
997177 2013
997803 4698
997278 3419
997742 4585
997623 874
997772 473
997414 3200
997595 4295
998140 4802
998286 4101
997806 2152
998065 4578
997896 1651
997317 1789
997243 4404
997982 760
997517 111
997383 4955
997194 277
997590 2115
997600 3898
997421 1718
997440 2143
998249 4807
997147 4500
998271 4648
998003 4565
997876 3193
997300 2219
998158 3437
997482 554
998378 4307
997395 4934
998053 1333
997162 4127
998452 2458
998350 4680
997948 4241
997448 3279
998490 2914
997648 2944
997121 183
997642 2182
997051 3528
997076 3801
997999 1242
997102 3784
998318 4364
997472 3348
997837 774
998032 5205
997318 2945
997799 3357
997238 3072
997683 766
998430 2945
998155 1625
997857 3040
997360 4364
997783 1658
997160 3199
998165 497
997335 3882
997874 2742
997166 4370
997405 2389
998177 1161
997042 1797
997979 1909
997497 1787
997531 3462
997096 3714
997510 661
998096 734
997108 4538
997487 654
998131 1671
997529 2223
997998 1201
997154 4026
998473 2077
997952 1523
997288 1374
997781 3542
