2000 2000 2000
996509 88 688
995439 75 974
999656 31 116
996532 55 211
997562 11 497
998478 85 326
995184 41 799
999810 62 857
997324 50 899
996383 25 732
996393 3 144
998493 69 822
995542 78 688
995168 93 184
997998 29 894
1000000 96 316
996945 46 276
997978 88 386
996701 60 774
995874 81 361
998929 20 146
996150 100 676
996400 21 672
998277 64 554
995890 74 325
997700 95 627
995011 47 53
999602 97 402
995793 30 87
996309 85 18
997688 60 864
999053 68 202
996829 53 433
998036 16 214
996418 92 797
995851 64 381
995860 21 87
995571 86 437
999213 42 595
999092 32 913
997829 68 399
995429 53 373
996266 80 759
998375 89 362
997169 10 698
998573 55 790
996531 53 296
996061 66 359
999650 99 3
997630 91 95
999937 47 858
996386 26 470
995967 2 587
999659 23 469
999941 32 634
997237 15 23
997446 85 855
995747 1 159
998466 46 300
997851 68 285
999186 19 931
997875 12 592
996752 47 522
995297 62 196
997388 40 103
999515 52 994
995069 31 614
996445 23 316
999663 43 573
997160 29 463
999853 78 874
995605 47 580
995951 12 725
999925 51 277
996677 38 410
998829 42 577
995145 73 695
995788 81 306
995933 35 212
995445 84 600
998337 89 910
995681 31 879
999976 76 128
999210 19 378
998084 55 420
995060 70 261
996443 35 929
997988 24 526
997213 54 686
996498 21 959
999652 9 741
999337 76 301
995039 55 422
995785 16 448
996057 5 111
999469 58 782
998021 31 774
999856 80 377
995281 48 331
996335 14 458
998141 9 733
997680 95 726
996520 72 620
996032 59 184
997463 39 36
999086 76 47
999275 53 508
995547 2 814
999777 79 588
999801 42 893
996255 71 707
995457 9 437
998184 76 606
995339 51 356
999386 1 639
999909 63 473
995158 80 459
996206 8 884
997087 63 567
999927 47 115
999076 38 228
997076 5 495
998120 12 991
996557 85 877
995318 51 885
997922 44 461
999324 58 582
995800 43 336
999990 40 526
998274 2 944
998318 55 221
998442 60 734
995968 100 799
996127 64 261
998339 24 753
995927 45 902
997527 8 981
998134 26 799
996941 42 488
998762 21 51
995082 97 983
998669 72 559
996745 56 527
998665 39 939
997732 45 634
997784 21 16
995220 56 616
997337 17 435
995275 57 100
998017 62 890
999830 71 648
999935 73 8
998544 53 323
997334 51 461
996761 39 926
999431 17 425
995101 12 767
998736 54 758
995053 68 214
996959 97 30
996983 15 653
995993 36 68
997603 65 251
995607 27 308
998639 13 936
999722 85 439
996957 79 80
998212 13 125
995999 2 743
999048 59 413
995159 60 419
997538 90 924
996382 91 79
999457 55 136
998516 94 949
995910 73 929
997713 20 668
995897 3 945
995149 97 475
997514 31 567
996577 35 467
999669 11 384
999306 1 934
999562 51 168
996598 41 124
998489 15 644
997723 73 431
999730 99 576
996622 30 451
999358 15 692
995981 64 368
998617 5 625
995386 82 552
999636 98 271
995338 49 478
999529 20 735
999273 37 145
997575 23 737
995088 15 809
999366 84 952
999301 35 379
995778 56 41
996610 24 966
999701 58 231
996654 80 286
995251 11 985
997448 11 340
995682 58 152
995094 86 266
998221 99 101
997043 23 394
995725 48 588
997681 11 72
996067 6 287
998805 49 170
998283 26 989
995863 88 207
996254 42 927
995791 94 663
996553 46 750
998748 16 741
995369 52 297
996103 61 299
995585 87 603
996642 66 455
999231 7 228
995496 93 656
998965 72 635
998994 18 695
996450 37 124
999470 47 489
999119 11 140
995979 5 925
997722 69 915
999312 1 552
998841 51 837
997106 26 985
998394 68 253
997831 73 565
999462 29 278
998177 39 236
999341 76 874
999586 52 468
998381 42 155
999450 23 665
996694 57 699
998400 82 900
995703 38 440
996810 74 924
998799 54 773
997598 32 225
996035 3 415
999744 53 945
999932 74 491
998207 70 899
997396 6 155
997995 81 108
998019 73 261
995790 82 207
999117 28 219
999045 59 209
996667 84 463
995840 55 342
996186 78 722
995611 86 792
997515 85 539
998647 75 569
995382 93 186
996055 54 693
996963 41 72
997971 41 681
996125 64 458
995883 65 755
997296 11 500
996091 86 915
995327 51 97
997756 83 110
998586 88 806
998514 93 33
995580 25 202
999209 13 334
998946 49 900
997911 47 844
995680 40 313
996075 53 697
999814 67 383
995895 37 405
998374 22 385
997972 34 69
996289 66 515
995118 39 713
998062 39 465
997882 51 938
998467 29 792
995536 19 27
995080 4 424
999316 61 956
997950 96 448
997014 37 4
995320 10 289
997523 36 573
998858 24 491
996320 14 515
997821 64 523
998307 56 902
998795 3 908
996541 95 931
996652 83 758
996257 87 887
999002 93 178
998142 2 399
995808 10 811
998852 84 292
997017 100 59
996628 5 803
998667 87 227
999040 14 586
995950 39 297
997569 86 783
997455 30 503
998293 79 140
997939 66 280
996799 13 74
998401 61 811
997434 81 507
996601 62 432
998407 44 438
995441 96 138
995162 90 830
997268 62 440
999085 55 388
999910 56 410
999343 46 190
997198 27 294
995878 11 599
995543 98 718
996551 3 514
996044 65 553
997182 15 527
998367 80 19
995068 38 998
999157 92 759
995945 85 991
995820 20 212
997414 50 778
996967 67 615
998827 18 952
996451 82 238
998839 43 781
998200 6 819
995490 31 723
998999 71 539
998402 20 45
998888 38 782
999987 65 158
997992 28 673
996404 31 965
998183 41 118
995207 56 987
995422 53 78
997662 70 870
997311 15 355
999294 53 440
995540 28 691
995302 67 209
998867 76 99
997483 9 896
997484 37 22
998272 21 595
999448 29 962
998042 85 920
998676 87 2
996108 19 625
997919 38 438
996213 36 28
999365 6 629
997056 79 421
998265 89 478
998879 12 954
997145 91 895
999878 41 419
996657 86 835
995711 98 694
997965 16 313
996579 97 281
999162 56 342
997909 37 596
995265 38 384
999911 11 865
998089 9 632
999118 31 559
999374 69 816
995169 58 786
999459 31 955
996042 17 510
999030 55 394
996782 65 692
999807 89 623
997563 67 869
997571 96 64
999965 80 919
997139 78 67
996273 87 954
996178 73 569
999227 71 577
997755 69 999
995023 36 917
996630 17 140
997862 73 911
997179 54 453
996725 55 98
997766 61 78
999898 36 576
998757 20 693
998290 13 311
995686 54 130
996115 76 295
995533 78 151
999214 36 341
995658 1 51
997728 76 572
999377 14 281
999770 29 141
995815 63 767
996495 98 762
997758 13 456
999912 50 478
997383 80 975
998316 96 198
995081 41 973
999400 19 649
996653 33 378
995769 57 201
995472 88 188
996037 45 448
997342 92 187
995532 53 44
996990 92 680
996637 90 150
998006 82 507
997830 6 952
998524 73 170
998722 17 125
995777 42 99
996412 90 51
995987 14 703
997208 12 2
997675 95 89
999050 63 199
999841 92 155
997510 98 603
997447 91 507
999434 35 654
997155 39 489
998322 1 159
998390 17 408
996907 66 474
995123 26 738
999726 48 290
998237 88 807
995600 33 78
999262 28 199
999716 37 283
998973 36 728
995248 80 611
996774 46 694
998817 25 183
998672 62 801
996556 85 777
998527 45 539
999761 32 31
995996 95 576
996385 33 904
998875 92 56
997611 92 328
998251 67 853
997870 26 834
995250 27 91
995922 67 129
997404 11 222
997881 29 19
996187 33 712
999692 80 286
997209 69 240
997445 71 5
995487 54 261
997488 69 142
996811 94 702
996237 38 357
997136 49 324
999257 24 406
996793 77 594
995994 69 675
999389 97 653
995138 28 963
997478 28 501
998501 90 12
997634 62 510
999793 57 625
999805 47 914
997348 1 990
999551 95 548
997097 83 410
999328 17 628
996946 64 219
998064 54 717
997473 5 185
998534 7 453
996584 9 953
996049 6 943
997238 53 470
995076 16 316
996992 56 729
999127 94 853
995617 2 222
997953 2 537
999640 20 356
999550 9 73
996825 26 921
995867 47 973
995392 25 616
996910 26 993
995304 22 939
996881 48 629
995906 34 601
996346 24 659
995702 32 32
997960 65 287
995197 2 989
995674 28 594
997130 66 628
998822 81 354
997270 81 172
997069 84 153
998947 2 249
995822 11 939
995129 10 265
999740 4 39
999901 43 531
997573 25 829
995591 82 863
996399 86 302
996688 77 555
997810 32 341
995497 28 647
995653 68 736
995557 44 869
996988 85 213
995008 94 593
998479 29 905
997048 84 63
998865 25 235
995524 87 341
995105 56 201
995751 55 786
999322 75 846
997176 59 304
998097 23 56
999313 63 152
995126 3 829
996141 32 153
995930 41 283
995100 37 652
996534 92 626
998148 56 859
996533 16 703
999466 16 332
998379 10 62
996263 27 709
997295 86 307
996142 49 636
996755 63 560
998685 83 5
995650 26 652
996292 51 412
999676 50 575
997417 7 817
996821 7 621
995049 70 92
997530 2 274
995437 41 62
995273 35 148
999215 73 233
996713 85 409
999369 32 310
995307 72 227
997923 54 935
999613 72 131
995114 46 604
997827 16 869
997812 66 1
997753 65 14
999988 1 521
995813 97 802
999082 38 209
997499 33 985
999197 88 880
999463 37 929
995002 25 240
999753 29 956
997800 11 390
997437 73 748
998533 32 767
996343 20 970
995971 49 810
998743 59 908
996377 88 225
997409 50 199
995340 25 111
996172 70 403
997526 97 959
996602 98 294
996937 11 838
997866 7 889
995127 91 831
996971 42 864
995024 50 450
999446 51 135
998737 11 790
995581 74 611
998659 51 236
996830 77 97
995243 60 411
999101 34 612
995732 69 735
995222 76 760
997301 95 805
999693 18 249
995739 93 886
996461 11 759
998780 70 303
998387 98 495
999747 80 854
999486 20 575
997513 27 365
996728 95 749
998214 83 12
997368 63 751
995526 22 56
999340 79 594
996650 73 270
995161 24 658
996313 8 750
996051 70 605
999739 81 417
997741 21 447
996151 84 202
999738 100 390
998815 28 648
996803 11 134
996113 61 616
995997 5 732
999538 52 647
997305 56 631
998457 19 784
995574 4 776
997904 18 591
997775 45 140
999521 83 803
999247 92 723
999020 19 357
998365 15 426
998540 29 929
996546 78 105
998004 7 141
997186 52 501
995368 80 78
998144 96 142
997345 35 941
997385 47 931
998341 58 768
998538 5 678
995181 27 95
999949 18 586
998234 57 13
997239 72 875
995904 47 613
997607 2 106
999460 98 366
996354 34 557
996298 13 265
995489 59 385
995560 3 284
996775 6 346
999876 66 685
996338 88 866
998708 28 266
998949 74 53
996585 73 75
996877 77 594
999031 47 338
999206 27 429
998618 71 177
996981 17 941
999052 76 81
995831 12 933
998495 37 75
999271 34 617
997467 100 86
998012 72 548
997109 36 666
998895 54 824
998053 70 436
996589 19 367
996696 53 180
996776 86 435
999593 45 819
995415 86 699
997893 21 972
998620 98 642
997773 82 426
998953 7 58
997566 99 105
998813 8 817
997565 61 241
996966 41 439
996853 33 725
996470 35 738
999073 67 852
996105 73 256
997730 96 283
998181 39 132
995050 89 981
995283 85 354
996809 37 569
996436 10 954
997436 71 385
996380 77 164
995361 71 204
996357 94 281
997055 8 997
999423 29 255
999706 2 25
998453 59 537
996281 42 942
996823 32 752
999115 97 903
998871 43 292
996828 53 182
997316 64 410
999282 33 652
996147 31 88
997313 6 782
999099 57 758
996827 27 395
995431 69 118
999181 93 958
995219 1 102
997297 26 219
997382 44 340
999568 12 514
996859 35 523
997247 70 931
999605 2 935
999205 48 876
997559 37 299
998278 34 466
997124 12 701
997365 92 129
998250 42 419
996895 6 284
999728 29 806
995048 28 433
997053 52 222
995043 75 997
998549 83 809
995836 2 351
998269 9 166
997537 94 671
998927 70 848
996617 22 611
998608 60 196
996124 84 770
998077 67 396
996744 66 287
998843 17 31
996986 65 479
998991 1 156
999554 40 680
997225 48 362
998657 52 333
998033 8 991
998497 22 285
995759 71 979
995761 9 485
996921 88 788
998755 32 838
997206 20 754
998267 11 841
998424 63 662
995157 89 110
996438 1 74
999464 51 323
996195 74 684
995810 80 701
996293 60 432
995821 22 579
998619 18 151
999846 21 596
995998 70 918
997351 91 415
998065 74 839
996753 58 850
996860 28 494
999956 77 859
998655 94 455
998905 54 518
999307 49 239
995893 40 935
997690 99 376
995610 50 791
998393 93 559
997190 34 961
997886 72 605
995779 36 54
997548 14 517
998199 27 827
999333 66 223
997284 54 37
999435 13 647
995623 64 863
996064 21 254
998785 36 300
997178 80 834
999552 35 933
999559 36 919
995534 70 536
995764 66 345
995855 8 114
997207 53 274
996162 71 882
996974 35 658
998636 55 964
999289 24 440
997794 44 674
995451 68 635
998253 88 942
997916 11 519
999998 10 964
996936 19 536
996062 96 139
995258 11 849
997202 99 464
995741 82 510
995172 36 899
996199 26 82
995545 23 989
998601 69 314
999298 44 52
998078 95 649
998270 45 666
997797 37 862
997835 3 43
998444 65 847
997935 12 278
996572 16 277
995410 31 152
996902 44 135
996925 89 699
997204 4 235
997986 35 487
996429 41 377
999823 100 466
995442 40 180
999889 38 35
995059 58 748
999069 83 604
999391 19 384
995620 59 387
997501 3 278
996347 78 295
995146 79 697
997394 89 841
997402 47 902
996497 40 281
997267 78 280
996010 37 260
997817 78 63
995242 73 102
997648 83 923
995783 50 663
999038 99 38
997524 89 596
997465 94 127
997024 8 877
995786 80 637
995366 9 906
997740 38 275
995412 53 32
998484 60 755
999592 43 477
995652 47 368
996321 63 238
996555 99 223
999671 26 994
999171 91 830
997825 17 378
995546 25 806
995165 49 597
999142 10 379
999212 23 684
998778 25 313
996256 2 428
997029 81 807
995257 84 25
998304 63 243
998020 76 950
997552 73 290
996196 72 308
997063 81 56
995440 67 47
995529 24 567
999799 30 729
995484 17 554
999183 9 154
995323 43 32
997614 37 397
996169 72 640
995425 48 353
999272 25 298
995510 61 561
998759 29 491
995946 47 224
995941 77 933
995124 93 509
999304 73 873
997516 87 6
999803 19 742
997719 51 997
997529 37 454
998043 27 222
995045 55 601
996636 14 457
995428 41 55
996586 47 222
998816 19 713
996096 16 428
995698 40 634
995443 63 790
998531 58 352
996243 58 759
995116 55 344
995477 80 625
997802 67 823
999411 9 429
995598 75 948
997233 72 648
999594 72 492
996466 67 406
997052 5 780
997332 53 831
999292 14 427
996915 75 960
996184 16 174
999058 36 639
996088 54 54
997031 43 490
997265 34 797
997089 31 980
997696 36 897
998916 28 972
996397 26 228
999057 47 257
999848 67 692
995676 57 927
997423 8 478
998193 89 851
996221 21 549
995301 75 2
999074 71 17
996080 7 242
999771 76 56
996820 69 235
998175 54 488
998962 58 110
996997 100 906
998728 17 995
995066 53 508
996241 72 909
996580 5 579
998291 68 881
995643 27 291
996349 92 594
996482 2 684
995501 10 258
995875 9 738
997482 33 130
996917 26 94
996661 3 501
998440 13 804
996193 74 427
997165 56 828
999420 72 451
998756 71 604
998892 83 124
996161 22 715
995300 3 996
995919 47 784
995963 54 873
997336 43 499
999441 52 261
998883 33 904
996282 15 847
996041 26 174
997491 8 505
999012 57 959
998328 60 74
998075 63 515
998188 68 951
997245 74 325
998436 90 906
999634 6 319
998921 90 288
997174 24 650
995520 27 288
998398 12 396
996883 25 759
999009 72 578
997273 66 865
995868 28 249
997738 72 834
998835 87 842
995017 45 885
997276 70 56
996846 62 916
999278 4 765
998901 8 664
995740 81 189
996833 32 279
997668 69 820
996893 41 6
998521 39 373
997244 7 744
999885 27 912
996058 100 332
997809 38 702
997214 97 385
995894 49 562
996071 69 671
995494 25 829
999719 89 527
996341 42 948
998170 10 547
996857 99 487
999025 56 108
996104 5 22
998790 14 651
997340 14 5
999111 56 884
998443 73 302
996317 53 848
998631 7 120
996164 85 43
998230 15 1
997322 99 97
996716 40 705
996952 97 931
996613 87 287
999563 20 965
998428 32 788
997187 72 993
998742 20 536
999393 81 548
996019 71 252
995696 32 756
997128 88 198
998931 95 71
998941 62 38
997485 95 7
995724 84 121
999531 65 550
997094 82 797
998218 74 695
999242 80 743
997399 53 540
998000 54 541
997985 29 773
999425 65 227
999185 1 409
996943 24 13
998009 72 869
995612 45 520
999383 42 662
998732 7 634
998794 59 392
996604 20 646
996998 72 467
998468 29 876
996072 97 908
996496 77 834
995541 11 51
999986 40 694
999991 33 120
998853 38 817
999221 60 246
999128 52 514
998613 14 524
996507 79 892
996513 25 868
995562 38 61
995390 82 959
997507 18 321
996747 59 51
995206 94 564
996227 92 260
998102 55 368
995947 2 350
996111 1 936
996545 4 135
998903 73 622
998804 4 710
997633 14 926
995279 34 331
998378 34 258
996597 42 499
997062 56 778
995977 56 651
996737 54 425
998219 54 470
995125 98 202
997380 5 932
997108 41 200
996529 85 333
995871 59 60
995090 97 609
999785 64 702
996510 38 391
998080 88 592
998824 23 145
999471 41 383
999354 3 876
999509 29 413
998129 43 315
998264 9 403
999109 91 438
995687 42 960
996417 47 964
996474 41 197
998201 79 273
995144 57 474
999708 79 777
998788 31 786
995098 28 120
996189 32 937
996069 36 199
997737 94 234
999226 56 244
998447 62 545
998426 48 437
998880 74 906
995722 50 720
996886 95 546
999524 47 437
997549 53 146
996318 81 690
997889 41 495
998117 69 479
996060 91 785
996143 79 703
998831 65 549
999192 32 635
997589 57 644
999406 67 515
995742 94 249
999140 16 1000
999230 59 131
998063 75 469
999819 75 726
996815 52 948
996040 70 750
996276 99 937
997678 80 958
998863 13 335
999649 79 788
995606 61 170
995077 56 751
999968 42 112
999781 60 145
999318 12 466
995974 28 153
996165 95 193
997709 93 731
996938 5 784
998680 71 207
996867 5 334
995775 92 735
998112 78 1
995099 72 29
998988 22 123
999305 90 92
995500 10 511
995350 62 421
997663 36 717
997250 76 383
995693 18 701
996746 13 998
996226 70 402
998889 9 84
996177 69 785
996038 28 276
997692 31 74
997412 80 255
999502 59 275
996222 30 69
999825 59 86
997848 47 827
997984 52 862
995771 37 693
997143 55 450
996813 93 491
995948 34 588
997505 44 37
998288 24 288
999167 45 601
995236 28 416
996090 57 941
995884 73 167
997119 29 910
998862 89 860
999664 96 426
997133 18 901
995264 11 318
998152 37 368
999240 57 331
997616 98 938
998018 17 239
999727 52 58
998864 41 966
998717 46 83
995695 8 199
999310 61 533
997543 78 813
997951 95 586
997372 23 859
997338 22 592
997731 94 157
997927 93 611
995660 5 843
995433 63 584
995332 42 465
997796 28 336
997806 46 345
997983 48 47
999478 31 101
999755 7 547
996666 18 734
998266 86 520
996087 79 505
997602 35 732
999877 60 492
996587 8 930
995270 95 392
999522 84 391
996435 16 139
998900 73 216
996512 51 159
999896 66 259
996698 81 437
995599 12 971
997697 4 310
997325 92 48
996640 10 551
995140 49 864
995305 72 346
995978 6 619
998592 79 164
997450 98 652
998340 50 14
997665 56 899
995376 87 886
997610 49 629
997715 53 545
999999 73 959
999250 25 177
997698 63 964
996378 41 451
997808 35 760
998562 77 824
999569 2 871
998352 8 597
997682 37 667
995087 10 269
997019 48 81
998891 22 948
996068 81 377
996693 17 241
996537 81 711
997318 60 580
995454 55 558
999130 39 134
998431 25 503
999219 25 293
996479 2 674
998779 7 505
997511 3 413
998087 81 935
996182 28 63
996478 89 631
998329 76 818
996139 12 886
997777 73 572
998675 2 212
995833 14 245
999954 68 605
998775 69 78
997638 30 708
998623 93 489
995303 23 514
996208 63 173
999407 1 527
996265 35 991
996036 12 61
999036 46 417
998615 54 571
996441 96 702
998654 56 985
996673 6 361
997912 91 490
999572 8 571
995744 7 191
998686 28 719
999433 74 399
998767 14 896
996942 42 295
996889 81 870
995553 70 233
995688 100 490
996901 6 404
997833 11 393
998167 19 565
996554 49 983
999329 69 551
997201 45 28
999481 4 963
997049 44 187
999154 48 528
998155 52 904
995027 7 757
996854 65 383
999001 13 751
996930 96 937
998629 4 768
997254 49 897
997079 31 73
999645 4 285
998885 34 180
996322 36 615
999238 61 166
995589 43 650
998992 78 961
995092 42 16
996939 68 461
999353 8 326
999429 81 467
997685 12 112
997367 60 487
995838 6 582
999244 30 569
999237 3 371
999784 56 304
999071 27 153
996190 91 290
996012 27 915
997232 3 566
998662 80 667
996392 11 938
997028 14 494
997496 98 378
997271 80 599
995798 58 414
996929 53 328
996964 45 468
998085 43 703
995394 91 792
998430 79 565
996330 60 404
996627 79 835
998334 34 793
996236 94 871
996758 49 91
999548 38 889
996511 65 323
998098 93 539
997110 98 928
995504 53 791
997072 2 846
997979 48 114
999475 27 839
995896 9 178
998579 10 671
999849 40 445
999037 83 118
996948 98 712
997564 37 98
995271 77 150
999545 3 33
999639 83 799
996311 45 843
998408 43 197
995102 90 753
998547 78 674
997647 93 576
999606 87 740
998287 97 563
996366 80 568
999628 54 322
997711 37 290
996428 90 705
997307 48 57
996135 23 63
995093 100 220
996906 87 754
998130 98 959
995199 96 407
995003 10 606
995147 82 726
998392 85 86
995311 52 991
998950 69 111
997955 38 245
995578 97 136
999974 56 243
997475 18 924
999496 94 370
998899 7 71
999961 17 435
995367 38 19
995592 49 674
998409 67 623
997974 97 263
995347 87 744
999576 90 560
999600 60 968
995712 72 420
996468 98 196
999505 36 119
999946 53 182
999715 76 957
997330 4 524
997968 13 302
998229 31 635
995502 17 12
995033 28 198
997196 85 809
996288 46 563
998361 60 72
998314 69 370
996437 30 717
998997 79 955
996899 28 153
997619 71 408
998395 93 215
995211 7 83
999582 71 683
999046 92 283
995841 84 907
997321 13 73
998121 26 984
998138 32 646
999869 90 923
995593 31 707
997082 9 739
998079 4 924
995380 68 340
995909 22 731
998643 40 83
996515 56 113
998224 24 425
997472 70 17
996789 95 328
995058 64 958
998650 29 867
998326 66 845
999979 7 661
995424 68 947
997535 44 475
998405 33 881
998403 3 937
995765 43 30
996275 83 678
996856 64 88
997908 70 8
995166 66 432
996800 72 191
999232 2 577
998422 20 223
997352 4 989
996065 45 552
998496 70 541
997010 70 121
997892 22 512
995495 89 278
998135 28 165
997283 71 789
997456 77 873
995961 68 927
999795 79 113
996797 11 996
996475 22 231
998912 69 100
996626 87 667
998338 58 49
997095 6 511
999390 63 363
999029 32 117
995846 34 775
999833 59 983
997868 3 310
998729 4 245
996791 89 932
998499 24 553
996503 82 47
996832 46 897
998268 24 688
997489 81 323
995377 92 249
997710 24 778
998386 4 896
997720 56 664
996621 24 802
996612 78 890
996836 63 796
999699 38 925
998162 54 372
996168 42 487
996664 80 377
999972 33 398
995753 2 195
999146 76 122
999087 1 912
997959 8 80
998661 49 560
999591 22 510
996063 100 85
995370 46 130
997701 57 89
995870 81 702
997168 51 138
997073 41 452
999416 62 280
997684 4 581
997852 37 815
995455 48 37
999090 13 849
996619 77 254
997832 26 180
999465 74 2
998133 3 939
997320 21 391
997349 41 32
997344 54 741
999211 87 981
998978 26 506
997554 11 431
995215 60 33
998292 39 442
995401 35 381
997708 39 288
995920 80 580
996020 49 687
997022 79 614
995953 71 235
999818 55 499
997228 91 319
998556 84 7
997933 48 307
999447 41 557
996225 89 948
995807 43 873
995345 51 858
997188 81 608
998990 27 859
997765 3 22
995272 55 366
996935 47 479
999610 33 308
995814 97 543
999028 70 339
995806 100 480
996882 18 90
996547 6 144
996743 80 565
999756 19 706
995450 97 44
996453 9 320
997727 15 166
996279 18 254
998308 24 853
998445 39 106
997993 86 394
995221 36 985
998508 38 552
998204 72 411
999860 72 845
998939 92 982
999352 80 347
999760 79 336
998139 88 951
998088 76 928
996407 97 792
997440 68 337
998942 33 949
996953 53 731
997471 33 279
995737 64 738
996499 43 117
996961 62 477
996855 66 770
996301 36 471
999541 96 497
998622 35 639
997768 42 182
998074 29 537
997536 43 107
999479 90 632
995325 51 915
996491 13 178
999964 87 117
996160 44 226
996683 7 370
998342 82 479
999336 2 76
999732 86 698
996059 72 407
997333 50 861
995843 41 846
999023 27 911
995009 14 983
999947 36 37
998578 24 169
995835 33 446
995819 87 141
999405 98 90
998362 7 45
997294 94 841
997932 69 660
996116 62 49
995084 26 390
997789 22 361
996422 4 334
999141 12 171
999513 23 624
999790 90 860
997828 9 688
997039 62 906
999661 42 120
998769 75 106
998637 48 561
996721 7 617
996137 94 847
996816 77 154
999574 51 354
999528 80 248
997579 87 686
999822 17 136
996389 54 587
999372 34 185
998694 51 435
999160 90 537
997096 87 808
996487 21 5
996879 8 924
998777 46 439
997963 3 56
998023 100 445
998614 7 241
995665 14 316
995847 31 170
998517 50 147
999595 92 439
996762 42 521
996107 79 763
997166 41 518
997126 82 74
995256 35 332
998505 64 370
997879 14 313
998690 39 845
999567 61 395
995321 50 973
998369 56 104
998094 74 495
996568 18 293
996960 2 690
998298 54 147
999051 67 901
999293 91 237
996202 59 630
997508 89 275
997421 17 978
997081 97 643
999081 60 6
995663 51 500
998710 42 722
997280 19 726
996592 29 843
995576 85 621
995103 84 179
999116 37 114
997958 92 720
998435 80 126
999851 14 179
998257 42 668
996456 12 838
998752 1 177
996927 46 658
999598 79 571
998856 39 634
999248 22 635
999323 98 506
998513 27 508
996452 98 836
997444 91 449
997123 31 900
998311 36 536
995678 44 390
997620 99 662
996697 98 550
999286 43 841
995486 4 472
999535 71 563
999597 99 874
999660 66 395
996543 65 767
998731 12 884
997921 70 504
997973 60 70
996480 14 433
997008 77 186
996502 8 549
996769 90 970
999300 1 10
995150 91 121
999939 61 931
998399 58 868
999201 85 508
996176 35 178
996163 5 748
999826 58 382
999774 16 73
997926 83 649
999523 64 600
998801 84 794
995962 17 261
998211 88 298
999544 2 821
999792 76 766
997370 25 949
998760 36 33
998331 22 11
995478 3 297
996240 56 836
997966 69 816
996571 10 328
999491 71 165
995664 37 491
998861 100 116
997924 84 275
999757 10 809
999158 67 52
999883 76 829
999672 37 898
999126 60 707
995341 11 108
999631 91 174
998526 90 722
995991 51 259
997032 85 82
999381 36 328
997540 65 326
998235 3 166
996884 39 669
999812 33 626
995046 88 414
996078 93 187
995804 49 38
999018 11 398
997555 25 284
999388 44 410
998279 40 52
996700 86 609
999276 95 552
998461 18 638
998746 88 347
998561 35 934
999842 87 139
998464 18 454
996904 82 837
995230 5 125
999906 83 860
999143 92 708
997217 51 376
995736 98 557
995186 5 880
999108 20 87
997419 30 563
996634 30 923
999285 41 926
995637 32 615
996024 10 299
998825 14 862
996379 10 688
995135 58 769
999815 19 586
998981 74 544
998101 5 195
997194 1 905
996408 22 921
999838 30 425
997111 62 874
998782 57 731
998642 20 187
998529 31 962
999161 88 840
995387 33 237
999929 80 18
997905 91 855
999156 84 216
998707 6 254
995640 57 599
999454 38 904
998306 89 415
995474 9 389
996558 28 989
997454 8 607
996092 73 25
998320 23 144
995122 9 3
998186 89 627
998147 39 31
996488 70 586
997362 22 40
999788 59 853
999331 11 232
995407 93 146
996924 14 83
999745 84 35
998884 69 201
996768 84 405
995143 24 726
997930 54 706
998005 30 669
995282 90 217
997281 61 834
998851 39 603
996876 44 349
999059 71 54
995630 82 178
999489 67 382
999452 67 851
998419 96 453
997279 48 39
999520 7 627
997837 37 304
998734 66 815
998984 34 470
998701 44 750
999804 99 573
998628 98 520
997264 27 160
998656 70 676
999089 19 855
996278 1 65
997230 80 489
996795 25 415
995639 64 824
999503 74 164
996353 9 845
999453 77 458
997059 91 193
996492 16 39
999764 21 901
999131 63 587
998312 25 56
995770 83 989
998150 44 687
997400 65 40
998558 7 339
996940 33 769
996844 33 800
995006 72 663
999159 49 35
995646 1 393
999555 35 514
999816 48 465
997177 76 940
998651 5 748
997047 63 387
997631 23 848
995109 35 991
996590 37 477
998763 65 440
999952 47 712
998487 97 803
995015 13 372
997533 83 295
995964 64 931
997576 40 402
999507 45 809
996777 68 914
995322 100 790
998423 35 891
996706 16 483
995393 31 408
997181 31 907
995237 98 705
999978 56 380
999787 26 915
997734 76 595
995293 26 818
995228 40 501
997679 62 77
995355 93 918
997406 70 592
997556 54 23
995805 47 327
997175 71 623
997240 82 402
995266 72 616
999644 22 194
996749 95 828
997714 14 575
995298 49 526
995435 26 666
998273 30 356
996788 74 766
997035 43 903
996848 14 767
995396 23 109
998220 63 590
995787 89 253
999371 45 319
998536 92 520
997896 6 678
999796 29 579
995633 94 717
997263 68 636
995397 15 842
998474 99 971
996535 14 819
997384 64 207
998568 1 814
999102 70 474
996635 72 856
999506 6 911
998195 7 750
997183 78 889
997857 91 465
998819 34 794
996232 49 116
996464 39 96
995388 21 872
998968 20 755
998898 88 835
999678 49 937
996659 17 948
997726 42 923
999084 48 527
999868 48 893
997353 77 745
996345 43 251
999356 67 980
996692 42 613
995938 84 518
996738 27 625
997275 23 218
995902 3 866
999936 89 657
998792 85 261
999004 7 787
996603 3 307
998057 12 996
997793 43 528
999245 25 8
999021 5 544
997290 34 172
997876 49 31
998354 70 412
997946 44 385
995481 53 169
996608 64 201
996530 50 966
996449 95 48
997424 13 858
998564 91 446
998262 42 263
999041 93 436
997646 46 466
997107 28 153
995983 39 793
997929 81 899
996098 68 342
995588 81 843
999894 40 93
996017 9 403
996611 12 397
996704 5 727
998681 63 739
996023 35 931
997677 54 31
996802 42 938
996252 50 14
995360 35 15
998092 5 763
995827 59 429
999977 89 563
997418 80 672
999291 65 101
995644 21 199
998581 79 781
997617 91 88
999360 48 14
996045 66 368
996110 32 962
996118 34 97
998859 53 373
997914 17 583
995704 41 255
996394 44 748
995365 27 165
998930 17 627
997173 34 868
999648 59 428
996720 82 355
996283 96 57
995020 37 843
998986 88 400
998559 1 457
995280 56 442
996985 28 977
999778 1 821
995038 68 177
999188 22 106
995661 90 926
998840 6 409
997994 69 381
997622 54 133
997323 14 584
995177 78 21
998507 39 1000
995268 20 235
996339 58 7
999373 16 206
997721 59 791
997733 3 787
996201 69 388
998163 63 433
996550 38 536
995932 65 631
999938 78 582
996552 29 858
995602 41 685
996224 12 796
997769 4 755
995419 95 59
999006 55 572
995697 26 932
998920 65 953
995167 5 794
999362 50 852
999083 24 916
995949 32 607
995214 28 971
998176 14 418
997650 41 144
998842 82 66
999034 19 392
999845 65 738
997184 42 801
997967 71 278
998446 45 520
997486 52 187
999357 64 831
999782 100 330
996455 59 218
996159 65 189
995935 63 619
995616 59 401
996297 36 285
998157 53 870
997621 16 898
995330 37 751
995955 23 883
995590 6 246
995749 95 782
996962 37 717
996296 67 535
996358 92 203
996306 96 539
997747 3 39
996233 80 219
997636 96 278
997898 96 154
995796 33 240
995498 11 981
996561 18 809
998803 10 732
996022 7 592
999288 74 716
995255 5 364
995647 16 200
996170 15 792
999855 64 377
999886 7 11
995613 60 869
998475 51 97
999884 81 450
995679 39 647
997116 16 781
998896 45 876
998280 8 381
997071 43 254
995509 51 173
996258 3 757
997590 89 86
997815 7 508
999325 9 978
999315 100 960
995475 50 50
998548 15 531
996519 78 726
996362 64 884
996714 42 234
996424 8 736
996203 16 481
996596 84 204
998993 35 899
996328 31 446
998364 21 63
995829 62 706
997826 95 621
995492 71 464
995430 55 567
998982 41 619
996365 40 293
996369 8 890
996251 58 730
997234 44 813
995666 98 431
998154 25 19
999251 76 9
998730 89 341
999065 44 754
996114 44 183
999077 41 240
997970 49 58
999698 63 41
997521 75 556
995391 13 783
997258 60 354
999752 29 763
997241 83 713
998838 95 600
998282 12 756
999063 43 853
997449 7 274
996523 81 77
996295 35 841
995333 58 965
997127 81 313
997309 44 551
997425 16 182
996600 1 804
996008 36 121
998321 39 83
998356 66 300
996662 95 277
998510 50 434
996434 52 381
996048 11 194
999097 45 87
999966 55 715
996757 34 9
997326 87 543
997343 41 945
998740 80 171
995423 76 935
997060 3 156
995232 23 674
999378 24 627
997863 25 368
997310 52 903
997221 45 317
996006 39 801
998668 98 588
997718 74 708
998786 45 744
996271 98 652
999314 41 624
995403 87 911
998470 44 892
995561 70 363
996785 22 136
998602 24 200
997430 20 244
997844 38 495
999179 42 16
996840 57 36
996896 98 929
996726 51 305
998225 21 54
996822 11 148
998347 14 302
996238 36 255
999565 20 969
998605 4 193
995374 4 421
998351 77 832
995866 65 449
997215 65 606
997780 23 397
999039 1 331
998137 44 348
997964 56 380
997037 88 953
998350 77 334
995766 50 237
998256 2 24
999862 14 824
995210 51 334
997256 27 903
996605 39 831
997132 99 588
995715 95 888
995844 24 192
995505 60 364
999401 58 152
996644 24 666
996536 51 915
996477 7 461
995683 84 397
997952 58 363
997161 47 70
995685 85 978
997580 79 569
998588 78 556
997506 29 252
996686 19 930
998616 73 62
998709 98 167
997962 100 41
998485 62 959
996784 41 768
996878 17 631
996897 89 542
996158 30 24
998108 52 568
997427 68 877
999468 66 462
996947 71 133
998103 26 980
995745 50 287
995527 82 605
998515 95 103
999510 37 235
999712 83 993
995632 57 688
999624 22 404
999926 95 770
996739 97 471
995531 18 519
996460 66 544
995673 48 668
997193 32 533
999514 15 598
995095 70 392
996093 49 967
997093 20 900
997691 74 189
996152 80 104
996003 79 692
999668 74 458
996873 28 347
999714 37 852
997355 67 517
997717 37 52
999797 53 949
997386 69 592
996446 45 275
997006 62 424
995357 1 767
997672 10 81
997693 52 941
998773 34 983
996046 54 254
995752 76 20
997712 56 945
996211 33 99
996819 54 830
998878 93 706
995845 99 205
997405 60 817
999428 45 44
997557 77 858
997823 97 356
999870 73 741
999184 75 954
999690 22 321
997474 33 949
997778 53 552
999773 48 457
998604 7 56
996483 74 851
997742 59 586
999110 31 239
995692 60 501
999327 8 514
998060 52 113
999917 35 371
996486 81 424
999922 87 250
998589 16 78
999264 66 851
995503 44 74
997369 73 580
998612 64 124
999955 42 933
999490 59 170
996913 87 38
995119 40 13
997216 88 648
999696 6 462
995051 96 961
999616 51 284
995137 24 78
995395 98 580
998821 100 852
996740 29 271
998887 30 593
997567 15 725
995924 88 937
996633 16 208
997581 74 357
996000 47 246
995892 64 347
999677 61 584
997197 4 91
995865 1 999
998907 3 28
995887 94 980
996458 2 228
999865 73 734
999492 23 848
999737 71 381
999973 95 430
998105 25 440
998413 52 900
999630 5 935
995717 52 732
996166 90 503
996766 30 310
998389 70 906
995448 48 965
997751 81 506
998093 21 991
995641 56 972
998414 14 403
996342 91 107
999396 36 197
996014 4 641
999564 2 951
999482 74 638
998191 15 244
996368 10 891
996798 82 316
995022 83 995
997289 18 854
997033 51 750
997040 66 18
999258 6 698
996097 90 124
997377 92 159
995079 27 696
997657 20 551
999297 100 647
996145 2 361
995572 90 926
996442 73 379
999263 19 397
996192 15 407
996352 37 857
999557 40 936
999882 93 447
998789 86 97
999914 83 570
995727 77 666
995716 78 131
998943 2 593
995550 98 453
999996 51 355
995651 61 642
995070 94 977
995523 35 381
998771 29 499
999543 73 108
999367 96 220
997042 84 104
995853 8 281
996517 19 710
997004 32 133
996305 89 271
996173 10 469
996732 67 258
996770 69 608
996267 45 506
999766 28 497
995984 79 691
997813 38 176
996539 79 199
998247 3 576
997792 76 227
998301 21 797
998870 49 312
998049 53 493
996898 96 613
999133 70 622
999107 73 660
999931 73 446
996390 98 962
999254 36 935
996291 16 210
997518 77 968
995880 75 274
997298 14 522
998210 86 640
998179 41 33
998934 12 554
999710 5 939
998606 53 922
996680 49 598
996384 98 954
995544 53 97
998688 15 473
998241 10 278
996977 100 42
997928 6 670
999088 22 615
997044 62 265
999768 56 148
995470 9 954
999413 80 544
998572 3 483
998967 64 745
999864 28 523
999024 17 700
999904 97 741
999270 99 190
996679 26 296
995223 11 641
998646 57 225
995274 47 314
999345 84 521
999165 49 830
998244 26 821
999269 95 977
996647 54 5
995619 83 588
997816 100 434
998847 4 360
999256 60 516
995278 63 71
996268 35 807
998259 11 273
998640 84 147
996824 79 230
996735 70 386
997503 73 384
997877 39 565
995812 40 612
997608 82 320
995343 99 852
999658 10 199
995371 95 267
999560 17 833
999319 75 735
998663 23 175
999495 9 134
996471 15 329
995086 15 892
996982 96 684
996508 12 185
995926 43 861
997934 2 410
996185 75 983
997776 55 68
997068 20 600
995252 42 226
999681 30 82
995657 29 598
996655 58 610
996607 6 733
996676 44 782
999349 91 948
996918 85 989
995626 4 737
999571 67 282
995471 24 414
998008 38 710
998504 60 475
999537 75 451
997026 54 112
999267 91 281
997304 17 514
999836 87 702
997172 21 275
997746 57 956
999843 7 170
998384 85 589
995781 35 783
995342 2 641
999918 55 849
998890 80 88
997001 59 673
998787 91 306
999334 36 367
998648 76 806
999148 6 799
995873 7 508
999746 16 90
998090 88 99
999149 66 108
997080 10 875
995758 34 148
999303 100 475
999260 93 358
997739 56 447
997092 37 839
998086 48 556
995954 1 190
996719 51 415
995284 98 316
996718 72 838
995344 70 86
996259 81 691
998297 50 92
999772 62 433
995097 55 673
998324 29 320
997695 91 119
998753 39 746
999820 95 697
998366 62 833
998944 33 780
995194 8 788
998523 40 251
997915 1 458
996403 47 59
999539 34 895
997847 41 518
999641 97 543
999762 33 575
996066 42 765
998764 64 932
999174 96 817
998013 73 737
995594 38 802
995668 33 397
997312 19 930
997568 84 933
999236 6 902
997652 55 592
997587 88 339
998808 51 644
998441 79 807
996284 16 505
997853 62 197
999249 62 403
997671 96 96
997949 15 416
997748 41 506
996095 49 816
995013 26 554
995399 57 700
999578 81 84
999933 76 882
995174 46 933
998691 47 350
997626 72 820
999556 64 553
998215 27 503
997931 6 289
997903 29 897
999228 80 693
999299 36 887
996414 59 354
999370 20 116
998261 11 583
995614 83 573
999437 24 527
996909 72 816
997468 65 254
999022 32 67
996413 3 998
997839 19 937
996406 13 323
995579 97 62
996845 64 439
998360 88 502
997689 37 546
998011 74 470
997403 73 330
998295 12 26
999763 64 353
996029 9 410
996525 17 687
997628 16 828
998391 37 830
996734 54 924
996074 92 714
998630 12 238
999027 66 501
997226 17 884
997452 41 961
996875 4 22
997885 51 538
995208 35 873
996564 2 405
999802 10 985
998876 95 10
995226 60 383
997996 17 87
996200 65 248
999583 26 60
995940 20 762
999913 18 614
998249 50 63
999169 85 475
997880 54 246
999008 4 343
998849 51 636
998299 97 610
997864 42 214
995277 84 288
999951 20 672
999967 94 391
996402 38 568
996122 51 268
995375 18 682
998034 83 895
995202 97 77
995295 52 527
998610 37 243
996976 5 512
999945 64 213
999850 47 518
995464 74 555
996183 25 748
998161 52 495
999683 57 673
995259 33 680
997649 70 716
997255 60 867
996831 60 272
997287 66 306
995918 10 570
998802 96 940
995035 29 810
995849 70 707
996405 56 238
998693 17 884
995406 58 203
995019 11 67
997820 97 136
997860 46 52
998703 53 868
996396 55 262
995296 35 34
999720 25 752
999875 90 710
998567 38 970
997453 82 362
999168 5 976
995482 67 182
997594 72 329
997703 18 727
997257 98 379
998683 48 347
995852 57 980
998718 84 280
999461 3 950
998404 60 586
999558 44 240
996348 40 642
999540 25 501
999587 86 297
996079 81 917
999122 52 488
999533 4 981
998909 59 581
996500 69 444
998886 33 457
999928 70 572
996364 97 132
997706 31 18
998343 35 797
998486 36 228
996356 94 496
997705 17 587
997750 16 785
997185 4 409
999382 46 897
998582 96 635
998196 93 428
996914 10 449
995850 67 226
996431 98 603
995789 53 218
995384 32 675
999309 29 513
995792 84 569
995245 30 860
996771 70 329
995185 72 392
998633 19 318
997442 97 835
997686 74 401
999339 94 892
997976 11 888
995767 6 646
997426 26 896
997376 4 381
998873 70 356
996270 100 145
999010 30 938
998238 61 63
996433 40 696
996950 64 996
999385 9 497
997211 7 40
995411 55 542
995227 5 61
996501 3 613
998145 81 686
996155 67 295
998575 2 594
997327 9 6
998315 46 838
995514 31 405
997704 70 904
997392 33 79
996891 6 991
998459 45 876
998940 12 910
997987 97 58
999033 48 170
998908 20 46
998687 24 634
997378 76 943
996047 83 248
998738 29 275
997243 28 833
997259 74 623
996682 41 103
995521 67 910
998397 88 868
999239 49 425
996931 95 190
995584 87 640
997517 73 747
999895 40 995
999255 30 466
998481 85 834
999608 60 830
995413 53 834
997855 88 744
999852 47 722
997105 21 637
996954 85 156
998848 29 797
998833 65 609
998936 60 82
998452 91 514
998258 18 315
996563 2 813
997957 22 980
999530 57 861
999542 4 826
999930 26 455
998699 49 322
998336 36 372
995508 36 261
998448 8 835
999919 21 623
998255 32 166
999632 76 214
996154 44 215
995151 12 613
998937 28 288
996473 75 392
998674 66 3
996565 64 617
995837 89 147
996715 80 823
997593 75 71
996149 90 261
997061 39 13
996722 35 515
997494 23 958
996900 39 773
995525 50 729
999120 25 548
998902 59 133
997431 28 575
997171 1 372
996689 87 674
997413 40 339
999867 2 279
999800 75 428
998925 7 553
996016 74 16
998202 18 880
995537 95 332
997788 96 608
999144 92 404
996082 10 641
995728 39 595
996575 57 961
996538 33 194
999480 76 263
998811 79 233
995608 81 882
998045 69 190
997874 63 892
998482 6 400
996528 50 427
995609 26 222
998836 91 959
995349 45 704
995326 5 841
997261 6 936
997252 50 485
998263 17 656
997162 71 61
998910 28 730
997013 36 830
999702 16 570
998159 50 20
996246 66 929
995056 100 52
995286 70 799
995461 58 792
998140 33 316
998989 60 848
997150 47 43
998465 13 801
999132 57 410
995898 6 381
999984 15 222
995499 88 969
997347 16 372
996277 54 537
999892 21 404
997229 65 158
998236 73 660
995631 42 325
998228 6 1
997942 33 335
996372 71 500
997645 35 493
995914 33 482
998243 94 74
998410 64 155
998309 34 875
998165 11 883
996581 59 58
999497 2 846
997227 46 373
997379 29 416
998599 72 59
999806 74 95
996527 19 837
998073 60 564
995604 40 320
998494 14 697
998061 20 90
998649 83 661
997393 73 8
995748 100 76
997363 23 482
999585 57 229
995193 34 741
997846 97 815
997457 3 793
996736 41 377
995975 38 415
999220 97 629
996423 11 272
999098 89 833
998016 19 750
995294 75 807
998240 88 315
997274 3 337
999754 38 765
996916 80 817
998187 50 197
998216 37 787
997138 98 247
996707 59 598
997358 25 494
999047 56 975
999445 98 760
995062 4 669
998246 49 964
999392 2 931
995601 58 991
999643 66 380
998239 7 519
998733 14 141
998333 25 908
997834 63 74
996094 37 36
998051 95 148
996660 5 473
998197 29 522
997099 13 617
998385 54 999
998275 93 765
997997 14 642
997157 22 368
997975 84 182
997887 57 39
995982 72 125
996570 13 63
996609 21 741
996439 34 160
996864 13 382
998583 25 635
995552 62 793
996129 41 655
998100 76 383
998975 16 65
999277 45 647
995447 66 591
998881 31 685
995183 29 330
999837 35 984
996056 5 964
995757 58 163
999859 46 408
996039 32 710
998543 83 838
998417 60 674
999962 5 434
995888 50 294
998635 34 193
995142 20 293
996648 97 364
995672 62 700
996969 30 99
996465 56 358
995065 46 972
998557 51 576
997146 44 358
996425 40 893
996849 15 763
997785 89 539
998480 32 207
998926 13 753
996410 46 963
999547 4 704
997545 64 618
997842 11 687
998127 66 770
997339 80 570
995566 52 353
995136 92 866
997961 89 510
998537 88 829
998571 65 864
996934 37 470
996991 42 464
995402 44 820
995287 71 780
999380 30 835
995690 73 12
995916 98 743
996209 51 753
995108 25 518
998964 78 677
997085 17 772
998180 97 91
997129 67 833
999062 100 900
997605 21 758
998323 70 757
996180 60 676
996671 41 342
999596 65 252
997702 67 26
995331 78 439
996865 33 919
996459 90 220
998368 92 357
998837 81 934
997195 38 13
998151 12 489
996013 94 412
995240 63 419
996989 53 455
995555 17 317
996376 69 796
996264 97 646
995577 91 771
998477 92 790
998056 59 928
995515 32 703
998124 48 627
998877 99 742
998039 41 847
999685 69 278
996009 46 714
995925 13 724
999193 40 262
997948 41 321
999902 57 790
997057 68 291
998476 26 487
998462 74 375
997480 41 760
999233 42 457
997266 7 979
996645 9 558
999172 61 708
996843 98 864
999484 22 773
998800 9 397
998463 75 782
999284 52 101
995446 31 600
995708 17 345
998506 79 275
998551 46 710
998954 31 461
998206 4 199
997441 31 271
996144 63 530
996871 37 511
998491 9 580
995336 34 195
997030 35 41
995190 13 46
996731 12 708
998254 4 505
996729 70 692
995047 28 594
996132 59 835
999789 48 572
999153 98 625
998776 58 946
996681 86 717
995134 86 568
997743 27 40
997735 39 25
995261 84 473
995458 48 588
999104 9 531
995107 56 633
999016 83 297
996294 72 870
995133 59 159
999189 90 898
999821 3 854
996588 74 253
999546 11 321
996591 39 976
999635 91 515
999398 13 186
996756 86 530
998032 66 249
996521 7 5
998067 99 354
998432 67 926
999363 25 529
998724 6 338
998058 29 212
995857 5 649
995755 43 690
995959 94 166
999666 73 321
998383 90 819
996204 25 284
995089 97 654
999216 2 939
995292 37 853
995662 65 41
996004 53 514
995359 100 803
995928 3 710
998420 28 246
995549 87 826
996787 42 618
997114 73 817
996444 29 466
999253 1 669
998153 88 95
997640 39 461
998747 6 676
998830 69 456
999395 9 784
999779 61 679
995817 5 483
995516 99 627
998415 25 420
999748 18 89
996136 71 702
998911 78 84
995636 76 493
998770 88 29
999424 53 288
999831 26 694
997354 13 615
997779 12 941
997546 1 824
995488 86 450
995729 51 671
997849 50 235
999828 78 613
999223 73 233
997389 56 955
999834 92 748
995288 49 305
997512 17 636
999749 55 970
998425 14 349
997479 47 661
995539 47 107
997495 60 771
999786 82 509
996249 63 168
997051 71 235
998781 47 826
997315 91 657
998096 45 542
996316 33 54
998625 70 20
996711 81 474
996866 57 974
999824 95 709
996312 27 247
996481 57 109
999075 15 659
999404 2 983
995917 7 453
997220 58 527
996469 35 201
995337 49 57
996678 94 313
998714 71 414
996119 39 887
996606 79 877
998945 9 985
995718 96 895
998072 56 223
995885 11 92
995473 12 804
995746 15 883
995876 53 10
996968 24 824
997038 47 44
998068 40 24
998744 91 131
997331 61 849
995204 42 955
997460 5 388
996253 23 850
998922 32 490
999920 85 276
998530 94 593
995313 5 506
998209 68 317
995731 90 596
996705 38 533
996750 65 590
998116 52 66
996763 4 639
997781 43 99
996367 72 617
995564 80 687
997651 31 179
997803 4 641
997883 20 188
998377 7 299
998541 37 6
999106 81 63
996002 99 548
998107 46 747
999139 23 754
998115 85 501
996234 85 845
995556 42 127
999499 67 837
997278 4 287
999916 92 5
998584 56 321
999321 7 418
999959 76 138
999348 100 562
999135 22 762
997534 35 352
999580 3 482
996303 69 891
996447 42 279
997585 50 851
997086 71 951
999813 25 43
996674 22 460
999501 37 137
995456 92 519
998726 27 672
995373 62 366
997251 68 761
995164 91 983
998396 89 851
997895 38 245
996070 54 875
999575 66 929
998434 55 492
996131 24 157
997005 10 56
998700 41 404
997291 66 756
998960 57 950
996472 21 940
997317 38 135
999651 22 327
998099 46 667
996670 1 551
998677 49 35
998844 32 941
996420 35 845
999994 97 388
999418 29 366
998149 85 30
995618 41 358
998904 69 324
998205 63 258
997850 81 414
995467 13 746
997873 77 269
996344 57 940
999694 36 746
997034 65 303
999609 14 908
996958 92 831
999155 11 547
995042 22 434
996861 69 589
996847 85 874
999584 9 345
998217 12 837
999923 54 917
995156 53 227
996804 51 331
995995 34 302
995469 46 470
995426 42 848
998010 63 43
998712 64 355
999290 7 436
997783 83 621
999625 67 500
996085 10 447
995029 20 826
999055 46 923
999944 12 469
998406 43 845
996779 51 827
995031 48 392
996148 94 652
999899 92 983
995929 94 625
999835 10 672
998716 50 16
995733 55 304
999858 91 61
996903 69 799
998963 53 362
996944 31 895
999759 79 327
995314 72 476
997910 15 148
997840 23 815
996807 2 573
995160 55 716
999355 50 920
996454 21 633
998125 44 828
995067 61 472
996073 38 657
995115 100 527
995153 81 614
996207 51 450
996624 24 282
999017 1 501
997925 81 584
995958 23 695
996146 42 127
998977 82 219
997969 27 955
995802 60 554
999958 31 851
995648 81 785
995444 41 336
996215 59 629
999442 61 912
996685 75 570
999783 74 759
998820 26 452
997098 46 198
999194 38 620
995872 57 695
998812 20 499
998590 90 334
999871 33 978
995348 49 635
999734 20 275
997666 73 248
997065 22 978
995290 86 683
995597 65 169
995506 43 287
998037 2 112
998344 63 190
999775 8 926
995784 69 192
999687 93 457
997200 6 414
999015 90 859
995417 65 559
996228 87 982
997869 80 630
998679 89 861
997676 59 133
997707 23 917
997103 44 863
998260 15 170
999741 28 97
995203 20 221
997083 42 11
995249 80 197
998178 67 311
997371 12 849
999579 33 476
996987 38 979
996128 63 457
998814 2 898
995021 26 926
996595 74 733
996084 77 596
996350 53 521
998698 61 17
998359 42 468
995218 1 317
997199 86 798
996687 45 595
997408 50 418
999279 14 893
995803 96 164
997120 88 333
999259 27 684
995969 12 935
998203 57 853
997046 4 445
999032 35 42
996862 54 274
998955 22 855
997627 77 45
997300 54 879
998721 69 360
999890 9 855
997407 46 910
999218 23 969
997901 13 716
995216 54 539
995466 27 705
998388 83 814
997102 53 832
997490 65 906
999601 32 266
998580 40 666
999359 61 340
998363 68 817
996102 1 808
998355 90 763
997306 79 884
998850 76 139
999198 29 425
999241 37 144
996583 8 356
995180 81 295
996754 95 927
996801 24 79
995782 14 310
997461 40 339
999808 35 876
995649 65 619
999588 46 472
999948 99 170
997397 54 966
999975 12 567
999887 64 250
997470 51 928
998658 74 229
996599 69 189
996980 29 754
998576 15 730
996783 41 107
995776 100 553
996099 17 40
998818 2 242
996979 74 907
996723 28 436
998938 30 279
995235 34 997
998081 41 23
996522 64 4
996245 98 576
996912 66 59
999731 76 616
995901 78 708
998545 78 120
998914 53 691
996709 54 681
995438 55 596
996230 7 832
996336 55 203
998591 26 602
999881 32 535
998252 90 946
996928 55 110
999811 17 437
999129 88 142
999422 79 461
999164 86 45
997476 76 547
998029 86 664
996582 74 737
999384 71 601
996361 18 731
995750 28 565
999121 11 597
998289 13 741
998174 50 664
995795 40 518
995104 72 120
995409 68 745
995513 18 725
997900 58 76
999100 73 23
998380 5 427
999888 93 338
998713 7 634
997754 73 183
998035 63 427
996786 38 406
995378 59 434
996416 83 485
998357 78 618
995763 44 851
998758 22 284
997292 27 83
995830 80 467
999123 7 368
998296 86 400
999150 20 297
999061 81 398
999444 37 457
999724 46 837
998054 91 710
997664 89 770
997795 81 552
999199 5 121
995774 31 1
999589 12 295
999281 5 315
998570 88 992
999603 72 224
995768 7 722
995018 4 404
996326 65 262
996548 20 931
998185 36 333
996223 52 830
998611 37 670
995575 96 614
998429 56 942
998031 61 855
998935 19 220
999166 43 318
998772 70 940
997541 36 975
998421 52 232
999750 39 260
998520 70 976
997000 26 176
999430 47 55
996956 34 433
996695 85 238
999042 73 414
998924 33 932
999494 81 249
995714 26 66
999207 54 109
999455 73 798
996391 39 39
997872 36 111
995178 53 677
996684 6 365
997170 5 622
997572 95 124
997009 21 807
997956 10 438
999674 23 93
997113 61 892
998995 37 512
997012 83 172
998627 6 432
995655 30 41
997466 46 835
996880 72 812
995254 89 745
999638 96 793
995452 56 932
998416 59 928
997285 7 875
995037 83 478
997360 5 58
998040 20 626
999013 10 292
997658 99 727
995317 47 917
999915 54 896
997459 72 488
998532 84 185
998846 4 659
995324 53 368
999326 98 765
996401 83 974
997025 57 766
998974 8 88
997125 44 80
999311 33 102
995007 1 708
998286 70 617
995809 28 790
996649 64 20
996781 77 784
998111 40 925
995625 64 217
997359 25 940
996274 29 374
999619 92 93
998797 19 461
998059 1 255
999622 57 604
999246 33 41
995213 90 19
997091 82 817
998976 2 822
997694 89 180
997018 34 838
995225 55 768
999439 78 343
999517 95 515
996712 95 338
995645 54 507
995654 62 539
998182 49 703
996773 2 847
997189 10 94
996616 4 275
997807 70 282
996812 16 995
999234 16 773
995931 28 932
997771 80 7
998577 62 541
997443 29 443
995363 22 658
996614 26 696
999134 53 341
998706 78 120
998882 38 348
997980 74 976
996007 45 329
996018 14 986
995567 52 196
999953 25 284
995596 75 450
995721 63 86
999893 59 647
996874 41 309
996540 44 276
995052 4 386
996748 49 579
995209 72 481
996054 40 490
997981 3 447
996140 64 526
995638 16 651
999287 62 773
998638 98 758
996493 28 341
999252 20 30
999863 64 391
997670 20 477
996919 56 745
995528 86 742
996569 9 482
997192 45 206
995328 94 671
999665 23 234
996031 84 892
996053 16 995
998227 33 743
995811 48 381
998300 69 641
996427 41 651
998372 61 881
998774 53 110
996329 3 274
998319 48 555
999718 66 922
995034 30 697
998727 53 959
998330 19 654
996852 87 650
995352 10 684
998666 31 407
995628 87 623
995624 54 881
998553 64 128
998069 38 314
997027 8 766
997762 82 394
996489 42 372
997262 81 60
999549 27 343
996340 76 975
997140 43 804
997845 23 991
997293 40 948
996675 35 186
998427 42 381
996727 76 349
999577 59 833
999794 38 27
998928 78 994
997390 40 514
995036 29 509
998083 98 855
996325 1 993
995900 72 529
995354 85 68
996778 85 580
999981 85 772
995956 51 392
997838 35 567
996949 28 137
995074 32 95
999742 35 305
997858 90 369
999873 43 772
995684 35 766
999208 35 738
995854 24 196
996978 97 222
995756 48 99
997401 95 618
995170 92 401
998346 62 19
995559 81 615
995154 12 468
997818 41 730
996089 65 14
999472 53 523
998473 33 175
999426 95 880
996310 50 383
998857 22 887
998041 87 252
995966 3 31
995085 82 566
996157 8 665
999709 13 424
997867 91 198
998348 75 524
997253 74 400
996314 22 292
999338 89 521
996494 18 993
997547 99 601
998358 48 872
998310 84 330
995063 66 668
998317 41 298
996544 36 249
998123 87 213
995014 56 147
998231 47 375
995675 92 721
999642 79 312
999344 61 873
995972 60 111
995476 51 892
999408 5 910
995041 66 888
995713 55 473
998502 25 313
998715 36 238
996269 19 967
996117 60 977
998750 83 658
997167 74 21
997328 19 151
995182 2 566
995823 96 659
999203 84 654
998525 60 42
998095 68 308
997070 59 680
998720 56 403
996033 68 567
995128 75 734
997451 55 67
995707 15 839
998704 6 346
999346 28 702
998160 74 839
999832 78 273
999320 53 373
997596 81 499
999070 20 843
998987 56 448
995573 55 437
998325 24 33
997260 72 612
995276 77 169
996244 51 416
999072 69 558
997366 84 581
999561 85 234
999005 24 535
997760 32 21
995848 28 600
998028 90 20
996699 36 594
999196 39 45
997277 95 139
995106 89 969
996421 71 878
996965 15 954
995030 1 711
999096 68 512
995726 63 425
995989 16 251
999043 42 487
995460 34 149
995111 92 233
997428 11 884
995856 77 507
995195 95 51
998052 75 273
995563 77 922
999511 18 772
995493 51 606
999839 39 558
995096 64 959
998189 36 390
999399 44 102
998248 92 34
996858 24 572
998917 19 827
998519 15 161
998951 54 698
998518 6 709
997219 24 55
996229 82 168
996733 48 639
999604 96 703
997673 39 691
999003 11 454
995285 36 525
999364 53 764
996001 1 246
997520 72 783
996239 8 550
999654 80 97
997248 34 2
999026 61 785
996504 4 474
995173 88 803
997577 40 715
998969 22 941
995187 59 299
999957 47 824
998276 19 91
999691 24 35
998026 6 676
999225 6 494
998528 3 942
995071 95 941
997435 20 570
998766 6 879
998002 6 144
998437 5 120
995530 91 184
996387 47 23
995976 77 87
996887 19 967
995040 33 111
996359 40 388
999704 62 741
995554 99 236
999436 6 963
997609 91 753
997943 31 838
999655 97 897
998376 66 93
996370 52 580
999417 43 673
998022 84 772
998071 12 615
998860 55 900
996242 99 768
996334 89 755
999202 46 399
995538 29 120
999673 47 739
998050 69 581
995306 33 823
995621 47 516
999330 92 70
996814 75 312
997597 34 997
998370 20 847
995858 83 362
998563 20 342
998353 37 862
996549 86 324
995309 50 8
998845 23 773
999397 33 603
999243 97 902
997767 35 399
996398 40 221
995379 8 190
996205 6 415
999138 22 55
995907 74 204
997856 85 980
997632 92 880
999091 89 384
995965 40 652
995709 93 842
997314 92 154
999103 9 662
995054 26 202
997077 2 44
998082 49 508
997066 4 39
998826 64 643
995463 70 35
998131 63 64
997222 25 835
997135 73 723
996287 2 962
999191 81 644
999743 53 735
997235 78 675
996741 77 832
996593 41 702
995231 9 256
997411 49 131
999394 77 984
999861 52 497
998552 61 840
999970 74 43
995200 32 141
998546 29 170
999421 7 551
998607 58 793
998959 67 861
996505 67 32
996629 64 370
995634 10 290
997054 50 753
997302 51 550
996351 22 585
997763 77 838
996911 84 189
999751 21 665
998500 11 177
998711 47 79
998171 69 929
996167 21 605
998745 76 587
995132 89 245
998554 47 980
997888 50 630
999653 96 217
998498 53 795
995120 32 792
997578 53 360
998932 40 649
995586 9 360
998689 67 86
998585 25 658
999536 9 156
999190 65 172
999581 17 590
998492 56 176
996457 24 987
997907 81 106
995881 21 762
997759 25 295
999983 46 991
997236 97 810
995004 99 452
996920 11 529
995937 5 300
999432 98 734
995859 100 428
998594 15 667
997269 4 223
997954 33 967
998169 74 642
997438 87 286
997936 72 931
997118 91 655
998143 92 234
999905 64 779
997601 32 7
996130 69 498
997941 92 804
997584 44 846
995701 92 668
999525 56 703
995700 69 555
995253 49 56
997357 27 294
998695 7 792
995171 73 225
998469 72 6
995010 90 984
997498 83 979
997550 11 126
997180 3 809
995389 23 514
997458 73 308
996890 58 247
997090 83 450
999415 7 90
998948 4 126
995886 32 273
999992 24 714
996360 97 842
999044 33 935
997687 86 630
996220 40 467
998411 74 579
995075 42 524
997117 84 914
997822 37 807
998983 47 141
997659 42 739
997144 56 961
998007 74 213
999274 83 611
999705 10 490
999283 50 57
996668 44 160
999667 44 65
999618 84 86
997191 93 119
999137 35 856
998723 78 79
996888 8 557
998511 67 386
997558 54 681
996760 71 550
996996 88 685
999093 76 185
998001 47 166
998305 74 713
998784 29 939
999721 1 361
997606 92 623
996615 63 901
997669 94 632
999147 80 422
999387 90 649
997683 55 589
995291 82 536
998382 28 697
995839 98 6
998503 21 865
996021 92 302
995710 35 781
999105 88 364
991056 32
992382 954
992418 186
991202 589
992214 869
993148 347
992966 905
993136 71
994353 172
990158 927
990828 239
991446 362
991471 249
991123 424
990391 94
993697 225
994607 255
993423 859
991204 296
991980 924
993165 65
991436 933
991282 547
994642 824
994986 5228
990296 146
994556 866
992339 629
994837 692
990291 715
990292 943
991122 160
992938 3
991348 858
991198 131
991615 379
990102 296
994535 975
994028 796
993169 859
992306 147
990420 639
991918 212
994441 820
993716 788
994332 53
992463 844
994019 825
990414 992
990277 109
994116 59
992589 644
990324 149
991107 373
991843 456
992099 65
990547 399
991456 168
992671 907
991186 189
992132 398
991327 272
992519 700
993309 618
993981 886
992441 64
994773 579
991923 361
992011 13
990924 257
993134 804
991136 157
991344 313
991568 642
990087 340
993381 225
990977 619
994212 116
991512 965
991567 848
992211 471
992909 840
991985 287
992206 586
994159 937
991317 467
994839 888
992367 893
990452 277
993812 99
992918 471
992980 920
994164 795
990459 601
994241 259
993854 125
994337 820
990337 226
993907 813
992443 210
991179 634
993348 916
991837 919
991398 855
993258 701
993660 623
991356 24
994973 345
990656 208
991757 486
994235 304
991886 394
990403 385
990798 917
993730 816
993205 57
992997 260
990784 124
992575 681
993093 968
994464 335
992364 601
991333 818
994975 277
992486 432
992812 445
994817 524
994904 837
991719 398
993813 26
994103 248
991623 411
993372 971
993478 537
994916 511
991799 16
990622 412
990302 421
991793 286
991920 642
992299 430
990105 416
990530 552
993438 927
993181 978
991488 184
991386 403
990695 691
994305 657
990070 577
994315 304
993290 423
992793 90
991181 65
994127 931
990356 355
993967 368
991622 789
991426 979
992668 78
991829 211
991262 838
992252 612
993627 368
993105 751
991595 950
991605 482
994835 74
994602 119
991840 925
994311 546
992075 544
990246 402
993705 631
990470 762
992329 247
992987 575
994485 466
990163 916
991889 805
990555 896
991194 195
990704 611
993316 101
992320 272
993465 604
994090 377
993525 316
990658 949
994994 677
993244 916
990544 526
990137 247
990872 546
993906 303
994001 520
991233 234
991464 430
990854 396
990106 200
991422 8
990328 884
993017 327
991571 988
990953 434
992407 241
990024 808
992537 839
993936 56
993563 583
990139 327
990754 435
993143 305
990895 918
991940 630
991097 292
993382 770
993905 889
990707 116
993481 711
992274 727
993776 877
991465 791
994592 52
994330 21
990721 860
991492 716
992178 999
991873 130
992892 690
994803 978
993512 593
992728 524
994014 388
992842 281
991009 270
992610 693
994174 832
991302 251
990920 893
994579 272
994477 305
992539 59
994731 436
990404 336
994478 204
992064 198
990851 21
994667 547
992162 14
990768 528
991560 537
993386 996
993613 280
990481 880
994362 612
991733 635
993366 146
991584 746
991238 50
991690 178
993792 693
993457 808
993625 473
990015 523
993297 959
994717 561
991505 370
993874 512
990383 900
990123 884
994581 912
992630 833
991494 501
993111 853
991078 585
993283 872
991079 978
993960 621
990088 856
990308 479
994643 677
993501 140
991315 666
992563 221
991885 293
991900 784
990678 689
994720 520
991987 322
993484 151
992482 752
992722 613
994603 11
990824 697
992094 656
991903 626
991545 761
990641 492
990573 418
990484 430
991393 13
994147 905
991858 461
990451 942
992085 287
992050 798
991199 672
991300 67
993569 350
994197 126
992536 860
992033 227
992858 986
990174 875
994526 552
993753 590
994622 17
992818 666
990700 928
991770 302
992196 609
991319 598
994819 941
993009 810
992751 455
991909 583
992866 801
994787 640
991819 18
990114 186
990545 392
993080 639
990640 404
994341 188
994809 778
990036 269
994479 332
991182 932
991438 915
991812 830
991365 956
992063 240
993807 322
992598 311
993743 938
992146 838
992797 342
990131 56
992633 479
993071 671
991028 279
992278 55
990449 401
990599 659
991609 827
992003 342
993951 942
990385 86
990415 853
993648 320
991950 38
990691 216
990674 510
991067 738
994204 427
990007 930
993755 633
993739 80
990071 120
991871 70
991173 34
991747 277
993278 7
991303 528
992654 333
994806 942
993466 1
991943 761
993723 940
992304 419
991602 751
992627 902
992716 55
991064 573
993046 468
993337 149
993114 970
990488 308
990524 161
991776 139
992297 7
994293 560
991526 597
993294 553
994849 265
994938 709
993522 828
993866 622
992526 226
994280 272
993296 37
994161 153
994272 984
994613 393
993935 557
994924 822
994260 302
994118 267
992461 660
991493 771
993810 238
991928 517
990138 738
993821 984
990779 96
991707 887
990029 642
994913 607
991218 377
993587 700
992313 214
993190 824
992362 447
994991 4585
990111 887
993130 796
994238 771
991335 36
992805 394
994895 701
994822 116
993692 184
993321 11
992350 905
992429 976
993104 150
993107 398
992978 898
991901 19
994193 906
994121 748
991430 178
990083 298
991185 305
991383 817
993623 901
993407 339
991058 981
991970 738
992874 708
990289 760
990986 658
994133 126
994621 713
993163 791
991094 95
994162 86
992577 335
993996 94
992510 348
991686 296
991102 715
993029 179
993741 173
994370 263
993619 540
990961 333
990109 158
991039 728
994891 104
991519 423
991593 551
994903 374
992065 226
994766 310
990891 504
992555 578
991679 822
994614 85
994552 451
993421 130
994129 195
993092 888
991053 459
993790 349
992962 316
994007 839
994555 865
994025 214
992035 513
994967 269
993991 307
990099 71
994812 615
991992 942
993122 597
993150 194
991984 622
993119 997
992808 705
994031 489
990860 306
990755 714
992547 107
990950 339
993855 621
991088 780
990926 176
993944 314
993524 641
992290 602
990431 616
994389 726
992048 807
994114 638
993459 627
991975 768
994873 6152
993595 924
993559 817
991960 619
994641 496
994364 53
994402 30
991298 17
993048 203
990095 548
994374 362
991279 578
990912 915
994413 789
994636 58
992669 139
992907 539
991565 966
994790 961
990667 95
991127 319
992861 762
993768 390
994469 939
992675 853
994086 159
991538 993
993399 432
994868 930
994268 514
991274 267
994585 289
994144 904
990687 515
991489 331
990115 89
991439 252
992236 314
994480 463
994725 116
990450 64
990820 154
992402 401
990062 506
994298 355
990921 257
994801 351
993754 978
993637 8
993841 459
993612 406
992177 310
993256 105
992743 649
993565 64
990959 637
990247 466
991603 784
993995 305
994124 396
994680 695
993049 256
990203 96
991197 505
991501 909
992955 514
993543 54
991443 87
994089 588
990670 661
991326 407
990401 278
990646 543
994262 732
994132 574
993488 688
994732 892
994698 343
992009 619
993441 535
990132 476
991632 310
992930 751
993713 774
994990 69
993823 64
990196 452
991098 534
993650 101
992230 412
993799 699
992108 650
990684 260
994966 285
990806 531
994324 470
990792 500
991131 807
994937 750
991786 986
994750 321
992884 51
994056 474
992672 87
994009 881
993641 433
990023 822
993828 803
991864 696
990978 287
992107 184
994134 349
994979 627
992915 409
992601 589
990051 300
992792 447
991350 444
990057 674
993642 132
994627 843
992077 853
993087 639
990966 691
992176 358
991766 506
991295 711
994628 43
991462 429
993788 121
990935 710
992361 371
992141 292
992562 319
993322 168
992540 593
991184 875
992556 384
990229 821
994321 906
993581 75
992404 552
991884 397
990381 388
991049 942
993208 444
994495 109
994462 60
992492 219
994383 326
994827 436
993890 430
992495 934
993413 478
990760 168
990680 104
992205 565
991145 644
993708 113
990532 575
994400 857
994372 974
993368 417
993260 891
991827 530
990628 347
992235 574
993276 264
993793 847
991205 133
993533 749
993865 764
992681 342
990780 503
991726 779
990863 958
992004 665
992222 635
994635 873
993998 948
991589 471
992305 725
990165 164
994906 572
993487 708
993242 155
990883 155
991915 72
991228 659
992371 99
993504 957
993562 250
992799 680
990422 402
992912 364
994299 54
991221 452
992976 505
993109 800
991174 362
994395 280
992491 429
994823 58
994043 331
991036 277
992408 338
991539 912
994143 923
992101 588
994277 363
991557 952
992187 287
990827 217
994205 505
991760 49
992717 778
990283 885
990434 911
991930 586
994536 535
994344 288
992597 195
990982 926
990984 109
994350 344
991627 752
994529 450
994715 159
991375 567
994335 685
991649 789
992358 155
994459 629
990785 934
994723 209
993711 59
992241 981
993175 825
994094 50
994392 769
994352 474
993685 818
991788 926
990458 66
994673 243
992971 552
992658 729
994914 191
994273 39
990455 80
994711 548
992432 50
992325 955
991427 952
992794 938
992078 997
990045 350
994512 286
993140 481
990077 557
990753 542
990677 444
991689 247
990081 1
993002 28
994210 154
991541 364
991118 905
993597 931
991225 343
991000 721
991276 1000
992848 305
990652 26
994410 707
991897 558
991527 998
994219 680
991714 483
994591 985
993549 64
990256 428
992846 450
992937 893
993903 151
992040 708
990341 333
993886 688
991648 691
994511 711
991201 461
994756 872
990179 236
994935 215
993405 631
990050 617
991283 399
990705 226
992845 747
992851 958
994084 748
994209 483
994249 714
993573 744
991168 418
992478 689
991870 465
992692 654
992440 151
990336 710
994046 432
991172 526
993589 630
993846 220
993099 162
990527 999
992465 199
992403 572
993953 482
992757 374
994826 933
990334 737
993067 239
991887 324
992494 788
992606 474
991630 755
994318 601
993554 606
991230 568
990590 365
993482 669
991467 278
990159 840
992203 150
993833 316
993880 967
993720 651
990471 767
994923 398
992695 361
991220 612
991175 836
994984 212
994499 923
990312 671
994573 993
992961 251
993500 605
994032 259
993877 653
993985 412
990348 612
994281 247
992500 355
992007 184
993414 434
991117 70
994247 909
991031 354
993391 119
990073 321
991234 577
992137 186
992755 378
994648 855
992535 561
994974 429
993178 889
993526 596
990217 78
992545 255
990263 652
990664 69
990548 424
992138 285
991320 683
993020 87
993306 289
993635 774
993663 863
990534 58
994951 323
992736 394
991533 904
994130 740
991951 379
990591 602
992246 280
990914 913
994856 53
991754 864
993083 640
993489 584
992583 471
994517 474
994789 913
990558 434
993762 308
990195 728
992571 154
992110 532
992585 279
992238 400
993285 481
991831 107
993282 141
994988 925
991002 157
993583 594
992612 735
992849 523
993801 713
994572 776
992508 974
994064 288
991548 766
991988 500
994894 799
990117 597
992587 197
994576 620
990595 716
994488 861
993778 96
990954 480
990633 137
994026 755
990339 988
991846 268
991710 904
992089 204
992427 673
990528 1000
992783 392
992551 613
991271 86
991856 391
991972 175
994265 277
994566 575
994271 55
993286 486
992718 645
992068 882
993198 472
992354 347
991280 862
991934 51
991554 840
994276 381
991773 634
990242 821
990550 27
994078 138
992381 616
994890 986
990162 706
990134 153
991128 604
993011 786
994264 237
993292 382
993892 818
993416 787
990635 353
992038 55
991099 493
991815 443
992683 479
993176 447
991061 782
990251 446
994821 563
993536 917
994687 210
991093 778
992258 237
992824 874
993575 45
993157 730
993927 390
990849 718
990345 186
994578 832
992070 510
990207 377
992887 489
993281 784
994075 868
994369 621
993727 626
992337 848
992413 23
993201 853
992385 478
990596 392
990713 106
994745 682
990370 991
994712 949
992090 68
994070 464
993494 789
990867 95
993068 916
990625 298
994983 419
992826 396
994760 928
994472 954
993033 303
990276 875
994968 233
991929 821
994497 199
994571 479
991161 247
992188 909
992405 556
990472 433
990538 353
992327 855
990463 128
992091 85
994255 782
994278 808
993912 319
994547 649
992045 837
993909 773
994780 259
992960 958
992426 645
990430 483
993023 290
992245 280
994864 829
991730 851
990643 592
991954 77
991717 958
994004 281
994630 880
994953 339
992880 797
993815 135
993532 99
991709 202
991387 458
992798 350
990958 375
991248 33
990843 486
994692 511
991324 88
993200 755
991774 178
990729 735
994013 160
993184 630
992368 439
994401 846
993990 520
990508 37
994038 517
993538 373
992764 877
992024 56
991178 656
991844 106
992228 695
992365 864
994010 497
994909 110
994838 330
994461 751
990776 427
993777 28
991419 699
994518 848
993535 87
990299 565
991543 863
993185 569
993240 19
993752 186
991534 65
991265 540
994390 368
990032 165
991385 254
993364 748
994901 217
994969 439
990613 688
992525 496
994654 319
993506 755
992380 669
993611 419
992016 204
990875 804
993947 394
992517 117
994018 568
993599 52
990059 423
991155 810
994340 58
994065 170
992456 264
991293 710
993173 763
992553 133
993869 392
991219 281
994795 132
991676 147
991780 148
993425 748
991697 830
993331 354
992259 267
990751 770
992788 555
992439 922
991857 627
992088 707
991651 746
992346 722
993236 963
991437 635
993225 313
992952 488
993144 910
991012 189
992509 887
992180 594
993097 854
991106 414
993946 959
991893 20
991986 966
993323 161
994637 601
990561 16
990765 568
993450 692
994484 567
994759 451
991758 393
993566 789
993974 632
991998 56
992396 265
993585 533
990271 860
992233 441
991485 852
993197 741
994727 134
991313 376
994520 76
990444 113
993132 241
990969 444
991125 632
994623 255
994419 909
990793 299
994473 172
990295 631
990143 858
990278 891
991598 513
990945 959
993036 560
993034 995
992018 442
990553 726
994022 883
994541 886
993110 196
993475 852
990925 406
992401 500
994976 142
992083 373
992747 786
992373 300
994829 522
990333 477
992948 902
993714 640
991455 492
993858 767
991023 598
994540 402
992052 398
994898 874
993328 760
992667 439
994782 766
990219 803
994365 763
992324 188
992114 278
991820 607
991620 49
994135 444
990886 794
990232 867
992617 216
992157 747
991965 413
994662 879
990632 440
990979 294
992356 95
991243 588
993041 636
992777 386
994943 104
994598 308
994396 462
994523 890
993116 757
993509 479
993765 919
990080 513
992972 76
993026 478
991891 491
991005 574
993112 215
994308 610
990377 468
992990 468
994704 238
994722 636
991957 373
990874 181
992253 867
992264 677
991892 927
993076 393
992707 86
992634 203
991010 385
991570 101
992081 206
991663 625
994767 441
990249 754
993462 420
990525 114
991369 785
992548 569
992778 315
994959 689
990316 94
990227 22
991782 20
990003 142
992042 110
992619 232
992328 237
991166 354
994346 212
993844 86
990224 244
990507 30
992420 351
990728 837
994377 58
990084 327
993601 991
993102 291
994049 649
993763 142
994406 872
994543 47
991144 327
991069 671
991207 962
991226 872
992444 245
991119 64
990629 177
992573 581
990056 872
991140 605
994433 352
992582 908
993100 992
990520 751
990144 260
993279 71
990634 376
991585 985
994055 35
994978 2
993047 216
992001 615
992814 158
994198 108
991362 989
993638 815
991993 311
993610 56
994867 585
991026 118
994246 93
990185 910
992530 831
994092 463
994494 915
990568 41
993415 896
990475 266
990319 335
994655 582
990129 667
994588 707
992302 243
990191 378
990388 67
991522 494
990465 733
991057 919
994689 284
993401 485
990443 716
990796 705
994620 903
991011 906
992127 242
994697 511
991193 933
990031 742
993280 136
992899 96
990009 993
990275 933
992425 727
991808 181
990244 89
994189 449
993923 883
993640 929
993881 851
990501 236
993959 175
993249 435
993361 779
990318 710
993852 519
992142 354
993179 563
992057 589
990487 229
991358 661
990151 794
990245 233
994467 392
992929 763
992836 705
994772 496
994184 337
991905 320
993202 25
990389 123
991989 955
991995 319
991514 631
990293 135
991373 182
993271 896
991935 113
992618 74
994633 619
990624 714
993548 400
991997 169
994457 823
990566 345
991692 516
993427 967
993633 366
993814 211
992097 686
994933 242
991601 587
993117 351
993443 682
994593 644
992227 887
990101 305
993167 842
992815 472
990098 880
994220 236
990512 832
992580 52
992156 519
991417 310
991524 878
992996 464
990504 223
994515 408
994634 866
993603 164
990937 156
992641 616
992748 891
990823 133
994881 436
994616 519
991483 388
992345 820
992643 816
991042 68
991720 89
993703 956
994016 930
994758 314
991086 158
993327 67
991299 910
994709 718
993224 904
994964 164
990766 68
990794 447
990786 584
994939 646
991633 22
993499 149
993118 17
990074 80
990738 719
990046 813
990519 679
994824 566
990539 294
993787 903
990290 989
994879 388
991667 827
992234 113
992795 535
994793 325
990800 663
990118 362
992931 162
994977 2338
992143 864
994754 983
990190 602
991113 133
992006 124
993051 63
994900 259
992531 782
990429 517
993330 418
991162 64
994558 104
994188 367
992607 560
994240 89
991849 903
991342 140
992936 817
991336 671
992032 941
990600 508
990681 853
994171 725
990352 354
992422 231
994128 494
992497 390
990055 903
993238 684
990216 350
990654 523
993024 224
994416 350
991500 59
992251 943
990549 49
992008 527
994549 868
993898 432
993044 422
994537 713
990565 363
990614 951
990173 801
991810 38
994122 6
990585 23
992160 114
993312 410
990880 717
992213 296
990198 727
992529 583
991723 160
992613 182
992591 129
992514 835
993384 441
993379 46
992261 341
991284 192
991157 227
994423 980
993822 559
993961 580
994338 762
990879 789
990974 133
993798 167
992574 304
991926 197
990723 992
993264 964
992366 685
994730 119
993725 729
992533 580
991959 859
992468 751
994442 403
992164 440
992322 176
991211 129
990347 813
994774 338
990262 995
994137 647
992284 123
992406 595
991187 824
993141 961
991120 565
990068 516
993397 424
990537 696
994962 126
993054 669
991235 502
991030 778
994580 248
993304 150
993948 789
991817 503
990182 95
992208 890
992335 456
993145 284
994082 643
992454 604
993954 200
992895 16
994896 92
990267 15
990689 901
990306 264
990030 823
994354 605
991861 2
992053 321
994002 601
992103 669
991379 726
992174 853
990428 397
993192 894
994421 26
993784 705
994012 608
991245 441
991517 359
992771 104
993274 563
991637 784
991050 480
991091 920
994945 250
994242 795
991594 26
990870 544
993013 691
994505 564
991669 917
993653 43
993896 897
990910 848
992218 739
990235 296
990254 89
990222 190
994202 274
992942 199
990882 153
992029 815
994682 51
990901 78
991536 720
994336 108
991931 538
994513 43
991041 688
990881 452
994102 103
992698 222
991169 344
994590 696
990889 443
993300 493
990923 961
990300 690
993288 309
993582 619
991277 156
990711 40
993631 287
994970 209
991818 499
992384 502
993670 169
992410 768
990686 40
994051 642
993840 436
991796 493
992820 654
991881 286
992066 360
994562 84
992632 956
991130 886
994863 413
993928 792
993403 557
994439 790
992515 358
993694 406
991469 70
991569 674
994292 326
994492 541
993318 746
993541 47
993311 425
992275 489
993738 872
993534 480
992039 279
994985 678
993519 675
994604 734
990644 797
992865 774
992776 199
992100 538
994181 787
994744 635
993470 234
992370 915
991498 803
990805 111
993188 584
991104 478
992711 148
992139 461
993235 590
991693 831
993973 565
992255 150
990396 793
992564 169
992703 795
992148 56
992375 210
990453 283
993925 522
992586 231
994151 776
992913 550
990801 296
991176 504
994699 566
992474 925
994564 502
994963 451
991727 141
992133 608
991100 399
993430 656
994236 168
994930 274
993108 686
991883 908
993914 13
990413 837
992309 229
991590 50
990331 99
990818 59
994138 445
992219 940
991775 833
992479 820
994707 700
990588 756
993367 747
993476 460
991791 491
990354 262
992730 673
994270 79
994820 691
994746 573
991880 921
991297 641
990777 612
993658 320
991305 502
990983 918
993736 324
992982 167
991210 492
994068 223
991330 551
991267 694
991288 57
992737 747
994589 729
993887 746
994458 765
994563 770
991994 693
993363 450
990372 863
990456 47
993939 613
990008 42
992154 543
991813 485
992809 230
990498 396
993259 241
991917 349
994109 67
992158 656
993918 63
990582 464
990183 128
991721 19
993207 676
991425 401
991196 946
994190 990
992988 43
990462 225
990744 754
992650 412
990034 372
992348 783
991389 805
994460 414
993223 608
992662 88
990655 381
992873 28
994029 207
990215 236
993123 520
992119 220
991921 981
994982 153
994751 17
992163 432
991556 774
991409 115
994045 348
991048 916
993791 355
994291 268
994317 217
994981 515
993174 161
994169 312
990791 636
993540 309
990648 778
992726 345
992554 902
990086 211
991403 269
991795 673
992786 117
992659 99
992864 819
992229 711
993523 330
994862 183
994702 4536
990072 254
990764 629
992167 406
991636 799
990220 798
991006 120
994454 877
992118 27
992992 635
991878 53
990885 153
991294 896
994015 539
990797 936
990438 208
993682 247
990601 635
992888 880
992340 671
994391 286
991252 525
991706 666
990852 194
994432 592
990709 763
990838 868
991823 535
991103 832
991077 106
990445 225
993243 673
993375 385
994180 404
994995 251
993567 831
990477 440
991424 50
990421 664
991074 661
993344 67
992995 130
991876 163
993325 436
994956 213
990660 329
992186 920
993614 861
991478 207
993085 224
991291 365
991153 675
994035 47
991188 259
992567 526
992051 205
992569 712
994041 203
990902 372
993895 383
992758 118
990743 90
990662 992
991454 561
992999 833
993698 987
990761 854
994349 749
994361 795
990435 527
993825 130
992002 864
991363 340
994380 261
992071 517
992740 545
994860 655
993900 868
993458 876
993596 714
990699 833
994040 938
993875 713
993212 735
990998 548
993775 818
994999 234
990286 447
993945 719
993063 857
994052 441
993373 69
994734 502
991833 661
990989 184
992645 547
991096 640
992631 563
993943 333
993250 197
990021 439
992911 616
992417 852
991347 275
990782 601
992043 701
990543 751
994048 82
990180 876
991691 597
994892 624
990322 413
992749 870
994919 127
993729 883
990973 48
993830 889
993082 777
991224 1
991945 522
991530 989
993429 132
993889 785
992506 645
992560 554
991577 902
991349 474
993724 269
993449 358
994437 80
990915 625
994327 438
993019 337
993547 291
993351 918
993628 666
992347 106
991308 793
991906 824
990288 666
991147 450
990708 767
994429 263
990896 424
992754 870
990350 580
991740 311
992049 351
993742 460
991752 671
991021 560
991261 942
991334 251
994453 761
992013 956
992286 176
990741 664
993651 609
992733 56
990230 132
992651 228
990201 328
992030 20
994811 638
993146 22
994172 319
994234 906
994841 662
993248 904
993219 845
