2000 2000 2000
999785 20 492
997426 38 1207
997286 15 1913
996744 83 1682
996233 1 795
999898 73 182
995349 83 1420
996715 73 1990
997375 24 1840
999214 69 1267
995730 40 838
999192 33 362
997127 100 1932
996482 45 1672
997016 53 345
998701 90 285
998792 47 114
998116 69 1894
999997 74 1598
996377 82 1046
999076 44 597
999667 18 1794
996998 1 1572
995470 21 1944
999247 77 1529
995938 80 1781
998987 76 1197
999161 41 1586
999588 4 182
997124 3 1302
999052 88 613
996486 33 186
997997 74 1411
996185 79 244
998577 97 1926
997882 18 1937
995032 23 1287
996902 46 1790
996535 37 1486
998920 78 1672
999953 36 1189
995214 54 1603
997464 56 1013
996491 52 732
995116 11 726
997100 49 971
997081 92 700
996567 3 1794
995492 70 617
996183 77 448
996837 69 1418
998477 82 1639
997937 91 809
997249 1 454
999907 61 1388
998989 94 1709
998949 70 1895
997420 18 1019
997118 66 1475
996295 33 776
995572 53 80
998707 76 920
998514 11 776
999896 76 628
998496 9 679
999710 20 1297
999239 94 1906
997422 36 1203
995819 24 1855
998868 44 384
996972 73 1895
998374 15 304
996103 68 366
996091 10 1511
997366 82 668
999532 37 1617
999108 81 1062
996440 47 1036
996226 61 1818
996469 72 222
995896 59 1811
999602 12 1897
999168 82 673
995327 12 51
997030 22 1143
998158 72 365
999046 23 504
996820 84 664
995567 85 589
997581 15 802
998870 68 1690
995781 33 770
995751 81 1344
996846 18 1339
995877 97 1221
998887 30 1105
998412 81 210
995813 39 12
995606 77 1692
996714 20 507
997635 87 965
997741 22 1876
997319 24 587
996848 80 1530
995993 98 1739
998567 47 1938
995741 96 981
995737 89 1490
995188 68 740
998840 83 1643
998740 44 1083
997500 95 1434
995782 73 1288
995587 52 1516
997235 66 825
999354 59 1027
998545 33 589
995226 99 253
996328 26 257
999219 46 150
996659 31 1997
995137 71 1390
995323 26 45
997334 92 16
999180 31 919
998728 60 1125
998928 39 520
995857 26 1262
997911 93 1435
998186 9 1394
996727 48 1280
995305 34 157
999466 11 1646
995472 53 586
998152 98 16
997770 26 695
997298 19 309
997526 68 1694
996831 49 1303
996973 13 13
997494 64 235
998960 98 1209
996031 50 404
996255 3 501
995166 18 869
998017 89 403
999015 34 81
996075 38 965
999891 94 858
999972 38 1368
998143 61 679
997797 77 1700
997631 28 914
996601 96 60
999517 73 1418
998388 25 448
998688 57 1261
999590 92 582
997872 41 1527
997509 19 821
995328 56 172
999612 16 1312
998126 3 769
998877 94 696
999808 63 219
999160 87 1402
999329 61 1907
998208 49 1251
998245 74 923
996318 36 1547
995024 34 382
999243 7 1412
999447 41 382
995442 9 1326
997146 78 221
997135 29 807
997791 89 327
999698 66 813
997154 44 1646
996975 72 333
995986 25 302
997240 36 678
995975 48 921
995966 63 790
995055 76 353
995508 32 937
999591 24 1690
999254 76 884
995727 33 1855
997128 45 1959
999681 45 840
997993 54 1851
997691 71 1385
996170 96 1154
995169 80 136
997329 15 409
999462 65 1979
995865 46 1681
998317 12 1481
999905 78 1177
998064 81 1262
995230 98 40
998108 59 1315
996353 87 4
996388 98 984
998010 99 1883
998884 79 1739
999435 80 1524
996444 2 69
999129 58 1340
997182 85 844
998684 50 1237
995387 20 245
998301 2 1138
998156 44 1007
996122 80 1992
999091 50 236
998342 53 473
999289 21 1156
996496 18 222
998652 33 321
998921 60 525
999835 58 1398
996074 96 874
998444 18 969
999133 38 335
996467 95 788
996235 19 1367
995681 40 655
998313 56 932
998416 87 795
999670 60 1325
999756 60 1340
997875 6 1011
995684 47 248
999414 65 1464
997569 11 673
996105 94 1145
998136 92 295
999955 63 1100
995051 42 1607
996331 36 1443
999106 30 460
998115 44 1175
996566 52 1656
998188 94 104
995818 62 1406
997371 100 610
998315 24 3
998332 68 408
999583 15 1153
996505 25 1420
996941 18 370
999196 52 1173
997892 59 1503
995346 23 1370
995624 48 276
997826 72 1765
995066 27 149
997347 95 1733
996148 44 723
996175 42 316
999570 80 872
995951 81 1299
998504 6 668
999094 93 253
996121 44 1643
995148 11 1894
998239 23 984
996818 54 1798
996230 14 1274
995295 64 1701
995553 12 1043
999177 4 294
997504 37 1545
997926 31 1835
998591 23 314
997201 86 282
998092 77 1894
995974 14 1995
996417 13 5
998334 56 500
996466 63 1671
995016 92 957
995646 52 1836
995526 16 1938
995582 70 33
996539 54 930
996045 72 900
999813 75 1565
998534 83 1293
998058 95 1691
999486 7 176
999657 78 54
996087 95 1489
998968 84 787
998160 63 651
997901 26 1950
998202 78 85
996474 61 743
999280 10 1621
998708 98 1809
999803 64 936
995615 60 1703
998917 71 448
997484 47 406
996663 79 1600
996041 81 1113
997246 93 1085
999941 22 746
999005 50 1553
997729 43 1694
995443 99 512
999147 77 1040
999919 55 705
995757 79 1219
997598 66 883
995198 58 1200
995475 2 1026
995971 15 901
998287 53 1919
997219 60 1131
995552 80 302
997250 39 1742
996724 21 1144
998795 92 1501
999183 30 492
996202 93 562
995686 58 642
998646 90 856
997441 57 1720
999887 80 194
999688 88 528
998227 42 211
999107 81 1075
997446 45 786
995162 6 790
996156 14 1591
998737 55 771
996162 91 809
998318 46 1642
996286 15 336
998876 48 587
996146 70 590
996544 58 1177
996022 71 538
996674 94 217
998879 76 1214
998370 14 644
995590 89 756
997226 96 456
997107 94 102
997943 72 1634
998012 84 4
999134 51 575
997621 78 748
997806 18 1819
996325 20 258
996173 14 330
996427 75 240
996580 2 266
999431 40 1947
995336 88 798
996487 93 130
998998 83 1748
997838 82 1049
997507 40 1463
995355 96 1522
995363 62 1192
999416 61 699
998450 75 1653
997888 61 1699
997798 82 162
999731 4 1701
999541 90 1071
995520 59 181
997630 46 745
997002 76 1565
997365 90 1531
996675 24 706
997716 47 1402
997781 78 1884
996180 37 1755
999154 65 1654
995577 75 75
999852 41 1937
996402 16 462
995273 91 886
997860 53 686
996291 19 62
997956 90 1388
995021 15 915
995663 29 858
996853 2 824
998706 86 1033
997730 40 1965
997231 78 394
997506 26 1624
996571 8 1362
997756 34 556
996101 67 952
995181 98 904
998857 43 1018
998691 4 142
998094 14 1608
996949 2 1566
995780 24 386
997351 80 1694
996548 97 335
997645 38 1022
995754 18 1355
996922 23 1895
995265 35 1142
995887 87 79
995617 41 483
996026 100 496
997300 100 484
997465 83 1115
998698 13 34
996043 36 1903
997265 19 1782
998625 32 1168
997735 29 1507
996613 13 133
999701 2 84
999616 15 934
999962 2 982
999548 51 1721
996619 11 1939
997641 41 1645
998607 18 1019
999834 38 1180
995667 40 1566
999288 67 686
998836 73 1280
999969 57 392
996927 63 873
995286 91 113
998585 26 69
995919 45 587
996582 66 1038
997521 51 42
998368 68 602
998536 44 1748
995175 20 1494
995082 45 894
999506 52 1235
995452 20 330
996374 46 802
995255 64 1504
997863 70 1959
999993 61 1554
996112 74 1629
995171 47 1648
996774 49 1165
995317 55 1804
996634 81 710
998054 62 163
999060 88 13
996288 42 881
995674 19 39
998343 71 903
996260 96 1526
998822 56 1536
999240 25 1284
999404 3 134
999856 62 1831
995926 94 1323
995570 5 89
997469 87 325
998110 72 1616
995092 41 682
996933 73 443
999839 28 783
998748 65 1797
999508 31 1273
999494 8 254
996136 8 1074
996710 37 593
995901 3 61
997341 24 1250
995766 14 1090
997677 41 283
996838 75 327
998999 70 341
998027 79 1408
997571 56 1391
999762 36 936
998361 9 641
997221 49 1621
999360 27 149
999051 94 1796
999007 20 1322
999878 75 101
999089 26 1120
999538 26 955
997121 8 1100
998485 99 1751
998616 66 304
998261 83 885
997362 26 1645
995506 10 881
995332 31 1865
998441 74 1119
995909 48 336
998654 44 101
999394 68 989
999779 59 753
996190 37 400
996501 49 1199
998252 100 677
995881 73 200
996033 15 898
995735 11 1689
999899 74 122
998316 13 939
996694 77 1503
997824 47 56
996589 94 1056
998594 19 1949
997122 44 219
995921 94 247
997079 56 8
997922 30 1242
995435 39 914
996516 35 3
996976 90 1847
997524 2 270
997027 69 1696
999782 32 1330
997144 65 785
999000 79 1897
999992 19 1417
996051 12 621
999502 13 794
995929 74 1483
998838 21 1685
997495 62 137
995863 68 1907
997545 61 146
995913 35 486
997412 73 46
995004 6 1521
998337 77 1636
998753 50 1713
998731 63 1101
997490 73 1896
999848 28 904
997302 33 777
998037 16 1204
996645 84 749
998679 65 728
995607 8 1603
995266 49 1934
999026 4 267
997530 41 638
999811 74 1085
995910 38 806
998218 80 733
998138 26 1334
995515 18 349
995778 26 1167
997550 97 1660
999128 95 1251
995122 74 541
996816 78 660
999943 72 102
999845 86 803
999661 14 1031
995252 80 1011
999987 52 1609
999343 16 637
996113 14 1724
998262 42 1910
999633 7 1958
996742 92 211
995005 98 1677
996147 57 470
995695 68 569
997450 93 1898
996630 56 520
999714 84 1725
998327 98 207
998732 46 678
998099 13 1299
999485 64 1887
996602 64 1005
995054 64 1139
996284 92 1149
997884 29 205
995852 5 1960
997971 18 1431
999024 22 1638
997694 42 1318
996337 93 1120
999175 36 1160
996196 63 1391
998387 52 1292
997522 100 1590
995839 7 1140
996546 46 481
997492 20 160
999994 72 1552
995501 32 923
999647 97 1660
996658 73 1764
998664 73 398
998045 59 592
997463 73 1774
996991 38 898
997194 91 682
999159 77 869
998217 14 1896
997134 33 1000
999973 15 1653
996228 70 1495
996869 65 941
998844 5 1323
997683 71 778
995795 72 839
998741 95 1991
995067 85 717
997751 51 237
995791 60 520
996959 13 1457
997480 43 431
996275 70 1499
999699 79 1977
998552 33 1447
996718 72 1513
995658 94 1719
998969 74 981
997710 22 385
996137 16 938
995867 78 1609
998190 63 674
997832 8 46
995838 30 1723
997728 30 1011
999017 71 1215
999310 5 193
997669 35 1106
996900 85 1533
997475 31 449
998405 71 1280
996070 8 568
998352 55 718
998415 53 1354
997345 29 48
995089 23 1941
998761 83 1219
996293 66 1417
998972 36 1530
997817 59 228
999854 26 431
997348 34 312
998907 75 1777
995268 69 1897
996404 98 1049
998065 95 1548
997996 46 233
999263 54 436
996460 81 91
999442 41 141
999875 92 1932
996060 10 839
996394 67 1853
996141 85 512
995184 87 445
998889 60 1366
997160 7 752
995715 31 363
997417 43 1660
996683 40 1331
997664 37 1798
997242 87 69
999189 86 319
995087 55 1700
997141 84 1910
996319 82 1120
995633 72 739
997271 81 300
995221 8 481
996139 89 669
996682 96 1740
997007 61 1962
996891 41 261
998939 39 671
995600 68 1217
995906 52 199
999828 34 611
998246 18 1001
998291 73 1567
998882 73 686
997151 8 471
998428 27 859
997969 36 84
999846 19 862
996624 44 909
996812 32 475
995437 48 1376
999410 10 1360
998243 35 1013
995347 91 1612
998665 65 1928
995960 35 181
995029 47 275
997086 93 1614
995033 60 150
997925 58 1254
995469 84 685
999478 86 324
996280 92 1988
997920 58 1287
997867 36 228
999745 27 1773
996974 27 1045
996788 21 889
995578 41 346
999468 64 225
997858 34 1787
997803 28 739
997765 91 273
997608 25 338
996794 5 1581
999273 15 29
998538 55 571
998933 42 1611
998413 36 704
997626 72 1596
996232 43 257
999295 2 307
995047 30 1544
997427 30 965
997083 17 1662
997206 67 1649
997707 65 1950
996389 88 338
997795 57 7
995481 5 1491
995559 90 1515
998127 42 711
996398 35 1548
997033 2 1425
996438 8 168
996114 23 1136
997309 8 1282
996072 59 398
995753 16 1965
998473 54 529
996271 24 564
996690 75 480
995460 3 1750
995746 55 1276
996796 49 1004
997657 91 1075
999274 75 163
996488 54 1121
998570 8 1355
995378 97 1541
997736 39 410
995487 17 312
998716 28 1545
997778 35 1222
995804 96 206
996995 29 779
998849 25 14
996366 26 1876
995225 85 84
998580 69 722
998153 29 716
995031 78 1805
997377 86 1721
999712 77 227
998817 56 543
995088 3 40
999151 41 291
996333 9 1118
995665 8 1155
996691 18 746
998521 57 1864
999048 41 655
995023 54 484
995108 26 621
999830 65 1917
995652 88 176
998256 16 568
998003 80 1287
998818 94 997
996960 71 1659
996419 70 1351
997727 93 1632
996344 29 469
999816 98 504
996560 26 373
997704 74 1008
998519 53 312
999086 41 293
997149 95 948
996640 48 1086
998578 47 389
998193 96 1152
995354 80 1101
996392 50 1066
996387 46 396
999464 60 415
998267 10 1730
997046 53 1475
996205 93 239
996828 92 1619
995991 58 1085
996268 32 1708
995380 37 54
998466 4 93
999206 97 1658
999488 51 259
998636 59 1140
997093 68 1090
998530 37 1324
997686 88 1608
997034 23 1018
995345 99 817
997887 50 736
999314 43 1500
999577 38 1883
997092 45 1993
997054 17 983
997963 22 700
998750 70 1074
995279 70 350
998393 72 515
999613 33 739
999366 21 1243
996594 32 603
997689 11 1855
997517 3 430
999271 19 883
998812 18 1882
995947 16 178
997472 21 1457
998499 97 142
997836 71 772
998620 14 508
995429 39 517
999893 79 1603
996958 42 520
998062 67 491
995195 99 1589
998147 59 471
995762 80 1746
998895 9 1649
996845 70 1586
996669 4 1693
997607 91 1205
999041 21 199
997478 29 1961
998658 17 914
998214 7 860
997176 68 1374
995222 82 886
997946 86 419
996079 93 766
995723 46 1715
999302 73 1871
996270 73 982
996910 99 1233
999847 40 251
997846 91 53
999752 47 1304
999746 22 189
999138 82 1767
999807 73 777
997074 6 1022
995547 85 183
997564 78 428
999915 20 1836
999995 41 1851
998799 5 1965
998769 62 502
997049 22 1857
996457 100 824
995026 23 1564
997009 95 814
995626 86 1279
998775 29 1461
997159 62 661
995821 89 635
999426 12 983
996403 57 510
997503 63 449
997277 81 923
995170 19 1774
998697 77 255
995013 3 796
998130 8 177
999088 62 1918
999902 43 1853
996797 29 1729
996615 85 960
999034 83 1991
998894 73 342
998187 79 991
995185 31 929
995729 98 634
998805 3 1868
998785 98 1107
998503 58 79
997432 99 646
997639 4 510
997907 37 637
999933 84 195
999344 35 138
996347 77 812
999580 55 1876
996118 13 314
999603 6 1287
995208 4 503
996965 96 492
995057 88 1739
995571 95 51
997433 59 568
997395 29 194
998249 56 1635
999016 50 431
999155 62 1
997591 72 485
999049 81 1847
996160 43 1465
998046 50 1323
997132 23 1174
995641 38 470
997972 48 1147
997813 79 800
999455 56 1690
997000 45 1919
998641 39 1855
996806 69 1873
999070 62 1445
997810 6 1176
996928 54 526
999944 92 488
996950 32 136
996117 63 384
999308 51 727
998401 86 738
996411 79 91
997877 1 695
997374 98 180
995262 4 611
997447 37 1979
996880 51 989
997080 81 1198
998886 62 1661
999158 59 940
997233 6 875
996700 11 994
995127 98 615
997844 36 1454
998945 19 1935
998144 96 212
995479 67 1935
999908 46 1299
995319 99 1681
997576 83 1727
997387 34 850
998848 82 1874
998072 82 16
999322 20 1337
995532 96 1744
996770 22 730
996124 71 82
998250 13 525
998948 63 465
996764 80 1017
996078 84 1811
997224 18 629
995217 19 716
999567 63 1482
999948 52 1323
999640 12 537
997977 37 1299
998839 58 266
997165 15 575
999186 80 1640
998722 93 1054
998547 63 1388
997423 90 1705
999277 45 682
998903 73 203
997814 64 1561
999299 95 516
996300 35 917
999092 61 1113
998631 35 853
996246 64 1925
998883 73 871
999019 42 1644
999332 19 1752
998426 78 673
997452 55 375
995514 19 1909
998510 63 1238
995107 59 49
996689 83 1995
996685 45 1787
995527 27 813
995814 25 1503
998424 7 1078
996537 94 1816
998990 59 389
995580 13 1430
996931 70 1418
997752 15 538
995274 15 476
999497 89 1037
995918 42 732
995145 23 1571
995511 9 677
997119 100 1490
998604 46 415
998561 5 99
995689 19 798
997609 4 1132
999981 11 1607
996459 41 392
997406 13 168
997156 80 1760
996942 86 470
997744 72 1696
996676 41 837
997953 76 1161
999030 19 1186
998117 3 56
997774 28 1001
995143 37 802
997843 41 1737
995384 30 1578
999036 18 1911
997289 38 1414
997585 72 655
999598 87 1613
999753 60 255
995306 51 432
995672 98 789
995187 68 692
995985 53 1663
995561 64 1551
995299 38 895
997619 88 1052
998529 93 425
995351 56 357
999073 50 1258
998429 8 512
999958 51 467
999708 74 766
995970 63 1932
996500 100 1044
999124 93 824
995371 36 1721
998535 61 352
999136 8 1960
997847 67 189
999145 68 797
996019 80 1671
999837 70 540
995430 81 682
997108 72 353
995412 57 704
999436 16 1275
996698 58 1580
996971 16 462
998944 56 296
999511 43 977
997870 97 1986
999810 58 473
995254 14 898
995773 58 532
999704 95 42
997556 68 656
997303 6 395
999471 22 377
998764 28 713
999456 61 1885
997663 60 816
996741 66 1763
998571 21 576
997923 60 567
997440 32 579
995476 2 403
999218 72 484
998384 24 138
999730 58 131
997725 3 994
996517 62 424
998139 70 146
996628 98 1757
995377 44 161
998806 51 858
999418 79 1217
997012 16 787
995458 96 575
999417 20 770
995592 35 427
999623 8 623
999630 9 509
997910 2 208
995114 42 121
995638 90 1226
995581 51 261
997284 56 1209
997058 34 1412
998257 78 1272
999559 23 711
996767 71 779
996815 52 137
995421 30 640
996751 37 203
999191 99 1664
999770 5 1209
999256 53 455
998973 38 795
997431 95 248
995191 48 1923
998931 72 2000
999338 7 1014
997553 22 591
995484 45 1145
997812 70 215
998213 42 708
996819 38 723
998331 98 1423
999283 15 1167
996317 16 1167
996864 58 1944
998956 16 1409
997995 88 304
995251 1 773
999432 23 1273
999045 63 1179
998242 1 1650
999716 70 1665
997516 5 168
999777 83 1913
996465 22 525
995790 78 1079
997413 25 1478
995964 36 1237
996720 32 326
997143 47 1670
999664 55 606
998235 25 1189
997192 41 344
995048 7 433
997189 10 418
996089 61 1460
996629 11 1901
999739 44 1317
995164 98 434
996789 47 1227
995546 52 940
996005 53 1873
997022 50 851
996265 89 1385
995533 61 1589
998417 13 45
998904 54 1526
999705 1 418
999703 86 924
996193 66 1288
999498 80 1389
998899 71 1317
997928 32 669
997746 37 1817
997655 80 981
996795 50 207
999556 93 635
997416 90 269
998494 73 839
997775 14 574
995146 64 865
996608 36 1526
999272 34 1302
999743 73 1402
995940 33 1786
995035 93 1943
999749 31 1828
998285 23 1310
995059 51 1179
997136 15 376
998791 64 259
999074 17 978
999585 35 972
995237 31 467
999069 73 1748
997066 78 1236
997658 12 525
998069 63 1542
998238 30 647
999755 92 84
997203 19 1743
996452 7 1620
999765 33 1164
996728 86 1133
995699 11 1098
995519 80 1408
995543 67 957
996016 81 1667
998765 34 1633
999713 51 577
995934 36 1409
996937 69 871
999190 32 1445
998798 90 476
996213 36 544
995954 32 600
995611 56 452
995236 5 1280
996018 31 1376
996847 90 1777
995770 30 1914
998456 10 25
997209 5 1813
995045 23 961
996383 11 1858
998718 84 22
996913 67 627
998526 84 1115
995720 13 969
996876 30 1014
998309 69 280
998623 46 1463
999139 61 1984
999938 86 767
997982 29 643
995776 83 116
998666 58 1999
995783 95 1677
998885 68 124
997590 2 252
996259 100 777
999391 69 1962
995213 82 1118
998050 64 1071
997745 51 858
995840 65 1947
999721 29 728
998464 45 166
997780 2 1056
997179 12 1158
995979 45 871
997057 36 1643
999248 62 1368
997317 48 730
996851 51 1426
995801 12 1498
997865 52 1721
995474 46 1414
999649 78 7
996001 21 1339
999595 78 186
995428 9 1281
996635 49 1604
996506 25 174
999472 74 55
996746 4 899
996627 97 577
998366 100 1464
998579 77 938
997649 16 1135
998323 92 946
997190 61 1374
997671 35 786
996875 54 1632
995307 44 1572
997674 5 1328
995432 59 1357
996524 5 1335
995061 62 374
996130 63 870
998459 78 1877
996547 99 682
998603 33 565
999690 97 171
996578 96 1115
998638 18 1945
995902 20 1466
998105 14 1633
996740 69 1531
997435 56 1402
996743 59 92
997342 37 302
998409 92 257
997493 77 1469
997419 52 1040
996321 40 89
998800 41 658
999759 68 395
996888 67 1896
997428 97 24
996191 60 274
996203 60 1566
995593 91 950
996215 62 1372
995939 46 367
997606 76 1210
996277 68 712
997580 5 734
995078 86 558
999398 3 204
996907 14 374
998445 89 625
997964 53 338
999163 84 1986
999805 44 646
995309 12 1861
996261 44 1672
998358 60 864
997918 67 986
995160 8 1157
996872 49 1364
997750 31 111
997106 28 259
998586 69 1677
997874 50 1870
999098 82 250
995907 80 1480
998758 85 1208
997975 63 1667
996305 56 710
995787 33 1917
996179 35 664
997767 57 530
997693 6 1069
998562 7 150
997527 96 465
995679 40 154
998772 33 541
999459 91 1456
999057 10 1498
997981 10 215
995253 11 1466
996171 34 288
996315 9 1087
995289 82 1798
995275 50 1424
999819 20 115
995650 80 144
999695 71 118
998148 25 1562
995362 49 1040
995454 85 1498
996873 63 585
998926 60 1338
996240 21 89
995502 53 531
995799 52 91
998600 42 1772
995172 65 481
997380 63 953
999618 28 1632
996011 21 795
999166 66 1956
996158 52 1957
997028 41 305
999199 85 765
999197 92 828
996569 3 1121
996071 70 1990
996514 60 1030
998898 5 786
998588 6 1188
996341 57 1678
995342 58 739
997719 77 997
996030 91 1861
998720 20 1234
999978 66 1807
998492 89 295
997183 76 695
999448 7 330
997006 87 1182
996161 69 593
997391 82 204
997864 77 1808
997612 6 336
997929 39 1011
999961 37 1355
995485 94 1045
995120 56 1071
996217 44 421
997376 91 1732
996111 73 805
999534 55 766
998425 1 1661
997841 85 840
996945 21 104
999929 94 766
997340 17 51
995072 38 1340
996061 90 1856
998923 13 307
997031 69 1562
995093 7 1963
995841 3 1181
997709 28 1747
999150 91 1106
995410 53 111
998142 98 1254
995856 24 597
998657 56 1179
996867 52 1583
998815 87 672
995109 34 642
996477 23 526
995807 75 1559
998685 81 81
997769 90 855
998554 19 1668
997959 50 1267
995141 78 631
995639 70 1157
995685 9 1068
996289 70 1593
998832 37 102
998935 32 198
998687 78 1888
996093 8 471
997978 87 1822
996254 35 522
996025 79 1546
996729 24 1100
999300 2 1464
996342 35 465
995419 17 889
997072 41 744
999645 88 430
998294 20 1220
999624 7 175
998476 68 812
996169 53 45
995888 98 852
999826 41 324
997130 11 1043
995126 69 1196
999373 96 257
996346 100 708
998642 41 116
998686 12 1469
999018 95 1504
995503 26 1967
998566 71 200
999802 17 1652
998729 69 75
995494 76 225
999291 36 998
998070 2 1865
998132 16 1029
998081 39 557
999727 21 413
999285 69 1726
997063 42 144
997830 66 1596
999269 95 1254
995365 83 1160
995335 81 3
999126 35 472
999766 13 1187
997648 28 1353
999817 75 1808
997071 34 1453
999711 43 1040
996281 31 1207
995854 59 298
995154 12 369
999205 48 551
996889 77 119
998695 16 1715
996779 68 1031
997381 8 1340
999064 62 1177
999246 28 40
999311 64 1438
996771 26 1268
998178 83 1956
996017 70 233
996209 39 241
997616 86 1058
997747 63 801
999411 54 940
997948 95 37
996814 24 1314
998211 29 1304
996106 83 1761
997322 47 338
997152 4 310
998082 61 885
997690 64 1845
996661 98 1115
997551 20 542
995761 1 1462
999075 66 1473
997915 70 401
995973 23 1300
995288 36 468
999831 56 16
995504 83 342
999581 32 1501
997667 32 1989
997758 63 705
996914 37 99
997394 45 428
998637 65 1306
997983 75 1527
995989 96 258
998271 31 305
998194 96 726
995366 49 1559
998073 53 1823
995434 54 593
995292 63 207
995963 33 405
997442 63 1186
999208 94 315
998966 89 1520
999412 82 1129
995859 93 679
996597 33 386
996172 62 1139
995827 63 610
998910 99 1911
998440 61 1878
997211 34 1073
998052 42 380
998204 58 882
998270 80 1455
998667 15 1940
998544 96 991
997261 98 1246
996176 81 1944
999117 54 565
995537 77 1916
995983 27 761
996791 23 154
996829 87 1389
999827 60 1314
999604 96 433
996373 78 1277
999441 15 1941
998581 93 303
997225 6 1937
998439 54 852
997788 68 960
997314 97 2
996447 68 55
995060 5 1634
999481 60 1431
996220 47 1580
999735 15 1297
998833 88 1773
996423 11 1549
996673 58 491
999833 95 698
995210 69 562
996841 21 604
999010 50 365
999281 86 1158
995291 64 1775
997748 41 957
999004 30 1682
995725 42 367
997263 11 918
995364 80 988
998247 26 10
996063 94 1712
997818 100 432
996551 83 1794
999245 13 1690
996004 49 868
996654 84 1775
998260 9 273
996754 67 1246
998719 97 1107
996092 87 1106
997496 73 200
999306 40 1878
998283 30 1962
995882 33 874
999622 56 716
996370 69 844
997793 26 1291
995845 33 467
995401 10 423
995301 99 1872
997292 69 1310
995456 30 113
997449 13 1270
999565 10 177
998023 41 321
999672 89 1064
999078 12 9
999047 8 1571
995812 60 215
997393 94 710
998430 93 1124
995457 73 1748
996688 78 758
998478 73 913
999549 51 573
998606 50 1723
997542 17 285
996762 3 1180
998866 96 1176
999821 80 459
998773 21 350
997236 81 1934
996647 83 1196
996058 97 1235
995272 17 1382
997266 9 183
995724 30 5
998468 29 1127
998396 87 493
999350 50 57
999228 32 1171
998181 23 1098
996263 68 922
998615 57 985
997076 64 10
997153 4 28
996221 19 877
999643 43 268
999895 32 1656
996359 100 534
995409 66 854
998263 58 741
995113 93 588
995207 37 1228
999452 91 1865
999650 59 1785
995316 61 377
996257 25 1222
997623 50 185
995756 32 194
995562 49 1953
996519 10 201
996145 64 612
997851 19 1514
996759 76 1951
996009 27 1473
997337 85 1636
997138 25 1901
997586 75 1555
996670 100 825
999555 88 1930
996324 99 205
998199 70 1427
999489 84 1006
999864 86 1541
996839 97 249
995742 97 419
999825 35 1634
999323 17 933
999028 3 812
998613 86 722
997597 68 1015
996064 47 431
997834 59 1083
998626 32 1068
998176 11 290
995030 5 874
997992 15 1098
999241 85 410
998850 92 1444
998682 75 1559
999763 59 151
996550 35 1659
998278 92 1905
997731 17 1515
997084 37 479
996840 48 145
998784 53 533
997523 71 980
997445 47 1492
998681 31 4
999934 61 1620
995833 8 1999
995333 35 1333
999776 63 1040
997544 97 1523
999949 22 274
998582 25 1505
998515 62 547
997010 5 1935
995952 52 1243
995925 69 1312
996800 41 1051
998670 64 1921
999476 60 1777
998508 23 252
995411 67 1053
997036 84 1482
997385 31 1850
997909 64 1303
997647 12 1613
999522 14 162
997980 4 526
999626 5 771
998306 28 759
997356 8 337
995398 16 98
998712 34 111
998992 24 1406
997035 36 165
997306 8 505
997955 22 260
999270 66 357
996368 52 766
997346 12 485
995575 2 1281
996541 46 1292
999149 14 1574
997120 56 1561
999266 55 1567
996472 11 438
996299 88 1521
997577 23 1831
995440 10 1490
997811 29 1789
997696 62 1421
997695 12 1834
999702 32 397
999629 80 915
996967 77 1608
999276 31 234
999105 73 61
999910 26 1577
997248 35 278
998908 7 1892
998705 71 1724
998873 24 1144
995150 94 1246
997424 26 1999
999188 38 1866
999389 90 829
995917 35 1294
999924 59 647
996823 87 1833
996963 82 388
995941 43 1134
995174 76 1747
997297 13 1167
999575 65 273
998660 64 1274
997082 4 561
998675 85 1401
996200 16 275
998762 75 1232
997369 70 415
996120 12 371
999212 91 1105
995156 93 1575
996554 22 992
996149 59 183
996572 19 1354
995499 21 1975
998427 32 1634
997455 73 727
995800 48 1376
995278 35 932
997589 63 1707
999454 69 1952
995190 38 540
997116 89 94
995453 82 1814
997113 31 1102
998079 36 10
998501 46 1672
995798 84 1669
995450 81 869
996174 39 271
999500 55 1711
999290 69 258
996992 98 330
995360 55 455
998085 60 952
996606 95 1047
997646 24 291
997592 80 1416
996301 87 666
997941 87 981
995069 25 1701
995361 97 876
996165 39 1985
997281 9 1356
996861 80 1630
996068 84 1667
998290 13 939
999669 18 423
997315 58 1451
995557 30 1574
999109 64 54
998803 51 651
999225 26 1593
997282 49 1631
996015 64 83
999235 26 1309
997868 36 84
997636 19 768
999413 79 612
999336 55 1367
998279 5 34
998414 48 15
999467 54 75
998909 95 1700
995132 91 274
998168 6 959
996990 89 944
997397 45 769
998457 78 540
995811 67 1260
998985 23 903
999968 91 1993
996234 35 453
998542 94 1972
998842 11 440
999039 81 645
997789 83 263
995923 18 1656
995422 41 1505
995505 95 1291
995588 25 450
995110 80 1250
999855 49 21
995009 18 888
997089 12 991
996062 86 322
999748 9 1220
996077 40 739
996401 98 1079
998289 54 425
995623 26 1065
998961 77 1737
998590 97 404
995687 55 435
996592 14 634
999357 58 795
998198 18 888
999475 82 618
998353 61 1017
996886 40 1663
999100 92 87
996225 77 1008
995041 9 1467
996204 17 38
998225 61 888
997502 48 53
999080 41 1521
997573 26 1933
995733 95 214
998034 65 830
997957 84 780
995386 86 1713
996439 29 1492
996996 61 1957
997912 6 1807
995010 86 1486
999923 97 461
995601 12 1520
997032 98 630
995568 22 1086
999999 52 1516
997976 55 560
998107 86 209
995203 33 346
998950 19 1621
997253 97 488
999193 67 78
999792 89 1172
997763 23 1774
995708 38 37
996495 4 1274
999127 80 1458
998000 63 113
996832 31 1056
996844 48 405
995243 100 1105
998924 74 977
996247 21 720
996279 27 787
998891 12 227
998151 72 1306
996498 43 175
997839 93 315
995103 33 232
999215 43 1699
997936 62 443
999390 89 1488
995796 6 188
996722 69 1476
998442 59 263
996006 69 1563
997354 39 1590
998077 32 1301
997900 32 1810
995383 8 602
995131 37 623
996133 100 1606
998295 42 539
999340 91 836
999607 80 1513
999162 100 1939
999359 4 683
998583 59 940
996140 62 1271
998512 14 601
996436 80 520
995853 93 1211
995748 9 1646
999874 7 748
996034 33 1794
995924 35 350
996252 99 1795
999008 74 593
999125 34 708
995647 36 1849
997578 23 1164
997574 89 1245
997850 26 1804
996735 81 1486
998915 67 1561
996765 92 1407
998851 59 1246
998284 29 632
995220 12 1046
996652 35 894
995826 75 1139
999537 16 1311
997893 99 335
999560 40 1070
995602 20 1189
999860 97 893
999775 99 586
997515 13 542
998821 33 297
996418 41 855
995728 83 718
995531 39 285
995178 18 566
995768 17 49
998735 36 1894
997942 36 1887
999351 50 1377
997688 46 1372
999558 27 114
996836 22 1491
998149 19 791
995180 17 1745
997085 6 864
996540 40 1071
995517 85 164
999794 91 226
999132 16 731
998179 62 184
998232 85 1707
999112 26 368
998621 77 1191
999365 97 305
999809 49 203
997104 27 747
995536 28 276
999282 93 1013
997935 56 280
999419 48 152
996929 3 1691
995705 32 1842
997299 25 201
997960 97 1775
997439 49 1972
999610 38 1440
996369 30 490
998484 32 697
998281 76 1063
999932 53 374
998479 93 401
997740 92 478
995211 9 1010
999491 76 427
995062 62 748
996924 6 1987
997871 56 1249
996881 92 929
996649 95 1976
995403 13 899
996646 21 682
997234 90 1320
998367 48 1806
999642 49 1793
999843 73 827
995473 94 1663
998683 85 161
997238 5 1775
999385 12 217
995449 57 1308
997021 49 1447
998809 73 1002
998859 14 1688
995280 27 1935
997458 86 432
995802 90 42
999540 41 1254
999370 80 186
999740 47 1997
999791 1 556
995201 53 233
996249 88 773
998341 54 720
996892 74 500
997794 56 1057
996332 72 166
997572 73 1064
998634 81 1522
998100 68 2000
996123 15 1143
999980 37 335
997483 85 211
995192 65 1327
996002 75 814
996642 19 1686
995173 4 444
997779 26 1125
995099 7 208
998119 27 1951
996168 68 1231
995073 27 909
998210 36 692
996314 25 1049
995311 47 463
996997 49 1096
996208 22 267
998974 19 1152
996425 22 1420
998296 36 1963
996109 100 959
999985 31 1451
998846 47 764
996802 93 1730
998091 32 1797
999339 89 126
998673 99 1196
998394 93 1217
999020 24 1777
999408 43 815
1000000 30 1678
996687 61 357
999341 1 362
995890 89 859
999153 17 459
996590 2 17
998602 54 598
997986 30 1909
997743 13 1143
995406 33 1005
996028 82 1171
997916 20 1021
997444 45 1164
997451 87 1363
998830 56 125
997768 32 1301
996437 60 59
995404 36 1113
997133 89 1586
997898 14 1193
998410 4 662
996110 68 1147
997388 32 1260
995119 35 1555
999747 9 767
999327 92 358
998696 31 709
998254 60 1261
998180 3 1381
995423 98 588
996549 92 1397
999510 64 498
996701 18 1168
995671 32 1297
996084 81 1252
997991 60 680
997343 71 561
995943 47 1499
995534 68 544
995052 74 1494
998026 91 1233
999438 80 785
996163 16 1353
998340 84 1770
999185 1 1561
998557 59 719
998407 55 1283
995996 15 1564
997974 2 174
996737 10 824
999509 25 591
995277 25 1277
999865 81 221
995339 88 1132
999527 32 1913
999207 93 1518
997637 85 644
997288 71 294
995369 14 1573
999349 37 1532
998726 51 1217
999991 75 1301
998472 69 1315
996984 58 1091
996416 91 619
996964 40 1515
996978 9 207
998727 46 121
997448 76 635
996595 2 1925
997840 18 1108
999652 52 1682
997064 38 392
999615 79 916
999355 19 594
995990 33 1172
999668 88 567
998135 1 329
996822 55 1202
998354 11 1874
995003 51 1334
998216 39 1743
998500 10 1871
999637 90 426
998941 66 626
999257 39 877
996269 60 838
996633 8 343
997239 80 1915
995550 67 1842
995507 94 881
997582 4 908
997717 92 1382
997878 52 957
997807 1 963
996598 45 1679
999720 71 163
999072 80 590
997048 4 765
996399 67 223
998293 3 56
999384 22 866
997321 24 778
995138 98 488
999927 77 570
998556 59 1305
997714 35 949
998171 51 1262
998452 14 1765
997052 69 397
996098 26 775
995313 55 876
995915 56 1126
995969 72 23
996952 52 658
997047 94 1330
995071 65 1070
995878 7 1744
997023 98 1997
996749 97 1737
999223 31 1919
998854 100 1033
996073 97 1114
998403 93 1782
996821 87 722
999736 15 1633
996461 66 1370
995709 34 1396
997075 77 648
998617 46 546
997139 28 80
996915 12 972
998155 30 1523
996206 28 756
998964 7 375
997721 53 1461
997796 57 1587
995898 85 812
998587 84 1136
995218 9 1756
995219 8 1059
995241 89 1899
999319 3 809
999651 39 1052
995889 33 1271
996620 73 1974
996755 45 1395
998067 31 186
999483 94 1996
998015 7 499
997558 27 548
998467 42 358
999372 32 1828
995020 12 1028
997275 91 1288
995258 56 855
999771 91 1920
995914 42 999
998164 8 551
995296 6 524
998790 23 1347
996987 87 1042
998150 80 1744
996164 87 336
996351 46 969
995497 68 920
999750 71 1904
999684 98 1513
995755 34 917
996825 6 112
995257 50 1639
997917 22 1779
997109 79 1094
997809 5 1800
999504 96 916
998169 35 1197
996896 96 1926
999520 6 1620
998747 50 825
998093 79 1584
995584 20 565
999027 81 249
998959 57 1602
995916 62 1079
998145 21 1249
995771 55 1159
996711 94 497
997264 17 1853
997761 34 163
999818 18 258
999677 68 1359
999434 61 1186
998237 87 162
995015 92 1186
999571 6 1417
997212 39 1320
997045 72 1867
997384 31 276
996533 33 552
999211 68 1293
999474 62 1873
995077 84 1310
995196 26 604
996481 14 12
997274 74 1994
999625 1 760
999984 98 219
998229 77 637
997914 59 717
998274 89 1009
998627 32 876
995828 76 150
995612 80 553
999148 84 1043
995908 5 142
995621 52 1691
999890 60 912
997511 43 1592
996476 52 1461
999977 79 1222
997617 36 1903
997305 30 779
996835 43 227
996657 86 1758
997272 47 1546
997908 23 1015
996650 12 1515
997665 6 183
999600 66 113
998128 86 928
996036 66 1366
995849 34 1676
998203 9 1515
996878 71 1265
999662 13 1999
999918 59 763
996955 39 1199
998610 74 1326
999536 67 767
996562 65 571
995855 28 1386
998768 94 1092
997560 93 1099
999789 69 904
999463 28 1541
999425 85 568
998011 94 901
999284 82 725
995899 51 613
999823 32 1034
997738 78 121
995263 16 978
997990 44 1562
997042 33 685
997208 37 1690
996904 63 525
997411 1 760
999298 87 1167
999967 59 1795
995619 2 1267
995115 25 121
997879 68 676
997312 14 1234
997835 83 1970
995968 14 835
999526 22 1241
995510 10 470
998752 69 1054
999423 44 1534
997409 25 195
996553 27 780
997559 93 1095
999744 14 821
999022 97 1952
999840 20 1956
997098 4 1779
996757 83 1874
997357 83 1739
998777 60 1434
997185 25 1154
996726 84 1561
996499 24 836
995942 2 415
998221 96 1248
999960 2 546
997339 59 283
998080 22 1559
998669 88 252
996885 21 82
995388 74 1259
995199 75 1931
999751 29 554
998709 3 1050
996938 46 1725
996378 60 239
997786 58 1736
998967 66 122
997396 87 474
995065 93 466
997091 40 1611
999040 54 1600
999084 25 1461
999646 89 209
995957 23 563
999634 17 38
996256 26 1077
999697 83 11
997105 82 1919
998453 12 501
995982 94 1716
999202 75 1786
997660 23 42
995820 60 1134
995634 67 1496
997924 71 1250
995691 9 374
997390 18 968
996054 51 1581
997090 75 28
998431 69 396
997856 83 531
997181 89 706
999946 71 1489
996210 28 1686
999006 30 1094
995716 94 332
996400 48 29
995980 10 848
995297 75 1597
999120 20 855
997163 46 1740
997243 43 462
996784 89 1119
997853 43 1660
997940 17 1791
997883 73 1862
999479 38 1547
996511 81 87
997338 56 343
999251 12 658
997520 59 608
996905 53 1728
997713 59 189
998406 49 593
996747 65 419
997200 48 1740
995467 91 1295
995978 94 549
996939 36 139
997223 48 1613
999044 77 1770
995246 67 1590
997056 86 1304
996367 44 155
997168 68 5
996599 5 1844
996237 33 1130
995541 49 861
997896 9 1498
995008 63 1197
998336 76 1204
997373 26 824
997059 66 548
998319 91 1027
995701 1 1673
997540 39 396
997333 20 1472
996435 66 812
998111 96 805
996536 30 212
997755 7 1821
998325 74 1131
995894 37 822
995873 38 539
997103 28 267
999169 64 1610
997949 91 560
999184 3 745
995139 35 832
997819 55 297
996680 80 1004
999773 8 250
999849 1 1621
998389 5 1125
996834 60 584
998377 61 1162
997742 7 271
996302 57 243
998381 94 1650
995205 29 1296
995204 31 911
999067 85 589
997301 54 1031
995738 8 68
996264 7 1632
995645 71 1607
998173 33 279
999114 79 1619
998483 30 1922
995879 70 1154
996611 35 1200
997568 36 304
995372 23 923
996142 72 311
999053 23 1529
999876 55 687
998373 80 1318
998277 46 1505
997429 100 788
999904 68 13
998184 76 1408
996222 93 1385
998458 71 508
999706 25 643
999374 54 176
997129 28 1004
999582 71 960
997477 34 42
997899 29 903
997304 92 277
996384 81 476
995493 17 1148
998991 13 65
998746 84 902
998122 40 1947
999369 18 1736
997438 21 855
996057 12 80
997895 46 4
998460 70 962
995932 2 558
998827 58 1930
996686 85 332
995597 77 1423
995551 27 250
997666 61 629
996360 24 381
999227 22 368
999627 23 1659
998059 74 1583
997349 17 392
997829 79 1506
998929 56 266
996936 97 1938
996272 90 1634
996227 60 843
999503 58 1347
995793 77 160
997889 91 1168
996049 33 429
999170 57 1983
999097 1 1728
999729 19 648
995337 70 701
997310 50 253
999912 32 1127
995524 8 45
997131 23 1200
998632 55 1658
997633 91 315
998248 77 614
996446 66 552
999930 92 574
996348 53 469
995393 75 1455
999217 76 1995
995370 98 236
995028 41 257
996421 18 289
995830 11 50
996066 99 1668
996766 86 1474
996100 57 571
996099 63 1354
995874 24 991
997514 13 1764
996393 71 256
995789 87 1919
996921 2 418
998036 23 1947
995193 90 30
998549 61 1151
996758 28 1212
997632 60 1361
999195 81 390
997932 95 1340
995903 75 1321
997110 80 1731
998702 33 1509
997945 60 1603
997989 52 1233
996575 31 1033
998131 34 1088
996449 79 776
998338 30 1709
997885 76 193
998364 54 736
997939 71 51
999601 63 73
998009 63 544
999143 53 193
995740 98 1510
999689 17 1225
999142 55 1009
998749 58 266
996473 81 1719
998006 85 1733
995603 80 1275
995871 22 442
995424 57 1788
996512 2 2
997933 64 214
997013 96 1934
995234 97 494
998927 42 1424
999379 35 1979
998537 36 757
999682 52 871
997855 46 1554
995822 88 1121
998286 95 586
996830 50 1407
999262 20 994
998078 27 958
999102 30 819
995105 61 1553
999988 36 743
997600 62 1386
996509 43 312
996489 97 1758
995722 22 1576
999635 18 1415
996243 40 1464
998794 26 607
995017 43 1878
995486 83 973
998328 58 717
998573 69 849
999655 67 1126
998677 21 956
997821 99 133
999220 41 1720
997383 37 116
999514 5 1823
998807 82 1005
995698 71 343
995471 28 1289
996382 42 608
998021 37 1370
997186 84 1896
997678 82 293
998847 34 880
997538 44 1794
998322 55 261
996020 5 570
995094 80 446
997117 81 164
996484 58 132
998560 42 627
998629 20 204
995391 14 274
996135 73 1699
995439 99 1986
995875 9 278
999956 83 795
996753 90 818
997307 26 1553
996637 91 869
997237 36 1096
999233 17 575
998892 25 1318
998564 18 1104
996583 85 1332
996568 44 1222
995949 30 1654
997262 66 1500
999663 23 388
997726 51 1070
998220 14 914
995353 78 1513
996320 87 1040
996154 90 294
998633 17 1554
996693 91 693
998644 34 551
996405 78 743
996946 76 1157
999947 45 1170
999769 72 154
998025 58 681
995772 20 1897
996653 49 187
995661 20 507
998661 13 1442
998540 12 1010
995098 56 1333
996591 37 1400
997364 8 992
996454 5 2000
998365 10 334
998596 55 1290
997188 23 138
999990 44 250
998918 69 330
999605 64 1832
998400 66 770
995702 22 313
995604 86 769
995083 5 1633
995745 48 828
998900 48 1828
997293 11 1522
999543 49 1275
999095 43 1517
997625 2 1443
998548 90 971
999733 45 897
997782 46 1038
996731 54 594
995528 92 520
999546 46 283
998014 1 181
999361 52 1408
998422 61 597
998820 89 1957
997193 76 954
996865 88 1648
996563 29 430
995373 76 1018
999966 72 1564
997854 50 651
996304 24 967
998601 53 485
998576 56 317
996391 31 565
995314 15 422
996707 24 1360
997267 51 1329
999572 4 1231
999674 43 1475
998843 70 14
997210 89 32
996981 58 547
998104 85 163
998043 9 250
995717 75 1521
997115 80 1944
995490 72 1986
997017 98 547
999685 25 110
999687 13 344
995659 3 1300
998546 56 242
997125 58 1309
996502 34 421
999377 90 384
999587 81 1068
997202 36 1301
998298 28 1265
998471 21 955
999275 44 143
995972 68 170
999774 7 1237
997155 16 1056
995040 70 1988
995420 70 1179
995680 69 343
995102 13 1299
998258 75 1963
996242 34 919
998981 17 1737
995640 74 1334
999407 53 1998
997332 19 547
998804 30 72
997903 5 113
997404 20 1376
997962 31 407
995688 39 1313
995539 69 1026
996954 91 1247
997698 80 1431
999959 21 1750
995535 81 288
996696 17 1693
999780 82 1230
995302 54 467
999778 37 1933
999382 43 1733
998488 65 1890
995743 51 612
999278 65 507
996792 51 1152
995815 57 1268
998550 7 1714
995844 27 1338
995235 65 1363
998101 72 1380
998595 55 1977
998118 59 1413
997702 83 322
999301 14 1884
996236 87 303
998880 27 933
996010 38 1698
999870 78 873
996750 29 581
997999 36 1062
995897 60 87
997497 98 730
996651 64 1558
997392 60 1416
996786 44 249
998754 68 664
999144 37 1217
995209 30 1025
995928 75 427
996199 90 1802
997601 96 826
999573 45 1071
998835 54 358
995589 38 1668
999903 22 253
998433 40 347
998934 74 1447
995151 72 1894
997685 87 229
998858 22 1042
996679 69 1785
995228 42 1486
997044 62 671
995416 25 1142
996793 40 645
997897 59 1563
999237 90 770
999599 69 1002
998724 3 1091
999593 85 54
995400 23 1697
997958 17 670
999110 65 76
999584 91 460
996525 99 40
999725 71 48
995911 90 603
995959 93 1798
999001 39 218
998042 36 1069
995558 12 1056
997466 14 1161
995594 95 783
998226 98 695
997722 83 1763
996890 15 877
997618 46 1632
998619 24 813
998449 9 465
997230 22 1332
997947 73 1204
995775 57 800
998936 2 936
998018 54 74
998622 8 785
995002 11 1646
995394 9 539
998829 85 1131
996581 8 447
997828 57 1497
995130 18 403
999648 37 905
995414 72 1182
999265 11 1820
996799 52 747
996610 69 908
995330 94 304
998056 43 1964
999597 5 652
998047 59 1892
999841 98 210
999554 92 1826
998733 15 477
998347 67 1853
997415 30 1316
998543 50 314
996102 41 1306
995259 7 1664
999204 30 446
995521 70 1469
999250 79 1865
999989 51 1831
999631 15 440
999542 92 1149
997777 5 1184
996999 87 1957
997634 69 1422
996513 57 393
996605 68 306
996733 19 830
997175 91 935
995945 82 1271
996956 48 1313
995310 57 1249
998734 97 369
998385 34 724
998551 48 1501
999386 48 1129
995744 59 1471
998470 11 1956
998776 61 1035
998375 39 776
995390 40 375
996432 28 1760
995912 95 1812
999381 97 142
998533 42 1579
998197 92 920
999152 14 1430
996833 11 1042
998742 59 1890
995118 79 1917
995408 8 1315
999320 47 1293
995564 68 1995
999176 69 345
995407 74 1481
995202 51 400
997078 58 1673
998303 82 1227
996428 39 424
997715 10 1423
999976 22 1260
997402 55 1582
995018 90 1232
996056 69 157
998399 57 1881
997220 29 1845
997123 88 1334
996081 43 821
998455 20 1764
996702 37 1771
996708 99 44
995950 65 1721
997732 30 944
998692 80 1033
996709 29 31
995395 35 1604
996258 58 1362
998183 44 1380
999236 20 32
999820 12 713
997848 52 13
995495 83 357
996478 60 411
995197 54 595
998395 65 1664
997260 69 1439
998344 84 1539
996893 34 406
995125 22 1013
998305 70 1174
995215 35 1188
998240 89 1282
996153 92 1150
999397 72 1666
997566 21 766
997808 58 647
999216 6 1275
996282 42 335
996790 62 1396
998592 14 1817
995718 36 1714
999787 81 1440
999171 80 58
996035 18 1382
998259 80 552
997094 44 1511
996538 12 530
999880 80 497
999493 29 19
995343 42 767
995843 52 138
995399 99 1661
998404 7 278
998690 21 876
996810 83 1965
995461 10 1899
998988 5 533
996979 45 915
999869 71 150
998694 40 1050
996214 66 337
997147 51 1217
996982 47 1964
997096 60 719
999617 38 242
996167 24 867
996622 55 912
996349 89 547
998609 35 101
995769 92 482
998236 14 1641
999121 99 168
999533 91 1948
997166 64 1637
996303 89 1587
996310 5 819
995967 98 156
999964 89 1832
996396 43 1233
999638 61 1625
998608 51 1859
999877 69 653
999315 46 1240
995946 37 161
996526 70 856
995920 72 1285
996969 86 923
995233 71 317
998912 90 1151
998714 5 1497
997620 70 1048
997754 15 50
999009 54 1383
995482 32 1925
998522 90 447
996768 86 1297
997659 98 1718
996874 87 1184
998321 48 108
999913 40 1077
997460 44 600
995694 33 251
995281 74 1824
998447 5 442
998075 67 780
999557 85 1904
997443 51 1463
998605 55 951
997764 91 1966
998167 28 1818
996570 61 700
999167 74 1744
998771 18 1444
998647 88 934
997823 90 1869
995614 98 1818
998801 69 1304
997077 30 386
999292 6 946
995123 22 1275
999507 2 252
996138 3 429
995861 85 198
996083 78 1504
996763 4 362
997405 27 1468
999742 74 1403
999401 73 72
995498 94 826
998307 3 1558
995415 77 1003
996988 14 103
999337 73 196
995128 34 901
997015 68 667
997499 50 33
998558 79 1749
997583 93 105
998297 75 1838
996681 85 303
997111 86 186
995136 3 393
996032 68 66
996458 59 58
996643 28 978
996027 36 738
996918 86 446
999179 36 523
995283 88 582
997638 93 132
999790 52 1547
996866 68 1268
999473 76 232
996579 69 807
996943 41 963
998095 81 691
996266 91 2000
996721 81 1230
995245 25 724
995586 75 1475
995825 55 1264
996855 81 496
997140 63 788
999906 67 469
995491 21 908
997904 30 1496
996322 49 1566
995872 21 1361
998219 98 1253
995324 72 1575
999544 36 267
996970 65 1035
998090 61 804
996424 38 1013
996639 42 899
996887 89 995
995656 96 1650
999293 80 1763
999077 41 1223
995402 66 700
999111 2 150
996406 13 351
998774 74 851
995488 29 239
997985 30 1699
996456 26 1388
996508 60 625
995785 84 1582
996776 74 705
997653 30 1227
996808 84 146
995133 42 988
997294 88 772
999525 16 1561
996007 92 1745
995267 33 332
996371 88 393
995682 99 209
998745 91 1713
997881 89 1055
997988 47 1847
997004 87 1095
996365 41 1080
998872 42 589
996736 46 1695
996253 99 764
999931 100 1091
999561 38 794
999156 95 1355
997468 82 1531
998044 19 1164
999798 87 1727
999551 33 37
995573 48 1801
999173 87 418
996013 93 660
996198 85 1966
999146 47 1577
998230 38 316
996534 62 1433
997547 5 1305
997353 83 1262
997051 66 216
998088 36 607
997258 41 292
998518 26 40
995147 12 1965
999574 28 1435
997604 96 1341
999294 16 612
996216 67 321
999482 16 1540
997378 39 1560
997822 63 1625
997251 4 442
995884 67 1787
998363 85 172
997003 72 346
996059 74 1751
995338 22 1975
999353 22 589
995653 42 30
995824 8 1737
998680 13 176
997053 77 503
999484 51 470
996490 15 1561
995948 58 1043
997025 39 1743
995713 34 1310
998068 38 1320
999892 43 1646
999330 51 416
996492 99 1583
998420 26 1394
995189 15 235
999461 33 1033
996604 83 120
997038 59 1108
995599 87 1763
996957 79 147
997820 4 1467
996809 2 390
996464 62 1070
999345 54 627
996503 46 72
995805 50 1933
997326 65 1220
996127 75 368
995244 57 1825
998520 86 800
997804 44 1098
996940 20 1465
999529 91 1191
999998 8 1994
998489 85 934
999862 4 1447
998919 59 1560
996704 87 1991
997902 32 921
999594 38 1568
999422 24 674
998611 18 1860
998397 22 1645
999921 83 376
998951 80 318
999230 83 301
999081 82 876
996297 60 874
998380 45 33
996186 9 344
995081 79 1696
995703 91 955
997753 34 145
997367 48 1971
995356 52 1024
998480 89 502
995455 96 1134
999309 39 1974
999621 56 811
998986 93 1646
996664 54 478
999286 26 1590
995988 41 1204
997876 13 348
997065 59 539
999131 49 352
999409 96 141
998482 38 1650
995046 5 348
997961 40 1797
999182 6 1275
995905 63 80
995981 46 1826
998563 33 1035
996712 46 1960
996695 66 290
997970 53 627
996231 94 805
996340 74 44
999364 60 427
998383 62 984
999853 34 1519
998411 49 1577
995049 39 1831
999056 45 72
997532 59 1438
998648 6 731
997676 12 190
997857 62 1344
995034 55 217
998436 11 333
995038 63 1236
998635 2 1320
996909 51 420
998007 16 156
998913 58 1626
998517 48 940
999226 74 1938
995842 95 1339
999424 93 1673
997859 54 181
999213 15 1705
996126 67 1762
995168 56 1747
996962 49 1489
999975 6 155
998943 81 362
998502 16 54
995962 79 631
999038 49 1296
995308 12 954
995542 46 1457
999321 4 627
998362 82 422
995632 19 1641
995014 38 987
995523 53 1673
998175 67 1802
998060 53 705
997508 73 1855
998113 40 1079
995750 5 554
997205 52 1599
995212 77 751
998304 65 1441
996561 89 1675
997966 93 1730
996132 68 1394
998532 99 1458
998022 18 241
996542 65 1107
998995 58 19
998398 74 1772
999267 39 1966
996283 75 1635
997595 56 651
998755 75 235
999815 76 10
996783 19 1457
995574 32 419
995935 100 669
996607 55 138
995480 97 977
999035 38 1054
998802 89 1796
995285 84 687
998133 97 1340
996336 23 1818
996734 28 717
999850 51 1338
998008 27 1729
996229 13 1340
997934 63 1869
997196 69 293
998109 13 1106
997408 86 1322
997067 15 1333
995329 76 319
999347 79 1650
995670 19 960
995104 30 1155
995037 23 1538
995140 90 1137
997161 92 1685
996376 88 824
998507 58 1353
998897 11 1923
998751 98 1726
998491 23 955
997610 29 722
997536 28 176
997403 12 966
997906 89 1334
997150 44 196
998330 83 847
998834 78 213
999444 62 686
999061 68 485
999886 22 1622
997684 22 1155
996357 62 1917
995893 43 702
996290 37 1069
998783 46 1869
998174 90 1074
999515 58 603
998863 34 635
996859 36 392
998655 49 1428
996609 51 841
998511 10 1157
995097 47 1658
998816 37 1904
997535 90 873
997801 89 1974
998922 61 1324
996134 45 557
996443 53 47
997213 76 255
995683 82 1144
995595 57 1525
996239 71 1964
996312 55 169
995692 12 924
997218 79 1192
998053 46 327
999229 42 1122
999692 45 113
995866 40 1710
995294 46 778
999894 100 1363
997711 73 1383
995117 31 709
996587 93 141
995142 24 1287
997642 62 1984
997862 38 1734
999767 19 304
998962 71 1428
999784 46 1053
997055 32 1142
999312 2 1582
996798 4 732
997457 71 1127
996877 70 1169
997692 46 498
997661 7 1878
999963 73 1634
997400 27 1549
996095 70 1514
998864 53 359
997325 75 1678
998997 72 1913
998191 63 1433
996008 12 122
996854 61 224
997537 76 577
995736 97 664
997386 75 1691
995438 20 1169
999119 56 77
996250 28 1344
998355 52 1574
999796 78 931
997805 28 846
995468 88 220
997705 79 220
997488 28 307
997414 44 298
997060 43 1754
999403 36 1347
997680 10 1485
998049 25 508
998071 10 1809
997681 70 1119
999065 16 354
995249 88 1681
997546 19 608
995392 67 1751
996442 1 1009
997563 82 1033
998993 71 1439
995759 62 970
997088 3 1999
996616 35 869
997706 65 499
995764 78 1663
998346 28 144
999367 96 1458
997399 49 18
996948 76 1344
996197 47 1070
995250 68 1143
995385 80 660
998901 4 615
999096 40 386
995079 14 144
998539 40 201
997668 86 1998
995352 21 1337
997762 80 1509
998717 65 700
995050 2 1293
997998 33 1026
999396 33 56
997613 44 1452
998228 80 611
997295 31 1585
995465 82 570
998379 81 1879
998124 26 1108
995325 75 1002
995651 2 787
996364 31 1255
996807 21 1338
999757 40 1356
996244 57 434
995445 15 30
999719 39 821
995719 45 744
996483 72 1485
996530 36 1059
999037 69 1264
995622 50 1721
999734 77 185
997737 51 787
999539 83 1507
995111 42 1902
999531 58 1607
997254 81 1438
995697 91 1635
996085 21 1648
997142 57 764
998288 30 1572
998994 94 704
996248 83 68
998157 96 489
996732 100 1859
999011 42 1885
996655 86 1482
995043 38 976
996076 77 1034
999172 10 1026
997070 33 1178
998001 85 392
998165 45 636
998869 61 741
996485 71 1897
995636 38 888
995318 71 434
995090 64 337
995397 96 609
998980 44 1017
996082 10 1223
997525 34 1707
999087 34 1765
996574 29 986
997323 90 1128
996067 39 1779
996738 63 78
999608 73 536
999033 99 209
996352 63 725
996518 5 1575
999031 76 844
998244 78 1009
995152 98 234
996262 21 224
995696 77 1479
995124 12 1101
999914 85 1726
997512 95 673
997584 20 1635
997095 52 647
998268 1 326
998715 19 710
999858 80 921
999884 41 745
999619 39 690
995831 72 586
997005 38 1495
998308 41 941
996944 65 344
996826 81 1631
997534 71 513
999437 100 1995
998855 58 573
996097 15 813
997227 57 1185
996961 4 1087
998438 11 1499
998788 15 1811
999715 30 1702
998020 83 1860
997454 36 1475
998314 46 1543
995418 15 776
996480 11 676
998311 79 1849
998369 43 96
996306 32 1734
997587 5 246
999383 50 835
999812 34 753
999516 79 1737
998356 2 1066
997360 59 1548
995955 64 1578
997944 63 246
996096 82 1061
995182 8 1117
996871 32 1206
997280 19 1226
999781 5 1541
998333 25 1635
999513 67 255
996926 71 720
995027 28 493
997561 31 1767
998932 9 1705
996308 5 102
995086 72 1008
999723 6 1189
995961 19 74
996362 25 879
999822 56 990
999055 14 798
996372 48 443
998446 91 872
997627 37 1266
999406 48 188
996716 75 1902
998089 49 997
997802 90 1810
999653 55 1084
999939 50 1746
996128 100 259
997126 74 701
998781 21 491
999717 29 1879
999768 52 1718
999859 92 704
997628 55 340
996414 92 217
999123 78 433
998207 59 1493
996555 12 121
998465 92 1710
996811 20 973
998575 55 1676
997344 68 378
998796 84 280
998584 65 218
996361 37 580
999333 42 1840
997773 91 1710
998523 21 921
996375 3 183
996968 25 364
995883 94 878
996576 2 521
997596 7 419
999628 19 606
999445 89 1894
995153 15 718
995851 72 413
999221 11 890
996037 83 1258
996782 35 854
996088 94 1510
996181 31 240
998553 64 649
997389 70 1332
999420 44 1586
995176 56 851
996223 33 512
998525 13 1300
995298 85 1764
999882 91 1602
999140 25 288
996713 70 1205
999194 22 717
998129 66 492
997787 96 56
995006 5 944
999737 26 1096
995070 100 1148
996703 8 1884
999430 81 833
996426 19 1698
996785 90 1210
996925 7 896
999920 45 991
999888 30 150
999842 64 664
996787 91 1068
999863 47 614
997069 48 320
997675 53 1559
997037 91 1021
998040 65 642
998668 81 1271
996287 47 1736
995786 68 999
996395 1 1961
999115 68 452
996778 48 679
997614 33 1613
998559 67 1243
995463 86 1932
995629 2 521
995922 77 523
998359 61 1766
996748 94 1851
998302 8 1536
997257 42 518
998121 37 105
999925 37 602
998231 58 1766
999986 96 1944
998766 4 1984
999042 37 1494
997041 83 1358
995331 47 40
999318 47 673
998509 48 1698
995261 26 896
997605 21 1159
995389 90 747
997565 42 1865
995560 33 874
997973 68 572
998241 85 1435
998760 94 1194
998954 65 635
999518 24 663
998888 1 244
996273 91 1626
999936 11 1156
996224 42 1489
997771 62 946
997825 35 1856
997285 3 1423
997931 26 1608
997222 98 241
997145 23 341
995649 20 1935
995816 70 1709
997207 52 926
999788 20 210
997673 46 1887
997994 85 1836
995290 21 1156
998977 84 918
998013 72 847
998743 80 1937
998902 23 1996
998893 71 137
997557 12 1010
998874 54 1862
997479 52 693
998382 85 1908
999429 30 1469
995758 72 1287
996448 44 1858
996817 61 1914
997815 43 1929
999025 58 1093
998360 88 164
995223 62 1713
995752 34 63
997562 76 751
996433 16 202
996047 60 1800
996053 10 308
995216 71 574
997471 80 691
999700 31 287
995657 51 1991
996527 89 1157
998589 67 1277
997987 93 1973
995836 24 1839
998087 27 45
996520 7 1095
999023 25 1548
999113 42 1483
995091 73 113
996211 54 632
997783 16 1432
997594 15 523
999012 47 621
999490 51 1481
996052 22 271
995155 89 1295
999512 51 1063
995984 31 1331
995732 16 710
995598 92 287
997324 55 339
995096 85 1703
998653 29 1271
996813 37 1037
995427 67 1925
995186 40 1162
999324 65 1337
998639 64 267
999979 79 1895
996108 17 1858
995256 34 172
999917 65 426
998593 31 916
996739 52 173
995121 37 640
995447 4 289
995832 65 537
995374 27 1617
995994 56 709
997485 16 4
996898 47 1738
996410 9 350
996894 61 107
998662 78 1635
997026 86 361
998024 35 678
999901 84 659
999457 4 195
999857 5 1453
996930 67 482
996356 40 420
995064 49 96
999772 94 1838
995312 39 1902
999660 75 1303
995227 94 452
995441 4 1987
998614 80 1307
996920 93 379
999829 73 168
997954 80 643
998861 72 1742
996545 37 259
998676 70 813
996251 4 782
996267 79 781
995998 59 1651
997191 94 429
996614 61 1681
996462 8 963
995068 2 662
999592 72 193
995477 98 1100
995095 70 693
997541 80 205
996884 67 1715
996625 13 1251
995464 43 1421
998689 42 175
998516 22 911
998418 52 1069
997172 2 1960
999234 23 513
996638 46 593
998102 17 1292
998996 97 1280
996415 62 1213
996023 21 1629
998699 7 1800
995576 53 297
995544 43 1172
997019 56 1597
995627 90 694
995563 31 801
999783 29 1124
996125 17 893
998569 90 679
995007 63 1472
998212 25 1196
995591 86 1388
997672 62 1891
995944 15 620
997984 47 1988
999443 95 1572
998911 47 991
996276 45 418
997436 96 1892
998824 37 1970
997279 32 340
995348 74 499
996631 58 735
997355 34 1018
996069 32 897
999659 50 124
999496 27 900
995797 62 1997
997256 33 1615
996626 85 1484
996434 88 564
995726 81 1166
998192 32 1061
996883 14 373
996107 30 1077
995368 86 166
997331 91 1218
996863 77 399
998345 68 670
995376 97 313
999268 22 1390
998469 14 707
997187 38 1981
995451 44 592
998852 76 256
999103 6 1204
999400 39 6
995712 3 820
996515 19 1217
995367 57 642
997283 49 1559
997842 18 318
997370 81 1732
999480 46 329
996636 45 861
995053 10 287
998630 64 859
998435 93 1024
998084 23 432
996521 55 709
998272 72 967
999433 16 1061
997252 38 1146
996144 99 490
999043 39 443
999505 2 362
995635 42 1975
999093 39 701
995662 30 871
997481 80 105
996188 92 147
999130 78 1181
996065 26 1259
998958 68 177
997776 61 450
995749 1 9
997845 4 315
997505 72 358
998871 78 1471
995545 35 1337
996612 68 1584
997158 28 1304
998200 59 332
997372 38 638
996307 91 1065
996671 99 892
996543 23 1395
999032 81 1753
998378 12 903
998063 10 1292
999797 15 1632
998161 7 725
995823 44 33
997799 1 1258
996697 62 1827
999099 43 1574
997891 64 796
998292 41 1738
998310 31 1912
998251 82 674
997162 34 147
995229 41 1502
997927 4 1237
996311 1 1388
997171 12 1560
999258 1 692
996705 86 1766
999399 90 1637
995613 30 369
995270 25 1469
997217 78 1923
995569 61 277
999232 61 1864
997739 99 537
999388 19 476
997040 51 643
995058 89 1763
995100 31 742
998299 78 1095
997270 13 602
999609 91 1319
995858 63 465
998541 88 1671
998474 92 1149
998983 36 1728
997682 6 1736
997575 62 1989
999499 1 346
999974 96 175
996761 72 825
997001 52 703
997453 86 1978
996523 66 1988
999656 55 1316
998421 91 1265
999728 83 587
999261 66 759
997336 73 1884
997622 5 512
998376 94 1182
999014 1 1723
997247 40 1903
995359 76 1410
999872 13 387
998723 6 283
998837 79 218
997643 52 1349
999675 31 634
999836 6 575
995084 98 1907
999885 37 760
998957 74 1813
997269 9 68
995669 55 162
996497 44 1596
997024 32 853
996450 64 285
996632 21 157
998624 19 864
996745 65 1178
997170 47 834
997831 72 1074
995763 89 268
998454 33 180
999063 77 852
999718 43 1846
999550 82 95
998264 35 1396
995673 56 1451
999101 28 979
996166 92 1618
996080 42 1509
996730 33 1058
998141 62 1479
995779 32 1659
996182 80 1191
995522 78 702
998527 26 24
999614 86 1681
995300 46 1908
996044 77 429
995144 83 299
997701 33 780
998505 40 1763
995675 94 802
997418 98 830
999003 98 898
996824 44 1606
995965 94 165
998282 63 38
997229 7 809
996556 61 778
996014 11 1060
995995 36 506
998925 83 111
997313 14 659
998166 86 1670
997510 5 1577
998386 9 1238
997470 88 274
997951 59 1800
999578 29 213
997757 84 697
999469 87 1514
995767 40 1010
999654 57 1054
995554 90 495
995711 72 1646
995518 55 119
998372 68 318
996021 98 612
996723 8 180
996752 41 627
995892 37 1822
996479 61 1320
999871 28 1281
995548 48 866
997296 55 176
999450 10 1016
997921 98 1869
998952 75 1127
995616 92 290
998097 74 529
995862 70 1202
995076 30 1045
998757 50 1548
996040 31 637
996912 27 958
999519 68 483
999838 93 26
992955 1006
993012 1893
993623 955
994377 1020
991865 1303
991880 1415
992475 393
993354 850
994140 503
992417 753
990670 1124
993015 299
990482 1484
993611 871
990169 940
991747 10
990735 124
992470 371
990655 1308
991108 400
991407 1529
990359 172
991658 1327
993482 291
990866 1529
991845 1449
992189 1329
994621 1134
993919 544
992794 1276
990811 433
990088 1758
993026 1035
993353 384
991719 413
994897 1879
990687 749
993271 1955
993772 1788
994953 646
994779 851
990185 1120
991595 1348
993866 659
990391 1938
991211 434
994287 1155
990042 1030
992117 1147
991033 905
993369 1067
991717 967
992456 1172
990486 125
992576 1210
991165 1764
993417 1394
994580 1794
990420 576
991650 1901
993532 1889
991495 1771
994184 83
990195 580
991408 1257
991859 1658
992514 928
994460 999
992112 375
992373 1622
991813 1130
991434 153
992888 1686
993175 1248
991275 1204
991705 1451
990033 493
992070 47
993329 1229
994254 1338
993234 1149
991412 1509
990116 1562
993316 1433
994585 1369
990399 1129
992595 1609
994865 1782
994438 889
990170 180
994497 1489
993494 951
990671 431
993138 1253
991323 1590
994674 1154
994489 1225
990460 387
992284 617
991487 458
993029 1686
993286 418
991489 540
991863 1036
993019 66
990974 395
993446 441
993776 1387
993813 1650
994358 1055
992962 585
992831 4
994274 1683
992885 968
994199 1941
994947 9
991344 30
994741 58
993360 1523
992023 1250
993983 998
990927 515
990646 1525
991330 1442
991191 684
992032 1428
992646 1702
990146 628
994381 487
992790 1359
992154 583
994211 1530
992737 73
993351 1231
993962 384
991072 447
991087 1902
993018 745
994626 241
994729 522
993062 1718
994117 1762
992305 629
993811 1741
992611 211
993162 1303
991665 444
992459 389
990141 1630
993255 1925
993166 487
994944 1544
991505 917
994812 437
993489 455
993599 1827
991156 1062
991319 259
992689 1094
991300 181
993272 1986
994915 1118
991873 1489
990257 516
992848 1570
993719 1818
991121 771
994294 729
990591 1541
994511 201
991221 1069
990786 512
990097 173
991034 911
992903 736
993178 1805
991067 1401
993990 580
993688 1521
990630 808
990199 835
994904 1572
991546 184
994925 1733
991422 1533
991273 280
994528 1352
990444 1501
993723 1130
994937 957
992371 1674
991253 597
994344 1109
994203 1288
993342 42
994988 1809
992206 305
993967 1394
990019 1022
993248 196
994906 1287
992454 1661
990459 1158
994965 1555
990308 1548
994080 1459
992608 268
994598 1571
990912 1015
991928 1114
993492 1420
994098 1444
990875 47
994790 753
994671 701
991511 606
994431 891
990484 784
994966 1917
990449 1090
990544 1856
993008 1920
990276 1397
991586 755
992900 73
990106 433
991257 159
991016 1673
992399 178
994134 153
993559 1657
993713 1451
991187 1210
994425 1388
990567 1705
990344 1092
990564 679
994605 585
993585 1645
991765 506
990938 1539
994912 1916
993047 286
994872 1097
994437 1369
993874 396
993906 59
991895 989
994233 1072
990142 1878
994802 36
992213 1124
992377 1751
993435 1315
994826 838
994174 423
991241 364
994016 1375
993858 28
991905 528
993043 1408
993653 1529
993517 1997
992419 1232
991618 1885
993604 1331
994858 1670
993347 403
992936 483
993228 954
992326 1914
992204 570
990967 1778
992230 1181
992709 1871
991499 743
994005 27
993274 267
994659 6551
991026 1298
994586 1426
993959 1495
994562 1686
993126 1865
990242 61
990517 1445
991568 1450
991786 1217
994386 1424
992552 792
990922 1947
990149 1109
991734 76
992987 144
994201 160
991494 27
991994 951
990175 1439
994304 1772
990018 1603
991249 1955
991305 1223
991274 1882
994348 761
992242 1820
990381 1020
990369 1054
994075 374
992327 381
990415 1211
994678 1315
991815 154
992921 645
993930 1449
993240 1128
994738 227
994782 1260
992115 1032
991776 871
990990 2
993869 49
993352 1311
991130 1737
994073 306
990080 1270
994033 1125
991216 1336
991293 1554
992389 396
993914 1021
990202 218
992031 1764
994321 195
990458 918
991470 973
991464 1243
992038 322
991238 1956
991777 365
992600 6
990902 632
991164 1089
994504 1942
994065 1578
993795 1723
990407 394
992540 1574
994542 1638
991745 1324
992219 438
990462 176
992118 1513
990808 1088
994480 1265
994954 118
992481 853
993900 1387
991620 1422
993596 1114
991953 272
992180 150
992707 643
993557 1323
992679 387
993485 668
993179 1680
993978 645
992461 1320
990183 927
993924 185
992346 1960
992804 1459
993225 1690
994814 1977
991219 109
994882 456
993477 1655
990349 346
994825 419
991306 194
991066 1106
991019 663
991154 365
992294 1262
992561 1553
992892 1651
994432 1143
994934 619
994283 1984
992045 1784
991431 640
994945 1377
992122 1787
992787 1049
992005 616
991349 125
993253 854
991376 1875
993953 14
990258 16
991884 1997
990693 340
990715 526
991197 964
994255 609
993901 1167
993588 1786
994409 380
994880 1979
991047 1399
992656 1259
992513 1019
991626 371
991028 1303
990852 721
991239 1946
992662 344
994720 352
990469 1831
994368 32
994650 1549
994311 1306
991225 1091
990287 902
994025 100
993220 549
991159 1290
994861 1581
991443 252
991512 174
993579 1865
991812 895
991871 427
991240 538
991638 1827
991446 1230
990306 1243
991631 745
994352 1066
993322 1542
993802 316
991682 1918
992321 918
991604 1662
991140 112
991858 261
994235 1369
991581 1335
994531 856
991056 74
990051 962
994789 1540
990347 1350
994093 1603
992843 920
994265 738
992392 1170
993100 30
994074 1760
993593 290
990972 218
992664 423
991269 1576
994185 1451
992424 909
993488 90
994116 1881
991079 1755
993891 803
990885 131
993202 910
990031 1699
994430 1717
992580 840
990216 269
990521 1488
990849 1461
992711 238
992415 825
990726 1661
992816 316
992133 841
993582 985
993903 1789
993038 1273
992090 1726
994099 311
991390 1460
991458 1261
991544 418
994545 429
992483 337
991373 152
994518 297
990701 439
992328 1484
993288 526
993356 881
992651 464
991920 481
994000 838
993976 207
994567 1022
990578 821
992175 1027
992124 1833
994483 138
994682 1923
992728 1396
990792 1108
994318 1805
993079 1735
991850 1728
991971 12
992854 673
992127 129
993945 1527
990770 1429
994154 500
991598 1454
990440 1917
992733 1593
992068 1180
991369 1868
991608 279
992166 1479
993222 1051
993875 710
993082 1345
990108 1983
993238 1460
990240 1165
991611 765
993071 241
991348 222
994732 475
991170 1668
994506 815
993820 1814
994653 806
992292 617
990352 1548
991976 846
994157 551
993774 726
992801 1060
990583 1363
990078 465
992224 1881
994527 754
990372 490
994266 1999
992934 1610
991783 1058
994400 633
990370 1982
992232 334
993086 24
994993 683
993034 1037
991321 1519
994557 724
990269 504
990390 1514
990880 667
993934 1544
993677 1209
992565 620
994806 1053
991270 96
994314 1769
990580 1766
990360 1944
994827 592
991732 635
992500 1525
993544 532
993014 415
993313 1129
993165 227
992255 1165
990793 1653
994793 1666
991155 1707
992093 689
994146 808
994346 211
991844 1885
992043 7
994770 202
992869 1659
993114 1800
992208 957
990560 1100
993905 898
994433 1668
994666 1159
990830 291
990171 1173
994637 885
993285 1362
992668 1507
993030 1828
990412 766
992774 731
991102 649
994183 1469
994084 1761
990453 745
992168 54
992203 1288
994549 390
990465 1766
993056 1525
990324 1802
993819 1914
993940 1155
992607 525
990779 950
991482 1762
990633 1962
994804 711
993944 1927
991532 1657
994613 491
990248 1914
991449 1389
990872 144
990086 933
993367 1661
994846 730
990414 171
992071 352
990718 1120
993147 1583
992884 682
993745 1172
992130 121
993562 1118
992592 1061
993146 281
990552 1353
994057 1971
992073 1100
991339 703
992895 914
992551 813
994495 840
992400 1906
992553 162
993441 890
991070 694
994088 899
993836 977
994101 228
993063 1293
994694 378
994137 435
991966 771
991266 1605
994366 256
991553 1200
991987 1723
993051 1978
990656 1919
993411 1257
992929 1869
992799 718
992489 320
991983 1302
991007 724
992638 1486
992177 1443
992696 1801
990673 26
991964 1284
992247 862
994276 1882
993303 1710
991358 1903
990180 757
994856 166
993163 83
992942 264
994312 997
994599 1171
993658 1418
990966 216
990176 1163
991515 1141
990923 1374
993096 71
990237 1639
994238 1670
994176 1001
991107 568
992286 1594
993155 1067
990568 993
994746 1427
991914 558
990649 689
992167 1924
994931 860
992136 335
993763 157
994237 1177
993573 1160
994354 1114
990436 473
994112 1186
992842 364
992768 418
991757 1932
990963 138
990387 1922
994783 5331
994044 1383
994291 1349
993332 1724
992789 1778
992844 1862
994768 401
994606 1469
992523 1367
992697 89
994284 1561
994537 1462
990393 1216
994881 1976
994338 894
992915 1347
990488 1467
992622 165
992753 719
993393 1591
991597 1943
990267 1242
991440 620
993568 1939
991737 751
994727 1879
992065 114
994164 1102
991001 1234
992184 624
993877 680
990640 1089
994600 1705
990410 411
991652 1017
993782 755
992769 383
993992 1664
992293 521
994095 1389
994038 704
993097 1875
994691 1254
991309 1316
993070 267
991039 409
993111 955
990929 874
992252 3
991380 119
990558 1066
990418 1356
991492 1433
990893 335
990084 1179
991945 1096
991061 1251
993392 89
993500 317
992183 1721
991879 425
992044 1907
990877 1401
990316 232
994396 1487
990871 629
991998 60
994740 65
992763 179
992319 831
992609 1675
993315 84
991040 1752
994553 1239
994216 249
991389 1897
994664 571
994584 1496
990326 296
993445 1144
994913 15
992450 1256
992735 135
991647 1801
992300 687
994151 105
990426 1397
993587 1764
990574 1726
991371 1418
990197 1505
991824 319
991491 1824
990761 930
994466 1985
992246 1366
991235 1428
991684 341
993277 1224
993130 1839
990003 1899
990190 188
992908 602
992256 610
994874 431
991798 1271
992374 888
990596 851
993144 1948
991179 1302
994862 1363
991396 301
991310 227
992796 45
994566 1358
992012 62
992738 1079
993908 449
993741 1897
992452 1900
990401 1911
991101 21
993941 306
991872 272
991576 486
994824 793
994539 388
990790 1717
992695 1278
991925 1854
994976 1957
992143 191
990555 1435
992626 353
993726 742
991457 1134
992075 1929
992290 822
993902 926
994326 724
993390 1374
992692 631
991503 929
993306 939
991203 1291
994752 1182
992704 1789
991642 1526
992665 715
993397 496
991342 1526
990626 1255
994335 1418
993804 1712
991562 1225
993510 364
992451 548
993409 917
991315 1690
992484 580
993684 1074
992941 1022
990708 115
993140 1977
990485 92
991463 1897
990547 1445
990497 840
991287 678
990296 1968
993439 1054
990632 923
992069 1560
990164 607
991295 1496
991427 1682
993036 498
992640 1269
990355 425
991122 1307
991743 1813
993434 1424
994721 1433
990279 1665
990782 80
994843 1185
993679 1325
992395 35
991875 214
993598 293
994416 1456
990669 1141
992945 439
994819 1300
994909 1956
994930 877
991417 380
993121 1147
990238 509
991485 198
991043 1059
991528 1284
991906 427
992505 20
993490 1339
991059 146
994820 1227
993075 1159
992508 1239
990851 1007
994929 1865
990815 1950
992105 1464
991032 416
993187 310
994810 1690
990939 1542
993586 865
993612 1930
993716 327
992446 1366
990255 663
993784 700
992623 787
991619 1760
993785 238
992265 1083
992083 843
990403 146
993025 1826
994032 1322
993576 1702
990551 1737
990788 1753
992923 995
993797 1666
990913 1822
991938 1340
990614 1882
993918 1369
990598 1498
994361 80
994392 531
993634 1814
993881 1346
994776 1419
993319 476
991214 1476
991226 721
990661 566
993828 1885
994629 1482
993675 1361
992821 65
991605 710
991118 163
990225 1839
994382 173
993318 820
991670 1727
994226 606
990814 1846
993949 496
991085 806
991092 839
994021 106
990714 1326
990168 1478
990730 1120
992624 522
991465 1930
991718 14
993219 1270
991736 920
994568 1638
990653 569
992741 1963
990029 1707
992114 83
993447 201
994860 887
993993 1223
993118 1571
993518 1865
992958 1792
992984 1447
994206 1891
992931 1468
994036 1137
990206 1238
991147 295
991194 1460
993633 121
994871 890
990102 1887
994051 964
993770 747
994024 739
993964 551
992019 646
991037 907
994760 491
991915 278
992269 1220
993669 591
991126 415
994208 1671
991841 162
993465 1478
993383 295
993839 1353
992119 1522
994973 69
993103 813
992398 992
993700 897
991370 1846
994006 1553
991474 588
992353 1744
990654 1301
994579 698
994933 1741
992572 385
993503 496
993451 992
992171 1349
992823 942
990973 835
990994 1405
994130 1219
991729 936
993406 283
994313 34
992341 898
991013 525
990762 998
993348 389
994517 262
992582 988
991208 21
993104 1902
994750 5
990603 344
990525 365
992927 1627
990172 706
991672 161
991751 640
994955 31
992062 1590
992394 1907
992367 744
990867 304
994510 195
993963 426
992467 1418
991558 383
993320 1362
993099 1351
994467 514
991752 1036
990450 638
992669 932
994070 1127
990634 705
991387 1639
993223 1458
992215 1245
994540 1886
993308 396
993472 1255
994379 927
992438 1458
992441 1643
994486 1373
992474 1290
990549 1301
991281 966
990382 557
992331 1782
993971 925
991168 113
990686 1995
992961 473
991715 1943
993936 854
990889 1227
991181 350
992302 182
993731 563
993647 1179
990976 25
990139 711
993044 1362
992104 793
994505 976
994337 561
992947 1027
990209 1403
994743 910
994415 1831
991388 856
990385 88
991272 141
993632 19
994919 421
990451 138
990584 967
993396 863
990843 131
994986 1666
992231 414
990098 334
991677 727
992205 449
991336 1563
991742 1038
992633 330
993031 306
990857 155
991193 1108
992938 1968
991571 1207
993064 1160
990236 809
992457 990
994327 546
991090 226
994681 277
994928 575
993766 447
991929 1256
994533 1335
992528 1017
990056 1676
993524 801
992363 959
991823 1314
991135 1629
991917 258
992420 1369
991566 1902
994611 1904
990658 1045
993270 243
992034 1486
991847 583
990891 1710
993988 802
991560 471
990821 1797
994844 1331
994983 147
992501 1070
991160 1837
992369 1780
990575 537
991602 969
990087 1246
992578 662
990305 1102
994469 914
991890 1846
993032 697
994525 1795
992193 3
994583 510
991438 1637
990129 645
990935 1071
991184 1791
994064 4
990818 1918
990446 1635
993304 1339
992573 794
990612 1412
991334 1660
994048 1222
991290 629
994627 381
991212 1002
990810 1128
993942 754
994541 375
991978 1820
991992 284
990541 301
994142 1332
990467 11
991125 1671
994371 1827
992773 913
992201 414
990795 914
994261 155
990664 1181
991900 1344
994420 353
991524 1673
993800 1056
993659 1274
991069 236
994675 1150
992458 1366
992997 1420
993211 1469
992356 318
992835 461
992311 1996
994248 153
992667 928
991025 1725
990163 478
992519 1610
993788 561
992732 1570
990773 473
992403 1280
990491 1093
991563 1571
991428 230
991636 1414
992659 385
994258 755
994162 1799
994446 1131
992708 807
994771 616
992251 787
991881 1020
991166 783
994359 1891
990402 1171
993298 1603
991005 1299
991141 295
994330 659
993230 1739
993546 1563
993037 1620
990831 1314
994034 607
994317 1959
993547 1081
994756 1390
991876 969
990089 1024
993561 1862
994194 791
993363 1703
991189 955
990644 1544
993753 1658
991200 905
994672 1350
994159 940
992906 1109
991146 1267
991231 1500
990529 891
993203 864
990648 1769
991488 153
990447 50
990918 1608
994279 860
993884 240
994324 984
993973 647
992220 1426
994603 535
992920 1919
990977 1957
990327 1901
990910 131
994900 3412
993053 1542
991169 408
991167 563
994177 1186
993711 1759
990293 353
993139 127
994390 577
993935 1409
991790 15
991127 833
992780 1410
990723 1999
992615 897
991260 709
990008 777
994710 844
991445 413
990107 532
994009 1642
990764 1937
990309 1635
994250 1804
990904 1461
991346 419
992986 1745
993687 1023
993143 1169
991251 1815
991702 1
990323 653
990378 875
992431 602
994667 49
994926 469
993496 199
992156 1541
991368 275
991011 196
994444 323
994747 1304
990765 1359
994320 1820
994733 1935
991357 1092
990463 1121
992654 1005
990797 223
990278 733
994698 1458
991899 545
990427 500
993142 1778
991327 692
990784 1048
990609 1836
993645 123
994273 1017
993210 338
991359 1867
991004 1100
992159 1903
992571 123
994745 1578
992559 1329
991974 1652
994165 685
990179 829
992829 345
990702 221
992010 964
992030 167
993069 1663
991054 302
992061 1145
990265 1832
994601 1993
992767 1920
994774 1171
992282 245
994961 293
993556 1905
990229 538
992719 341
993769 348
992583 399
992488 483
991379 1545
993550 1864
993252 1241
994899 666
994848 1984
992856 848
990524 1112
990982 1506
992499 1567
991403 685
990905 425
994921 724
992805 1265
994069 967
990700 1216
994911 1787
991891 1215
994942 1077
994280 1958
990906 1140
991893 196
992178 1657
990384 694
991521 258
990577 940
992411 1718
994230 1036
992612 610
991508 2000
994309 539
991077 1898
994362 1538
994193 491
994792 610
993817 1273
993481 1581
994614 964
994648 1539
993574 44
994477 795
994728 1619
991473 1754
992621 587
992082 613
991819 23
993378 615
991142 1304
994398 486
993101 1848
993127 809
990886 638
994132 1915
994454 1938
994295 310
992530 880
993159 1497
990809 242
993021 1568
991537 294
993024 1857
993835 241
990559 160
993577 1297
991868 911
992712 2
994669 475
991454 154
992322 1264
993358 992
990189 1556
990406 1370
992995 1654
993543 1096
991429 1311
993122 1355
992702 1854
992833 1974
991205 817
993644 1626
993344 1712
991540 458
991534 1609
992301 1799
993783 124
990271 1229
992503 353
992195 1488
993652 843
990509 1808
993717 748
994766 746
993840 852
990727 1960
991646 1522
990489 284
990940 1649
993172 1826
994849 430
991496 424
994160 1478
990916 1784
991480 1944
990833 1558
994658 744
991955 726
994500 1040
992520 1990
993242 59
994582 839
990395 609
992050 554
990377 26
991741 701
993509 381
994421 1786
990239 1493
990388 1132
994571 161
991550 1538
994376 187
992610 614
990094 1974
992407 428
990590 209
993368 349
990205 1560
991792 1495
991227 1308
993040 229
993464 1054
991526 1065
991469 1964
991117 1548
993116 63
990883 1027
993355 579
992273 129
994625 1520
993133 1936
993089 498
994105 1903
993506 1173
993638 450
994552 1012
991694 586
992485 387
994150 886
990376 447
991916 1227
991543 1589
991060 35
994992 895
992750 1714
991877 1052
991385 1066
994285 1912
994003 953
990881 1704
992067 1943
992418 801
990490 1302
993388 816
992850 1970
993045 659
993668 910
993931 768
991968 125
990342 1523
994837 143
992141 1775
990313 1346
992173 1412
994914 1805
993646 1355
994739 1724
990799 778
993087 1002
994647 375
993257 1366
992537 26
990214 152
991663 1502
993937 1595
990081 40
990262 648
994124 1275
993974 324
994249 1121
992413 589
990501 1598
992795 71
990353 318
994526 541
993294 373
994699 202
994152 1548
992516 1770
990853 916
991958 211
993507 1856
992207 315
992953 1303
993689 1982
993199 243
990944 124
992074 1807
992278 853
994604 661
994769 1457
990652 14
994707 1675
993400 724
994281 1527
992397 1547
993957 602
993483 1741
994139 780
994465 1094
991749 305
992345 559
990894 1305
993284 373
990597 52
992788 431
994759 1780
994696 1551
991115 402
991332 1035
990153 1490
994306 1760
991383 1339
993552 1703
993498 523
990675 1506
990310 1407
992227 1019
991038 435
990101 1069
993637 1216
992504 332
994231 841
992473 1854
992126 1658
993381 1592
990072 717
992555 763
991801 323
994004 142
990145 801
990472 930
992048 864
990374 22
994474 72
994168 1982
994178 1780
994461 931
992283 1417
991461 98
990128 1679
994559 1594
991015 1771
992967 1565
994076 1923
992693 1962
992066 399
993072 1055
991821 1161
994473 925
992827 608
991738 216
991892 177
993283 1544
992841 1050
991081 1705
993002 1839
992040 1577
990397 948
991153 131
992822 1632
990045 310
991331 1912
992658 1844
991232 148
992250 956
994202 330
991161 673
994363 356
992086 373
991377 1023
993330 682
990950 30
992777 547
992543 213
991325 897
991527 1693
992524 134
990071 991
992859 99
993724 1725
992351 1801
993151 1695
990416 1155
993394 1687
991733 1798
990297 1435
990083 1209
990742 340
994907 7214
992682 162
993771 539
991276 1448
992087 1168
992911 1038
993740 638
991109 1320
991763 1580
993692 583
994908 136
990971 1945
992890 1526
991851 1481
992853 734
990470 1260
992172 1386
993956 1665
990985 1501
992179 1440
994723 173
992238 1297
993892 750
993545 1066
992891 414
993870 175
993401 698
994018 1640
990507 1084
990516 730
993290 697
990979 1271
992372 1830
993201 1087
992886 1257
993761 1301
993751 1848
992566 257
991678 1206
993699 1239
991100 1333
994468 1156
991010 564
994342 1069
992557 187
993917 1205
990218 1348
991997 1551
991820 93
991192 1874
991023 228
992855 1433
991846 472
993893 1143
991578 1575
993838 837
990325 897
992084 856
991083 255
993781 66
992001 746
990526 1109
990210 925
991954 817
993986 1004
992194 1238
991282 859
991947 1261
990474 452
990061 143
991500 1153
990983 560
991894 1865
991806 1577
991957 595
990152 1953
993691 914
991018 1592
991213 58
993569 743
993365 736
994232 763
991063 59
992200 204
994217 911
990338 361
993265 923
991828 486
992298 178
994927 1884
991946 1774
991601 395
992857 175
994643 1513
993715 1559
992946 683
994563 1955
993649 1729
993888 1549
994300 505
991797 569
993629 85
990301 987
992140 1588
990847 1846
993746 1011
991157 384
994514 1113
991525 1578
993243 270
994587 1491
991867 283
991314 1211
992378 1315
992971 403
993469 979
993801 1647
990339 1949
994107 1834
993946 1495
990311 232
993583 1327
990865 171
991481 935
994923 432
991996 38
992620 304
990602 107
994873 1286
990017 1002
992152 1913
993264 1805
991965 912
993640 113
994389 1522
990417 945
991171 960
993904 50
994751 577
992110 737
993310 312
990250 494
993842 1357
992487 1117
994167 536
993539 1215
990951 1334
992337 1823
991356 1506
993459 1553
990006 1976
990433 454
991979 1771
994895 1488
991545 1434
995000 511
992191 1174
994224 216
992957 1383
990604 1990
991247 945
994225 483
991510 1224
993231 1816
992209 288
994453 1631
991476 1867
992187 1173
992497 1962
993733 1537
992437 1516
990595 1904
993484 560
992174 587
994239 261
991364 1742
992047 1274
992635 1853
990840 445
993760 274
990131 1843
994220 1441
991773 1229
991250 371
993422 1794
991402 1861
992325 1225
991549 1906
991886 1423
991042 944
992730 1791
992052 612
993580 1736
992916 1874
993440 202
994644 526
994406 825
994651 6284
994135 1540
992593 261
991284 1930
991780 1389
993821 1950
992585 518
994997 161
992747 409
993420 801
992866 337
994624 1071
994922 326
992749 882
991283 1399
990196 323
990677 1220
994701 1555
991080 969
990264 191
992636 1552
992812 1587
991258 495
994857 5696
991862 1309
992103 2
990480 772
993671 1723
990862 769
991423 1029
990722 1515
990230 1195
994441 1232
990861 1262
992713 19
993639 725
994892 952
990246 1760
991615 1480
994459 299
992471 200
992598 1762
993856 958
992079 1125
993997 1853
991175 1162
992687 520
994227 285
993916 152
994749 1592
990156 942
994830 1406
994251 1977
993226 377
992405 1155
992902 1231
994851 1034
993886 77
992974 1974
992390 619
990077 1375
994236 414
993174 632
991475 1237
990600 148
990050 1057
993602 1862
994801 289
991441 1509
992335 904
993898 116
991685 1687
992146 1179
993237 651
990270 1908
991567 587
993177 786
994867 954
994995 1277
994410 1300
992950 37
993827 707
991201 461
993386 493
991582 1464
991856 1303
991104 239
993939 1071
992421 1334
990566 1176
990496 1657
994784 1972
994127 385
993017 789
991248 168
990637 1153
992190 462
993475 1704
992546 299
993534 1386
991632 1060
990455 1441
990616 642
991307 459
992004 454
993775 286
991795 432
993004 1790
991814 554
990015 1089
992939 1598
990995 16
992307 820
991927 1645
990858 362
