30
3 0 100 0 100 0 100
7 0 100 0 100 0 100 0 100 0 100 0 100 0 100
62 0 100 0 100 0 100 0 100 0 100 0 100 0 100 0 100 0 100 0 100 0 100 0 100 0 100 0 100 0 100 0 100 0 100 0 100 0 100 0 100 0 100 0 100 0 100 0 100 0 100 0 100 0 100 0 100 0 100 0 100 0 100 0 100 0 100 0 100 0 100 0 100 0 100 0 100 0 100 0 100 0 100 0 100 0 100 0 100 0 100 0 100 0 100 0 100 0 100 0 100 0 100 0 100 0 100 0 100 0 100 0 100 0 100 0 100 0 100 0 100 0 100 0 100
2 0 100 0 100
1 0 100
1 0 100
1 0 100
1 0 100
1 0 100
1 0 100
1 0 100
1 0 100
1 0 100
1 0 100
1 0 100
1 0 100
1 0 100
1 0 100
1 0 100
1 0 100
1 0 100
1 0 100
1 0 100
1 0 100
1 0 100
1 0 100
1 0 100
1 0 100
1 0 100
1 0 100
