10
13 78 99 65 87 21 61 46 91 7 100 14 31 42 63 72 78 9 68 68 100 20 84 2 29 62 79
16 53 94 70 84 72 82 35 58 8 22 4 100 21 78 1 30 6 39 73 85 48 73 6 84 3 32 8 61 48 70 1 97
25 71 80 0 28 25 72 36 60 1 96 39 48 49 99 3 45 89 96 36 76 48 79 34 48 56 96 63 92 58 64 20 37 0 88 31 73 68 79 32 40 35 80 33 79 90 96 36 84 78 86
39 25 30 20 45 47 82 4 7 5 71 25 42 37 79 9 74 7 23 8 63 42 54 7 42 49 63 44 99 48 89 45 85 71 80 27 56 18 29 23 31 22 66 2 31 67 71 12 90 44 87 52 87 25 40 56 95 38 89 2 54 4 26 6 13 41 69 59 100 97 98 48 63 19 80 32 52 16 44
2 61 97 13 60
1 7 86
1 11 40
1 38 42
1 10 56
1 9 91
