10
15 21 79 5 26 0 63 29 87 88 94 35 86 62 89 68 76 0 30 68 89 41 43 30 98 60 65 26 90 13 65
29 1 9 54 94 77 83 63 90 36 49 22 64 37 92 56 80 22 56 13 77 54 66 40 96 4 14 6 52 83 84 51 55 58 76 11 34 0 58 64 95 27 49 53 83 19 38 7 32 45 60 25 84 23 66 46 88 39 94
1 77 88
35 45 95 5 49 6 80 5 43 20 67 15 36 55 73 19 71 62 80 16 45 4 48 34 58 27 94 45 97 50 71 18 65 67 96 41 70 40 41 73 84 19 27 0 89 7 41 2 71 53 87 14 58 0 48 15 94 42 79 5 12 90 95 77 90 12 23 30 63 19 80
11 46 66 46 90 64 73 75 84 2 16 40 55 70 70 22 29 11 67 23 34 61 91
3 13 51 44 47 42 63
3 8 43 25 100 21 98
1 71 72
1 73 94
1 42 63
