10
87 28 78 36 45 1 96 47 48 5 45 47 70 25 35 33 85 22 71 11 95 30 82 11 18 9 85 20 69 27 64 92 92 2 71 72 95 8 64 8 85 14 20 5 55 22 39 38 44 16 77 38 73 56 98 50 83 18 32 69 96 11 26 48 53 13 28 20 92 4 22 2 66 87 92 7 13 46 93 35 57 28 61 7 92 58 84 15 40 8 42 10 20 0 29 68 95 43 54 52 65 17 25 16 67 40 71 29 63 52 52 80 98 12 71 62 72 11 28 37 77 53 87 57 87 83 91 25 82 33 45 70 90 17 22 52 54 62 81 14 83 80 99 10 60 16 98 11 73 9 15 48 62 69 71 48 51 27 96 72 76 31 96 7 79 53 59 32 81 5 14 3 61 60 88
1 42 85
5 53 60 0 34 21 69 36 37 19 65
1 2 61
1 77 92
1 10 35
1 41 58
1 10 85
1 72 91
1 57 76
