100
1 29 86
1 60 64
1 87 99
1 56 98
1 29 89
1 23 30
1 17 94
1 9 29
1 46 66
1 38 61
1 67 91
1 50 68
1 15 26
1 55 71
1 11 25
1 28 56
1 39 71
1 14 74
1 25 60
1 21 42
1 54 86
1 22 58
1 14 94
1 35 82
1 0 12
1 15 41
1 19 78
1 18 50
1 42 43
1 34 52
1 37 64
1 50 61
1 20 52
1 1 70
1 1 23
1 2 83
1 1 3
1 17 43
1 60 97
1 10 94
1 23 77
1 39 98
1 6 91
1 26 30
1 50 55
1 18 25
1 22 70
1 25 65
1 62 65
1 38 47
1 14 82
1 52 79
1 50 85
1 14 67
1 69 86
1 61 72
1 40 97
1 21 77
1 52 65
1 44 99
1 51 80
1 12 99
1 13 48
1 4 81
1 32 88
1 3 88
1 5 10
1 11 87
1 17 82
1 14 62
1 50 79
1 67 91
1 3 62
1 8 74
1 28 35
1 15 30
1 19 87
1 3 64
1 45 76
1 32 59
1 20 76
1 42 89
1 71 88
1 68 79
1 28 80
1 9 20
1 83 95
1 55 99
1 74 81
1 23 72
1 59 94
1 42 47
1 0 81
1 68 90
1 62 73
1 49 83
1 31 75
1 52 53
1 60 100
1 12 89
