100
1 45 70
1 24 37
1 53 66
1 17 80
1 50 53
1 62 94
1 54 63
1 13 19
1 25 93
1 10 86
1 21 22
1 25 61
1 19 91
1 8 53
1 40 58
1 64 87
1 6 91
1 25 67
1 38 84
1 25 69
1 19 92
1 18 49
1 3 3
1 10 56
1 63 97
1 26 34
1 16 32
1 49 60
1 0 53
1 33 78
1 41 63
1 4 11
1 14 25
1 71 91
1 19 90
1 53 67
1 52 97
1 11 32
1 79 93
1 2 78
1 15 18
1 51 90
1 5 14
1 28 85
1 7 41
1 7 49
1 16 71
1 2 66
1 30 62
1 47 64
1 41 45
1 64 97
1 68 99
1 47 96
1 3 18
1 18 43
1 21 35
1 16 67
1 90 98
1 41 44
1 36 52
1 15 50
1 13 52
1 26 69
1 37 45
1 45 88
1 61 75
1 13 58
1 35 47
1 17 55
1 57 64
1 6 56
1 9 25
1 60 98
1 81 97
1 33 42
1 69 70
1 42 49
1 81 84
1 0 16
1 28 31
1 26 87
1 39 62
1 25 31
1 50 72
1 13 71
1 31 41
1 83 90
1 5 63
1 34 45
1 73 85
1 58 99
1 3 37
1 8 35
1 39 51
1 31 32
1 62 68
1 17 38
1 57 89
1 25 89
