10
3 13 42 38 52 48 72
28 73 75 13 55 58 86 17 48 2 80 10 57 79 97 29 38 59 96 25 63 14 30 57 84 28 92 46 96 9 63 4 31 53 82 17 67 0 10 82 90 3 4 66 66 62 83 3 41 23 33 53 66 13 16 7 77
44 54 72 3 47 7 51 3 28 61 91 14 92 42 70 46 61 26 36 28 98 36 96 87 95 1 6 8 84 82 83 20 58 35 61 67 87 68 95 24 90 21 70 15 64 40 42 9 42 4 34 5 30 40 92 7 91 98 99 80 92 15 81 82 100 32 76 9 68 24 93 14 100 15 94 33 78 53 57 41 92 46 57 63 88 38 78 35 71
13 28 82 9 90 47 71 46 51 5 26 29 38 25 52 6 89 89 96 49 64 21 29 72 76 35 75
2 18 72 14 61
6 16 62 41 76 54 92 21 59 17 59 42 54
1 15 42
1 79 97
1 26 66
1 1 6
