32
42 0 70 28 68 61 89 22 83 1 40 46 57 48 88 27 53 0 90 23 29 67 97 41 48 1 23 38 78 39 69 36 68 9 63 70 70 17 58 18 19 64 99 76 86 69 78 5 79 58 95 55 74 22 61 28 96 11 74 46 66 0 79 82 88 29 52 46 57 9 76 65 74 5 41 60 84 9 31 34 62 1 25 53 89
11 47 84 0 23 13 47 2 80 56 95 8 12 54 80 21 89 62 86 26 93 9 21
2 18 37 1 10
6 29 90 28 40 29 76 29 55 31 42 34 36
6 8 49 29 33 37 54 14 99 6 80 87 90
1 71 93
5 31 81 9 31 26 37 21 52 6 67
1 7 64
1 15 17
3 44 50 3 16 15 24
1 68 97
1 37 38
1 79 86
1 61 76
1 12 13
1 19 46
1 9 26
1 7 27
1 18 77
1 42 47
1 39 97
1 35 42
1 20 99
1 62 94
1 14 75
1 20 22
1 59 97
1 23 27
1 8 66
1 5 12
1 8 51
1 9 63
