18
26 35 36 54 54 48 48 21 23 86 86 81 81 52 53 51 52 86 86 15 16 73 73 72 72 22 22 68 68 38 40 53 53 16 19 82 82 2 3 93 93 3 4 28 30 35 36 5 6 58 58 2 4
23 46 47 27 29 29 31 88 88 91 91 85 85 86 86 91 91 48 49 50 50 58 59 77 77 52 52 10 13 68 68 40 40 30 30 22 22 55 55 84 84 81 81 67 67 82 82
21 71 71 39 39 45 46 76 76 64 64 85 85 69 69 15 16 48 49 96 96 45 46 22 23 0 3 34 35 16 18 12 14 66 66 13 13 5 5 54 55 30 32
14 14 15 14 15 49 50 31 31 44 44 76 76 55 56 60 61 81 81 10 11 39 41 37 37 13 13 62 62
2 95 95 70 70
2 80 80 51 52
1 40 41
1 12 14
1 77 77
1 65 65
1 79 79
1 12 12
1 100 100
1 90 90
1 24 25
1 73 73
1 81 81
1 70 70
