22
1 50 51
59 75 75 4 4 4 5 15 18 21 24 68 68 65 65 48 48 94 94 43 43 53 54 13 13 53 53 81 81 1 2 35 35 0 1 34 35 8 11 92 92 19 22 74 74 49 49 1 4 82 82 90 90 88 88 90 90 100 100 49 50 26 27 74 74 62 62 60 60 16 19 53 53 35 35 29 31 82 82 18 19 51 52 30 30 69 69 87 87 64 64 0 1 66 66 27 28 52 52 47 48 72 72 79 79 73 73 3 4 72 72 27 27 92 92 85 85 98 98
6 7 7 79 79 57 58 96 96 99 99 71 71
1 67 67
4 8 11 10 10 11 11 64 64
5 4 6 9 10 30 30 89 89 18 21
6 7 8 13 13 82 82 12 12 68 68 38 38
4 98 98 17 19 6 8 60 60
1 49 50
1 1 3
1 6 9
1 84 84
1 9 12
1 100 100
1 80 80
1 57 57
1 45 45
1 45 45
1 78 78
1 80 80
1 23 24
1 17 18
