12
41 78 78 50 51 67 67 82 82 81 81 76 76 28 30 57 58 42 43 99 99 49 50 11 11 8 9 27 27 59 60 28 29 46 47 4 6 15 17 35 37 69 69 60 61 52 53 11 12 94 94 93 93 38 40 13 16 97 97 78 78 22 23 7 7 84 84 83 83 20 20 77 77 26 27 99 99 49 49 20 20 43 43
23 27 28 10 11 94 94 80 80 56 56 49 50 47 48 96 96 82 82 24 24 23 23 25 25 50 51 76 76 74 74 77 77 28 30 8 11 16 17 48 48 4 7 42 42 74 74
15 79 79 52 52 96 96 90 90 98 98 13 16 28 28 99 99 40 41 81 81 66 66 93 93 96 96 56 56 12 14
13 18 20 46 47 10 10 50 50 97 97 63 63 55 55 16 16 72 72 84 84 42 43 96 96 4 6
1 74 74
1 99 99
1 43 44
1 36 36
1 4 4
1 92 92
1 93 93
1 62 62
