49
125388589 279568 59725547 53386322
268633689 472972 190894573 262425438
66589274 197360 335933958 140700995
115326807 486299 236880866 242436259
244042484 171745 336655614 94896554
284806630 375542 241587766 297208267
238430149 72 248360769 311902101
429828717 81746 133345423 180395423
340814310 264116 480318892 17804275
160694278 281316 494796041 241079142
259245297 377816 235705869 232306998
189624984 149189 333430464 94383365
352499004 404142 492922097 105100311
179901147 46125 393460253 334869620
420102278 312590 24801811 18084964
103984508 418422 335513762 153213448
488486478 218597 425731609 154403806
40257263 105111 291568694 7259708
201766673 244643 108712995 85827166
188393185 227460 180751385 88905189
115914509 315638 175921292 64078374
6923979 168800 114432948 347129228
205297366 188607 475204066 44340299
357457289 68959 179617419 325008926
409063624 298239 63869904 204704333
479377511 369346 79979357 66343978
221344570 301367 491296351 196416138
327265077 432880 212189375 213958339
362751240 354224 208932126 484332140
215278923 15454 41952675 270743999
393317447 188241 333312401 152940141
496675120 230861 233920312 308361620
430510028 12747 488586364 223226097
274368818 22080 108754617 482907438
401743431 321184 494458945 351889227
467798342 166440 9951471 245937506
15756776 90104 166372325 236585091
328979736 44458 315823110 479506400
190677055 382287 492878318 104901994
236342571 459667 305795998 88782069
475684652 422795 349995232 72746902
333641674 361123 356596877 42124094
28783158 329528 234319255 331699253
148494502 52926 364015782 378991771
424873996 252183 306247435 313772323
82595012 372891 318662746 19933350
150952242 480114 449781453 159769784
275441462 341040 249874523 348763037
178320361 236161 125813892 463034366
