99
345149426 4 264982252 127407378
438796865 5 401502398 108277112
416183969 5 278403484 341780852
285003003 4 423194750 216828285
333328356 3 3675394 71426907
4040806 4 206194064 168530323
480837407 3 252511821 276540357
254959907 3 436180782 176875838
410053595 5 326470632 52824760
51926566 5 458373058 489508155
423170588 2 77849756 84075908
358997850 2 283514403 282345099
347528528 5 434285179 426201409
477998840 5 198031811 326114063
190439858 1 246647412 497841097
400500500 3 327034615 264047594
224718986 3 329304328 47917332
237002999 2 342463518 347770966
232053552 2 343004429 478961656
321027583 2 108924219 347267836
45478871 2 467932851 463671829
86033206 3 172241801 390117739
18197147 1 34183427 70280072
16634087 4 217723869 474843004
224178974 5 362891460 327270555
98496571 3 199467654 60838082
236750123 1 432550022 458584893
47192123 1 90089773 158795841
496120558 2 426892581 144091842
350246033 3 143201817 41401667
28676517 2 16900769 222954093
358200715 1 371947260 391182707
471893073 2 123200237 251748907
208288544 5 436244043 377831442
116839381 5 346653477 483653876
392349566 5 48514686 476918625
432637552 4 323650972 197322480
349234216 4 374615342 89732273
76205836 5 388838900 304826759
451321793 3 269878453 215615268
36373297 1 333797713 59840119
430960079 3 284647799 363323353
161117651 1 152251309 487966333
327388940 4 88106940 115456163
28496904 1 43451201 454627058
397805319 1 205584995 284482978
198573655 4 282871409 416657054
268944607 1 174429226 9582313
230227059 3 474395106 473748911
492674791 4 34557704 159892990
485717569 3 12811841 64897848
70643144 1 328069996 46403634
262989816 4 408350419 287064228
338302631 1 112349536 435322408
288365038 1 477667090 145810796
214694246 2 173226437 198853462
492940591 5 215351255 188409271
277950282 3 282372012 17414352
494236063 1 275955361 384559185
33065776 4 6981004 374304091
481009511 5 1841082 1468464
271013884 5 136414262 12209062
88511900 3 481716956 272566474
386290879 4 257017188 499029285
146552797 2 30266362 225290372
14159267 1 107784597 315734939
170651364 5 65912088 407105880
440824782 1 113155017 497442477
197603567 1 149901020 442150585
319549639 1 130468946 265319504
66767246 3 87314535 184004751
152147871 4 64878564 365967593
102668425 4 130151974 185852234
162512463 1 284034893 240022063
190745391 3 417017743 34319450
90051315 5 454994151 60450985
227446956 4 142716471 487478304
376692966 2 167792492 349789924
386017653 5 327364684 152426340
372874403 1 97352251 169935435
26831192 1 467258178 102585642
35852073 3 32335396 414163973
132570605 1 251024701 216325340
26263380 3 29193217 44605170
468355121 2 295127904 236479637
428255877 5 65891657 344435079
46061697 4 10692290 409813615
284254764 4 393212914 147861011
172710724 5 468077421 263533702
496118074 3 335081749 430182519
418603216 1 150410895 336693622
497553550 4 1923905 50206128
87402218 3 228359943 304667833
431765775 4 472549788 166557786
122030923 1 409998389 93145299
134196830 5 341829504 236139296
228317492 1 64345077 155787899
472369152 4 364589314 274336857
407531192 3 35360688 100297929
