399
265786954 175846 307380200 404215929
28941626 170196 351322968 80818004
232933143 132874 22927673 122552312
448915550 189355 457623309 496819018
305163650 390582 12288640 254566644
423344247 40519 44714044 220721199
105146334 359377 87371347 380749308
388885918 360191 379188701 283767151
309323892 402607 41055382 291225242
31201268 464353 185080223 404749692
168574073 433838 246014416 62614017
240069460 324310 168200623 278912149
381232865 6374 113194472 244944090
32281652 139674 65404327 400809418
161105370 189187 386711066 418292559
382092189 225452 293827694 230101258
127152606 211956 491043714 378494583
277414267 126342 261051543 167819598
496436284 449540 253083550 372420730
344715903 172157 329899133 51363900
87418944 242058 13613206 401665004
231615216 378551 123670556 251326192
126171164 267293 70366658 473619521
208892008 257132 390669599 200479651
143354085 492314 227960219 408342692
32254202 434226 58928737 373005856
136703131 119710 140527929 259625704
470492890 117564 178028941 122862236
49633180 148728 20968127 126478590
590911 319974 359982916 376114850
96616527 260313 84129900 253103077
124413931 276507 421678174 127710939
5375767 242914 300628077 251658676
486586221 111957 239516130 248039619
83762311 312552 435990086 26233473
268581942 77323 261570974 335353471
16341879 197202 89241812 288482389
459048647 243272 386424028 216046061
279038531 88613 256990783 77629980
421388932 48521 150772954 356109497
8315129 303125 67462501 408844654
206820238 202067 174078993 369950222
389080081 463136 473290443 419102121
301417648 287374 203310875 156261317
357243485 384447 132607586 482293629
463038286 138626 124994172 122360808
281672178 314821 419911659 12223910
364378857 200985 482965745 497021158
497963185 471652 127060534 316361467
416025909 109761 441442888 82292360
209022664 103960 156453575 403507333
481711684 78955 18332698 473511080
306886598 192881 375490899 356113076
134865907 37449 120475844 54926865
195369971 169091 297503166 191347819
361825289 334525 192502102 83872631
479668048 13914 35489799 303185281
393204147 232986 69401484 301585196
81503622 455639 50004997 127983858
416442561 429427 426664785 43996873
472025016 175808 492461648 420098360
214612316 342775 401029457 141147552
314839453 220536 242143556 490771246
447070079 36246 415486390 44778377
420004912 108906 106393401 16381674
406363019 162710 225234139 118169468
69375662 168842 292454612 131661452
338969125 423483 369218794 401670008
372231028 164390 255318954 395471148
334104836 333465 492762643 263204565
435220352 384060 148364102 214630439
295248085 67539 291265428 67738117
468267736 83005 370485439 68160702
434066058 458771 2757596 361566601
403801013 402571 247778470 68332887
299682131 37558 64736273 326761071
147353365 332935 431742418 348574168
385554681 270420 224276587 234865580
45007999 254715 452670794 417164949
245057749 356964 356690467 38290797
422100059 40515 476346445 84584521
77876424 332858 54427002 176076512
372471465 154844 181681182 30817935
496214135 286680 486688784 452118838
330175228 58500 22201023 327444284
14716518 442870 457260827 244533849
451176859 66724 384503392 45254497
235107920 432209 174178905 243840764
167667129 139834 238581348 244277489
13477687 175846 395369099 145467640
153903097 41239 179933998 138196161
435286290 231796 93445352 56490593
388822253 309594 252107085 405151715
298696446 351477 104080401 125436174
384892835 210903 42697551 449035051
339771893 156711 134923415 270500050
330242270 158903 101377993 101027381
62729574 465028 267738416 77696864
316529561 48091 378393530 218708110
343823208 212138 380938077 177115882
433944468 72460 364538170 443869518
285745292 262436 58358390 480193511
388136878 18319 218294293 306568557
378372329 232189 29940146 425800073
317292562 2979 5156810 486442002
358381940 312093 386310922 211427800
353515575 69929 318386173 218556742
35690844 478654 300804319 475998819
214044851 172250 316814068 131166811
5623184 232172 168764059 248302396
455248918 488261 186626317 181268183
492651201 461806 233111090 182068260
497155014 492927 374746679 422426598
265335009 15120 351029699 383729452
398275281 268631 474880087 415325357
256665846 161354 157014143 355899764
353781583 399926 293219727 159443985
374127972 285036 212181112 310056286
340641192 117449 266947475 205250804
240886756 391437 409162985 198573546
45274582 489492 340112316 381218431
363614919 22112 138329403 121066241
336465532 237638 62732839 475898656
260462388 348444 38365146 134899367
337070777 76496 272805150 359615993
447227894 381421 426501845 267826461
211102599 109892 27089979 357706995
292072870 450655 65988923 254713900
405377795 312066 237774417 350234397
47919365 319939 393179721 13523696
57439490 431293 151811692 89117535
172571108 4459 87650638 196083966
442393528 273362 240942355 301869476
18344640 263706 322599242 240980451
458393196 389935 26782303 64019303
114412758 92039 487802404 285079980
29208889 162941 452021516 145879927
101934205 101105 218466310 230202634
396906455 57938 461698016 445490937
238830074 496509 96441146 102130332
241725997 81648 86021820 483012990
59726563 219954 394406354 33030892
58769458 229097 240672912 358061171
160454660 277014 437581899 303373554
255048432 303881 328856911 233606256
120705291 326947 123467072 285602801
241617773 441355 40701805 383829806
47264494 483434 448691023 376917489
76484763 71619 110205104 98997623
379317914 417696 32027143 339555967
327969364 158651 182416636 181822005
447887451 11579 497632489 344522236
233241977 63956 210828443 189068691
485280363 373939 466984058 102184439
385838861 315499 427998540 278484969
235800689 107957 35113344 133165321
360326800 278771 225850796 246422080
410455076 136228 220075062 370190732
145880960 370479 480129219 286009529
485943588 318174 145545739 197036583
497912145 263475 28646755 273560698
308332624 400731 13611125 448562257
273008316 95265 340635822 180741551
326060787 313346 403488958 345798014
397846698 292285 268751831 142331169
31001831 351664 174012265 188656353
461909545 60719 194577893 236458862
333702852 416388 15036611 167267777
180779667 162075 290577640 19854183
335282526 389744 220142666 416711975
93283463 85233 116153644 323260714
138869169 413896 12282131 261280368
188095847 293867 166482561 168340833
39749741 195624 325044354 428135344
364509034 484272 157717582 361931469
319969715 388403 479279016 177838058
144314084 348626 5082122 37460442
410056271 306502 93981079 90857783
448697877 219023 92573624 208361079
90315157 354600 362843428 44591286
102168678 66799 134545682 7415990
133818411 341780 271020895 58008744
1848161 386287 483338861 208349375
91103687 307710 181167709 124387199
295193391 349443 89490456 173857403
360852551 190348 63794737 91611775
158070221 130255 367318693 327493430
27405638 216125 333153330 203272725
135912084 112761 238900732 425414647
7227032 247029 104823918 84783615
482040932 448813 60557340 341603067
489859608 356133 292152669 468597393
238862573 358307 100808111 99173488
488785969 172779 158699694 172629992
230119907 241238 373553041 414078809
138614536 49295 286330401 255468197
290047953 48369 205668543 35546490
303080809 172539 233093716 345215809
267242576 105255 8744545 286116916
164193509 16406 469388192 99988982
341429471 9647 248816941 161633563
331659380 207605 277362157 198203763
439841129 443331 332788250 442707885
355760667 286567 381977575 57387035
439394480 464313 449166112 44610741
394891768 250508 243385742 167757255
255425894 129568 386415519 25797790
16022794 293060 458132932 195150764
18894668 475759 260062668 321093501
110331665 133721 475332713 189986198
383351964 14252 154960127 490911189
251128925 122449 374385198 355151716
170265117 413513 150753417 126980298
362223120 183203 203595429 201714652
39121946 220404 193628085 44488384
89955819 125349 165172097 76498548
221493111 38345 36923711 53903420
115283587 93356 368481430 240382453
396815149 114423 372100938 41607026
183297369 7329 461364974 115404082
316998138 81578 457138107 13097879
378254370 379034 188398792 32062160
496536407 398905 106964884 309056611
487597932 410407 298100794 274726388
407985611 154461 495809315 372558972
82162714 252907 66552401 72560244
201899340 336410 421036431 81121087
107112181 61517 68564303 404064609
493049309 240845 281320415 156391855
253633056 337823 193108218 153859940
249097847 360912 446190035 189691656
410098164 496678 71853017 393119476
135402301 105466 16850085 281670954
106666507 165728 383587953 204706144
235133499 219220 263851735 135829665
44217739 89927 382321616 89374588
461591761 124297 323484722 200952138
312676604 399703 130421815 92855824
352504372 319376 82295505 29227873
450958183 448652 467637105 199547104
37394175 295133 464010381 200150371
406730968 293008 401207182 430829224
182600935 407503 293377368 312278397
40140582 155272 394922935 493129885
435848133 448328 464473918 218486569
107916551 419904 216105739 419697988
244658675 294093 235501285 331007458
487859506 129594 65591676 195113400
82109438 465354 314775228 42495377
446527551 376772 331037057 442231157
481548930 85112 9987404 20443915
241112300 366891 439394264 390279251
89895038 49439 63454285 97496800
232750065 368069 93654027 392738758
499005298 346252 402430000 23397574
405491282 474981 348475776 125632649
449832259 454384 116262029 280744140
450769525 370955 298523039 272029723
184620311 272601 446457404 384518576
107629539 213425 176335785 194461835
438888644 96949 167979720 337661322
258430221 389682 266856374 72225134
29854230 157883 73023858 329445716
306578437 50779 366786092 217205
332512625 275591 136160186 305000454
415926491 36517 218310871 355094157
448162544 85251 411934235 437209823
73248910 173801 310111332 345606005
274258507 327977 427905741 66805014
320391551 448061 5842741 300310482
381040271 245714 350072538 26207865
467882856 33869 271990826 398286138
10938779 240981 289185275 286378108
492254509 329470 363554660 476710654
26564422 204467 56615046 351442887
395464531 52216 201923567 34354837
56210152 462445 437785720 248989209
437498360 89662 311631779 292181207
205240116 274533 160754987 67661873
454764215 368382 358684011 115222222
490640781 208063 118736172 206784201
278299160 102253 499579687 364023276
401010658 310 450111796 168957977
458565373 186614 456909198 445911156
43129185 15899 447061316 235418371
499301643 310682 471826991 34340791
224763795 356220 216487090 414098349
263932658 259143 447432286 477463158
271359225 166348 114361669 281246408
42349328 452700 27864737 329419198
276415356 7936 8109948 109740889
412847109 292919 477735726 185469636
20794544 186230 205626610 436557470
164745708 322564 63040428 393120398
389695592 55488 382521660 239573805
219605098 459936 123895716 388728894
158174628 209696 276113605 150908332
443058247 389220 79350723 438207005
84799004 7439 234757793 165274823
335018435 120379 276527801 74495168
48254496 39101 249034432 235781080
51992617 34493 36136937 334243511
2907816 230046 465874281 488606133
155881229 117752 243256502 379650569
389180162 109600 37133772 206056777
362734081 431120 404165935 70914322
6146109 103336 204366470 343308266
196254695 317206 304259141 414672743
457607271 197572 424073107 403054426
146788776 437213 434093700 302681627
378935877 352613 246393921 14697440
238567529 254429 14287371 152727735
63524046 27466 352373324 163423140
342716955 433321 34887833 152432659
416745505 316695 462988023 256791810
267562296 66352 447065958 131634372
392822530 320325 214893699 359046594
293958071 321776 101816160 30235178
474553923 181633 110995949 284569348
182228416 328818 280855460 435851184
355674625 257550 27501459 108010526
52073275 396969 288893009 264602116
266196301 24498 370023645 280624626
483014272 33527 281860317 325028634
333729162 323044 386845419 366738389
118862134 104065 71226004 233583442
20997653 425556 314418376 381919837
233090152 218877 6296373 413074286
403963117 10841 431022219 229762890
368903092 443553 72730254 106771550
232188495 270841 423302425 387869877
149544609 174050 130185005 196734815
152444727 330750 447207937 345749480
221483687 117891 328988923 212545443
471368483 11549 54234171 312708456
489715126 317745 165595446 222836246
492833301 244057 181658032 442340885
22979109 437285 407689843 13143537
463340731 252728 219308844 178905415
140764263 68103 412386366 304914201
200438031 27789 313170325 401218813
227668535 213435 387707383 322486157
479440052 473635 22319104 349533572
194956934 250881 423405163 491419284
54131393 480570 127853560 194700366
223656763 104874 438298387 330700694
145380422 395584 25376707 471330013
353766633 298108 486566049 85305318
226886739 22909 347998085 29557974
240978504 371687 100347568 8979522
57097806 162288 364752804 131304853
392738656 186434 311228908 38950643
154341291 495166 494441173 394407831
413261894 409602 141851876 186104038
200453642 266834 369500908 357675734
278094884 6283 27594279 249610781
472212916 411919 28509998 466134477
412111070 403223 354386729 392535933
24633008 196090 80864388 86103747
343224450 408837 409134396 218385930
32962037 224995 290112842 63137347
211392571 110643 326012805 31086595
233333473 220213 34506047 55041303
129839752 362844 135763110 158895307
349763057 349502 168471632 175422092
232742538 336309 281234613 184937411
166775310 469029 101060279 225809031
81771051 162631 186188934 220970781
420186513 93321 207001381 469575170
456849996 483815 399958839 324912405
463051048 344475 165299986 121678340
213067263 313824 453673462 424927547
42726630 154429 160866531 74311871
435273777 363714 270621645 432906758
403308501 78737 442990350 404412589
48571866 30898 295590450 45262276
474039814 99597 371780351 173609285
353419694 246534 241658258 20428612
109212530 185214 483732082 156709998
7404351 178511 115994889 395585238
447953780 77528 403128854 462036955
465860550 172145 455028511 113810969
306961351 306948 108543444 135710766
335214932 444308 364338766 214171160
408181886 203287 344127175 401301288
236573468 161109 57054412 62827131
359395185 279244 316492723 266962134
100962372 200314 167964079 287928659
52218451 40978 13658601 395425923
53218615 385134 273879447 145434762
89404877 4866 327496289 16703617
247264272 260211 396361888 398706922
289178575 62169 322048571 230718038
9805943 212369 487665923 206358158
387286145 226935 494255104 329157943
295648961 353654 440355313 231535003
36082205 203110 142068260 408110050
418127355 14064 359576682 279326244
205611763 170608 281547017 415715679
