1000
476968351 457305 153095 410853
486941720 281116 105818 62687
361083516 226538 231333 109125
313870375 281595 137361 101321
283436446 137243 308492 218490
178361317 345908 195792 284215
239319493 242563 362483 363299
383499425 358910 417161 179902
294023721 69661 315906 313786
93279995 391626 433306 94218
126872610 252877 176410 56842
2182120 349243 334442 7523
442538300 36290 74016 269991
353234348 44904 119162 137204
386674615 140170 284958 138633
163393982 118545 437543 208205
232326485 477985 477565 137442
44337854 455515 223232 260276
218854487 376197 297139 274890
73466007 446368 261951 246255
114624024 66670 277995 9202
434474759 414654 165885 342112
35688333 185400 45963 293973
489358448 442299 293899 422183
13613670 315739 414719 396406
411971919 315703 166856 457070
50839300 448981 219536 329558
262312816 52958 176616 49018
367113238 158123 77208 188616
457541104 405847 376394 291689
323171822 184258 70552 487101
383242228 205410 351700 457343
396282318 154302 236177 482014
163875502 333839 308114 466130
436968047 311714 249871 219821
428221536 399132 462403 484733
265237916 183937 275305 110381
158297737 5902 188238 87173
136892502 152605 323461 192137
462057026 161059 266138 33978
346460702 54123 348444 305319
280885119 305976 407493 440970
54990705 466291 121853 46253
106796141 89708 320019 456142
280775120 173626 431940 279274
298854771 342965 143307 217893
3494637 191145 457907 230712
485068871 384155 303067 22158
20155437 85363 344544 262792
412263392 324064 193357 115965
238129092 465146 351469 359358
60357298 298352 205528 33140
308202325 321418 180494 202776
437980026 479780 480169 346280
416470102 403385 282700 88424
71850986 55384 372213 282352
477312223 57317 27850 429089
168778728 99985 76102 466330
399865692 119232 105233 212323
424408915 113065 405287 214782
312170053 234624 175079 272445
303775642 327932 308729 225316
272112440 408903 74565 443267
346026584 320534 118662 435462
93855306 292992 174900 352553
362117747 102262 164590 346488
124497752 438913 269923 242647
26793517 291928 90821 451499
130070753 295343 403235 87517
290598954 217090 271593 494443
287025473 22053 235690 261246
135767954 135881 177602 202800
115825865 272162 344347 410867
335914654 166463 445501 160716
44041954 55783 14084 395056
138331711 261038 421319 228862
323962655 147428 352790 198936
295900713 166900 205348 259286
408498210 458645 370264 117647
14869988 126708 123022 255514
27412119 76488 301677 419159
402314509 114118 108474 374597
464169920 236270 103976 10515
195983352 5183 287906 56799
184944595 443280 108034 188057
239459606 277723 27184 76089
392716938 464691 181153 278265
111675018 426990 300493 83688
447425352 253240 355098 100456
431985354 114735 323451 477854
393782708 229538 476194 196912
102044116 416181 59555 111122
47242813 430869 408046 432444
171814198 435220 374208 393161
435844985 264931 128031 146018
333886552 243790 479104 21486
98426047 406479 385564 13644
403758716 479234 73172 207791
200625055 417285 468029 437972
169535275 396477 487800 434591
126113748 169576 479841 373175
32268764 338540 43932 116044
259029764 54940 18047 257806
222359850 76570 340701 147330
353254909 447259 259018 269387
44861553 273467 92659 405162
206472750 405467 364439 161926
405241874 76939 98678 29822
50979885 197975 469570 53880
151025878 54422 341798 232530
335534369 366352 72101 471186
290683875 169490 85686 103527
329909962 232484 306478 137330
104541197 293781 209649 335886
162928574 119327 41526 114509
461720447 265373 492090 165045
286108888 134612 468245 313438
29040782 188800 123317 251552
78315944 367178 497719 268897
404357898 397827 212777 98956
363584408 214738 238095 262580
207975402 69183 412647 456150
34418750 371884 244286 490460
304906974 479967 157887 489466
60536655 21154 214269 310053
395852418 498017 56108 194413
86233772 467080 334768 172013
247736702 457099 180508 54666
191549262 422254 348895 439416
170658817 196589 27206 287806
118816055 362616 272276 363792
436761769 333215 378618 448379
87104718 399549 28095 161654
10304604 401901 270223 322862
57084974 390524 185561 206136
8379739 182747 418767 458335
486248451 53794 392908 302041
190794777 259323 407994 275592
402289840 206487 184231 337039
188257406 454211 208765 189770
351851565 232878 400741 56864
98275062 424663 58711 339164
184799730 165727 293837 3653
17652695 367096 236430 139549
354957231 272322 438261 390337
483473823 462731 469842 192523
32480632 291612 46422 9769
418815197 271873 175234 380804
207967334 214722 292346 370749
89535151 239164 126320 312476
254747406 455351 305633 258111
342433882 311365 191909 85834
412166636 65706 248920 62245
285604624 147162 424932 191080
323551517 25212 335387 411182
460924598 217914 497046 481201
419897879 483387 432888 466815
413788086 407133 117914 89672
496975642 39784 31872 99112
435461371 2417 12866 218493
250643263 116953 483245 117278
271752026 234591 97255 263403
130524245 411219 443762 390651
495828094 99107 269280 336822
261842569 189789 433631 378512
315269536 382865 186818 241000
132896774 117950 407383 387398
477736764 69075 319662 462333
165710605 431556 255617 496191
485335154 237403 221660 44465
457476192 51684 450406 116176
33764742 445488 94222 213153
273386540 121159 475975 139469
75968286 114143 347871 326838
498756718 480167 230467 401937
654596 312996 185347 160117
130194836 221607 395548 469045
178079905 312514 116157 408113
213157536 45098 470512 40219
110497735 112633 108641 378487
60518327 469894 120676 423661
383641070 455241 436791 349116
477237536 290978 14660 94440
196997129 254309 318501 24492
158099183 73185 8472 152623
483096678 153092 487490 473938
167712599 100632 323611 436912
227623385 99694 267085 486459
235811386 274186 8233 291743
389180815 121137 89177 277664
258276262 486523 157573 437212
212886843 255574 474721 184854
394908995 174326 395880 394160
369359236 387811 387804 81078
42310908 13166 108444 70462
68025603 453972 392058 469740
175037520 239220 3171 484610
293354598 408713 94852 114985
23438608 480593 236801 376135
378975468 30932 169747 20666
337309908 284361 432453 380218
186640653 144247 481082 251152
268221017 52067 376373 218016
235191396 300950 149521 144265
222407769 208428 332622 20663
6557559 352315 18935 398306
5329701 190447 354099 386112
100737109 275381 114553 246935
29632935 114231 1146 103488
465829534 86449 40881 38090
347773803 351563 457845 318074
161946409 264855 308488 453142
123304919 297826 389695 199506
414658235 494512 352422 135977
281864716 29415 148658 35354
468230458 446452 82056 69651
27119220 463211 60829 425403
93335294 146459 88543 332374
52183627 407941 69273 269924
356946641 487256 7126 221825
96632292 178881 76184 172913
242450899 109914 383002 326479
232346833 155904 3543 382525
43319151 66213 185618 72798
172193829 321762 398158 394309
371409733 287600 438757 406816
143657236 14160 202995 58668
295608657 156557 251050 4707
366826428 281848 439293 292096
164180981 307602 412767 134474
429768665 425697 448356 256418
234786518 362272 340100 468790
297622738 156675 320448 208208
281088796 419092 387945 462862
306080364 218121 330680 196396
402410595 268444 79196 386051
143401443 219873 203948 376730
464063827 196502 418205 328377
328723124 145516 24293 317743
209714855 231236 78027 82177
371429115 332389 71192 459357
281440317 326520 11697 133256
328567384 341879 350262 392415
481149434 277769 141497 159654
295353615 71469 472117 148592
31860808 144649 431782 37264
435297651 447194 61527 431329
164885737 412104 31805 467198
418725101 350239 88875 60881
408127309 387065 102632 94915
292901274 471278 497703 405719
16498766 411662 175956 106870
372687456 69999 323269 328598
496418084 176604 32574 299384
205294958 139154 423687 179315
309754701 93156 385195 366913
184581856 137657 467861 406946
282368648 334049 433350 407634
378040347 78933 402531 141284
464995656 29151 18393 114371
217344539 110043 172595 418086
10163763 473987 207323 201407
76486037 181418 495033 320601
24974050 396335 363140 220397
432507133 211530 318522 447390
14288963 334662 169534 57962
212172382 99729 64354 52656
331853601 492838 102881 447035
347645322 273187 318235 85448
180958777 82081 481838 144962
130156113 159711 368228 390137
33075232 412453 492659 1469
204012532 461753 187085 258872
94913870 226046 24967 453444
199297920 299164 400835 380735
365795980 61475 459148 450739
406379731 283757 138209 215917
139004058 239663 320961 248612
345607297 55724 230447 80574
1095763 430495 152385 279592
329081214 331750 371679 38250
59583959 467340 262994 453543
23007440 172861 130244 445584
233013874 44585 150617 147922
283102654 280038 253129 6024
63846219 458750 348553 268709
360624327 131982 151802 456629
87741752 442588 56313 438543
433581653 449892 44355 464333
445492003 465811 49550 403168
267601438 225834 87677 35260
246110020 86487 477362 2521
485569247 21012 443348 27244
220859226 273535 276553 330551
133433256 306785 304639 284578
497757163 40738 118431 1182
339288724 370292 58827 444550
139432089 62368 286347 183684
213273111 39477 464750 456832
247122494 297970 137232 351754
384044620 291896 223106 80558
320715951 81839 493785 114200
380756668 444161 450664 2051
340374707 401444 479804 328391
242166140 174810 127058 131256
366468197 313185 158743 413304
448039722 92160 309417 84883
85420487 201110 105727 20505
340377161 361884 331596 454108
184868198 351332 455770 16699
478492992 24442 459505 191076
33618941 403928 464538 446663
269639820 406811 11485 392678
383873482 154529 58062 234820
1245145 312539 297606 108509
101845119 338883 299000 465967
493267953 332916 140506 15086
221188647 134171 417591 285159
264418604 149990 449356 202566
362257046 154318 54257 170561
467338183 230082 148396 430225
403780685 121630 136381 206960
173025402 130716 209141 315032
187223173 491702 70754 308782
56576091 179301 185741 403691
237589132 300409 497251 308349
222682027 293146 162682 295846
373372033 331350 459891 388750
140870193 144230 369203 240731
325093636 123783 328088 205145
23500960 436611 383522 30650
208946886 466736 268849 232024
122673511 311514 249223 145687
253645832 184429 244178 394345
363062546 372359 173934 24971
408081135 88909 308121 363080
132476634 336522 235868 239375
142568875 337851 237835 13704
495272173 272532 44260 78480
131158365 123472 19232 332548
285468758 44981 298100 206972
386190288 250506 216488 106726
464030409 145833 335745 241364
268202850 417107 469438 418996
369557873 87371 12972 243321
310037693 437490 382827 405571
386223892 56149 219885 80276
198250024 400283 376677 305920
167724454 481860 242289 350585
311644153 334436 56883 358843
201789089 22254 350937 17859
96094140 246080 43279 189015
392113057 430800 272026 111329
287646679 56903 267949 142052
493244841 112823 192861 469805
247537838 483874 222998 140631
199755274 93448 179732 122255
353823907 398228 400517 374304
346884610 572 166921 296917
314384061 430546 471469 299533
288865044 414513 217332 306019
710471 32980 422768 345242
322070193 485419 103336 100261
47316689 242281 441302 19715
31267725 95603 206822 11369
237938457 43310 194343 357560
160660400 353898 16997 397872
278275355 8460 113479 135913
143168231 179647 467996 128846
448030861 261890 328002 26331
354362965 20655 214058 492837
324328889 113050 275171 57328
18396417 412672 172256 322655
390832315 160532 293891 450123
95418460 93991 392342 204307
160844509 189182 97316 361083
499433078 354954 223948 283475
245821549 166086 23554 135677
28778864 138258 37301 490809
490593308 487433 224994 275735
120086715 210006 486555 325866
193323668 238713 108193 82471
465001539 23604 168440 406942
480048269 232454 187379 61105
177873100 9610 238202 235903
101003607 308531 167835 93647
96386449 356730 450654 350507
552076 71977 287833 310442
152539838 263299 289299 413865
324633345 376733 141051 67388
257114711 53986 178114 84114
124294683 93006 145832 474670
141615305 263969 189047 426692
337281836 5394 160250 337752
46340909 346536 399026 451902
187101385 114459 148738 274741
129009918 231458 465880 282207
234285992 454637 48477 301210
218809038 348621 488093 228967
105564545 198187 153749 208977
422592834 128085 135891 427133
277917892 451934 76198 487853
262575593 439861 276974 390869
106100617 286627 381391 245889
140683739 282110 157594 404084
361439807 375462 253718 29153
437044790 444914 165684 326812
200155404 154390 6035 84772
176362630 109335 276209 341019
72947498 343821 482046 323186
8596467 450000 288713 176700
442996067 402418 95741 448382
480427518 410326 264187 231814
95820877 144099 4589 429253
358688425 345678 99194 395742
174740599 64958 141373 299762
430103264 214246 340829 209353
57020506 59302 431561 27133
131543348 279714 407210 252876
375214713 300726 364349 365183
156465811 473963 233713 418458
184101632 175980 285847 340013
423737909 177996 109884 430945
75776086 182135 420057 340358
385864718 36368 347836 392542
302032752 459836 31525 239151
476943557 118633 42888 496064
228785696 45196 242598 306949
136938647 159621 49718 161439
323446505 492960 444390 294227
20750574 390844 240282 3959
138357237 261066 382995 373354
406471121 283508 98349 52024
311222417 372599 257007 409621
384462271 311665 222509 143155
497382926 478167 239278 186167
86692931 130603 19736 340349
232212807 21720 380007 412633
166379361 355660 211755 185511
82471877 22592 131211 199849
36097845 285409 447326 196199
289104688 52409 39175 54513
52283728 214520 176890 230575
123073683 417812 61435 218245
448666854 141758 33852 380764
189361612 471582 227892 486751
408222872 489486 415563 365268
306491836 184939 196430 185580
343426430 380659 233115 113267
211866953 271848 30831 436890
329192711 395192 170984 482473
391975291 83658 292604 460932
325099032 87528 390273 382357
356898583 55241 304563 273363
336340806 102140 83558 178054
422436042 438193 119164 420310
11737414 325405 405341 398203
168506514 76039 153747 237911
468598864 341730 406152 197451
421233495 456137 133112 240787
134500974 121411 111297 88925
483855944 27854 424561 427730
379194939 352566 317259 41428
122233327 113544 208998 301706
262242384 459908 134888 67765
258217158 348051 432425 49006
107242018 310800 97696 466691
196482184 477145 305423 381059
427993990 25060 186944 63174
48143892 460525 390761 103982
33325421 170188 47204 67670
467268849 223686 473614 67052
314151702 130472 297871 121770
59618390 213272 56120 391314
392544727 92776 236240 412143
279651274 103772 142641 418058
257266319 333898 322905 37260
6548916 323774 425638 18973
369999197 65248 487111 415529
318421676 402380 80646 61648
327324114 242303 466924 315509
458738948 331941 64083 458802
495593992 343380 333204 441908
380431293 113155 278815 287474
315658456 461445 33395 288474
488590406 183370 81074 264435
321475895 77319 237673 473549
417269686 321182 380723 490177
423582868 136014 114077 138708
417989093 392050 29473 496556
439947218 223096 138500 349932
108626502 392984 306256 267793
184590483 415279 353599 46010
84776094 144153 422912 150139
270015477 4021 442276 281382
96161873 62021 79609 50173
428680876 52474 38734 37338
51510409 67213 9053 478431
161884582 372224 498410 460838
330713053 132275 364340 253176
252639906 281717 434414 496597
129987167 11735 467000 487804
97694819 7636 320348 111970
406550492 362715 218896 197533
405543106 43478 276769 450101
389476080 180756 470715 123709
181037567 23534 399180 412684
68359306 485906 9624 439069
454890065 171074 153207 190055
46908131 295143 407709 387841
47488606 265813 382932 293296
378590067 146728 171282 362800
49673101 395733 16529 249776
368704021 282055 69650 292967
3053921 394583 43615 422454
201649173 435028 317819 497353
456383320 121059 403294 358039
389754437 348660 352666 330444
2472320 445513 426254 225699
12965447 239099 135659 124151
228340403 318633 56719 237372
79826355 35226 495130 23124
490644651 292705 361964 71121
275278377 100731 260229 330495
198596343 35580 173497 77551
208650449 200773 394624 285120
263105357 460191 138155 200622
316428501 86522 265304 95078
495586539 39867 482908 171011
430371794 282571 106696 68107
175840843 260589 304638 431654
128334783 346198 375222 425078
17502291 370871 376852 468426
368146782 29092 345445 237201
279038518 474941 38405 443331
356336655 183819 304021 378560
134850554 127734 6196 441506
163817970 151576 107081 249662
168455431 467366 401226 423559
445431582 177630 3433 56620
209993631 328931 286565 238535
402563323 477678 495121 442598
113675742 484778 433055 179333
27509255 271670 105544 481041
84879440 36768 5045 451258
450922982 482398 46778 62776
422233030 305562 414404 97947
97546933 153683 289561 242119
140725132 300090 491041 483589
477633313 497344 11860 418118
55675369 264458 292639 16530
324680265 67492 44756 493939
424245821 200651 429259 133382
48908248 463299 91792 33153
464614237 27003 328577 373482
109890657 288686 305160 76008
176866650 365493 27955 160571
40197673 55776 103649 303505
105046629 244266 93650 356323
79437787 33050 231893 223552
348763802 111922 480902 52567
33988833 425317 246904 191102
12612225 230014 394888 30578
46158167 385969 419848 74265
68523827 127979 200226 421037
246651141 101442 440618 298828
28838198 354717 56512 68016
389946667 483703 397076 10033
1565255 337144 133071 410167
410628877 366841 314320 442994
264187767 166359 74377 19080
318136090 103994 12814 125113
337529046 242942 355517 260212
67081027 213935 489183 12279
276970191 19738 96170 226438
153006048 240010 15861 99585
47425941 323807 486879 282560
438607223 341159 480725 185007
178708480 392077 114522 287582
406156021 139212 376502 163646
205810472 64594 349720 226475
39988929 344188 175110 10517
492780423 423480 308865 61482
200268229 379845 156706 32914
332189185 230231 459093 234001
283120987 480187 301623 169124
359796186 328365 183701 321486
105970264 210046 4220 172770
306521222 63172 226493 354687
236659625 90698 423443 424605
486622289 421645 444227 245238
147955090 377174 259391 426042
124672674 254930 89188 270454
474114319 339029 2668 230056
51084646 126827 231544 105304
5532681 159030 77473 66551
311799346 378572 203925 77748
66982843 474897 498473 373172
330752827 392143 228916 109387
456250292 28983 374279 44574
254313888 240002 293114 138163
116763452 268245 59330 170227
63596984 57479 196385 94868
138278227 431344 412720 250304
26441789 49065 191212 429125
406962850 399826 280395 45593
404136959 324199 446703 339478
90762172 471923 144554 93910
360570119 234152 31595 232675
303156506 245762 251246 106790
389455675 182155 464390 8388
489509555 365189 321125 105031
115633300 494269 428254 421236
378178228 467544 104729 338288
457218907 441602 52625 195986
390119798 331296 98302 393945
495062300 373574 11015 340289
472690220 151418 12581 211382
89324649 158864 153571 132193
292075297 433885 69789 368638
20615498 383150 450985 78131
252405970 473256 249982 149787
219613603 359709 52732 308076
120750074 280423 293536 442608
279417023 83476 197657 244739
414356392 471845 94943 239445
382155269 348870 49954 96323
386307123 190810 65619 369548
264940015 325282 345706 80465
21160569 28452 448398 124947
452391330 201321 402190 285356
388616139 388861 302959 152745
279995978 306913 279194 271838
169607515 476318 326732 158892
446340979 455350 212558 123055
162384265 14694 454971 143322
489789067 260321 4099 243618
311663608 460204 126876 76908
398721426 492074 135129 267986
170915446 255588 449627 202764
343130632 319887 105248 226986
33695369 305145 97340 349171
69824812 393519 204873 293550
31918024 10501 299298 110830
401902193 172572 394302 108380
170491554 403964 469549 228621
164424694 456730 183935 312837
318000387 425057 284700 187903
345538185 305222 204846 301612
386154813 196113 447252 350287
9031773 400526 41040 50385
423573437 133955 32673 492757
34242965 175499 134292 280052
65145583 196529 405185 92227
95706678 191244 443873 37154
428920614 207707 77947 270990
432238796 193244 102732 358647
120514394 164872 268024 446020
223543211 381856 381093 12054
137880907 462750 414397 358170
144929099 160123 283253 151562
85953871 456924 186937 49556
93688724 363449 16865 304452
451956762 229463 240051 368721
197362775 489654 77920 120353
22511508 252197 352227 218939
450522018 56846 299295 451990
302749096 140428 258724 164245
400586211 280860 291779 236447
128709682 8210 79373 112735
203463985 82709 261761 192763
383294104 204064 157248 480446
114876764 205584 432640 408180
133124645 800 379653 357201
461926747 108396 433789 438838
398146490 429371 211020 333281
100644979 401120 357748 79790
352840882 194157 114723 405937
278707758 492024 456542 47997
474222484 372689 495069 20267
150325803 239043 229801 36552
246166338 192777 329735 62003
392141616 468271 55426 310572
152306855 453959 216185 454161
36813440 221235 163882 41873
206506465 375762 213728 483436
144036602 247657 255002 307313
47449875 173194 385082 26371
244754181 53542 421516 276483
494462987 227673 415175 133711
346592068 264159 384961 125032
70987372 284327 189031 37695
165249300 489330 315101 219912
288561237 968 491490 78535
68087982 150718 22112 167522
362761072 162520 227855 87124
171476291 135632 112861 370178
414645547 377438 53404 453832
72574856 11627 492665 393545
443674446 69626 460010 72511
335428085 479057 191838 154435
392123256 147389 78287 433439
358458412 202779 291829 385015
337188071 378946 90983 175104
235894543 334123 20582 465679
212654011 496791 104242 326425
490874102 351550 214485 62203
412273884 303449 94906 473851
326156598 479086 231231 163627
360762126 303062 481266 64627
397722881 359414 122251 469159
285023321 492725 425945 252703
242263272 50837 482099 339677
297557205 311734 164531 337653
289693227 425852 315397 247597
384487849 175322 44523 199711
78891155 73099 45399 133138
340495004 312891 195022 221924
443636882 1376 110093 308792
273251479 68137 99166 47099
316860348 309680 418200 62791
75436378 390741 69134 169356
456021172 259129 39603 164132
380182307 248189 234241 309136
252620271 139048 165091 395566
398512485 205871 232862 447123
249136468 452734 383411 291966
395608192 268089 130351 109978
50354893 55059 206847 450539
48968847 60002 354376 208872
127845336 369169 442580 355194
164457139 129840 490720 261616
365374416 217222 295337 477387
117703724 565 176839 439084
385928013 18396 73267 233817
177755143 331493 36135 464358
169492841 353217 370958 236375
278301545 237793 44033 63597
301042384 455398 408284 29017
450645169 259755 146303 277140
44708135 122292 253870 298145
492429957 440199 117046 30033
21292295 37237 121127 186705
374320440 424828 135890 31234
224129899 113784 21521 401764
268496437 190359 65308 41324
357453851 39745 305194 34418
463088406 466915 389352 86996
323338025 222065 489327 198451
120003348 398535 159391 80141
175155144 308770 20772 299556
245344535 204991 448649 11313
319588064 78931 448067 285885
475026176 464844 227351 30934
321660906 242799 46427 329363
207282703 298459 247037 114674
75729308 17991 169901 5273
295118727 237978 263031 343966
367256385 259011 95591 320456
121698427 436834 283955 37133
409925679 205086 421340 261843
224285305 298282 190695 137124
58545842 115667 449722 234035
19108273 246435 432702 17758
359329680 414885 269444 51069
67404048 368319 380344 49793
154003981 299941 444924 198769
446404223 85330 177147 372073
469690288 362057 19078 193716
293860211 130784 276863 5717
304057805 41612 495007 387518
112166542 200853 23932 42430
186950983 98665 409809 210133
487274080 31666 395808 256896
441660350 457861 255004 400652
483764145 357728 68719 147929
241707110 255548 143763 116021
160292803 247823 7335 497303
123180093 311424 415752 256913
150444718 243270 259940 300823
216812220 373514 255552 107102
370554433 442384 37046 261505
265070864 90142 422388 50078
45710071 498926 410289 324875
80994454 172398 67794 408137
342605066 176726 296994 488669
301210582 130109 240753 354541
476705700 381418 432018 442470
464433708 66103 76382 82703
478740206 320542 272412 467904
199808667 30552 69363 116750
278143241 475436 349129 161610
321329509 351138 457613 267680
350097004 314609 469263 436941
279233496 452609 427326 1425
62920589 191260 307551 472515
455994593 61118 70879 149732
403354251 202232 205142 356535
292870737 369803 78975 409880
149753714 40638 237097 97632
56938056 143482 164233 95868
215324089 168199 101714 481736
154163628 44295 98911 254424
80030933 377278 378637 254208
184737528 265350 59066 459955
333457268 386789 366194 436031
407131146 493437 95558 24633
260381517 476140 209695 283584
490898322 447326 57691 336498
5528866 171506 38831 416934
256739892 490718 286418 15517
105596319 4810 21282 485316
354822725 69520 315270 213897
125859254 90351 66970 428560
464161621 16534 358504 171196
67254593 360816 121968 474596
136446409 347251 441639 295702
295478282 99641 80878 450372
274217373 421578 15300 116388
112140341 303497 286847 143675
458510329 8340 280179 214750
226136003 451167 95357 151706
331004515 220322 480818 328784
77445892 35117 102384 12091
466882078 341979 241972 498187
141660719 423217 482012 470147
407084700 364409 74138 93243
44622403 390435 321375 481567
228640709 266982 3137 271
236513476 16272 314077 206740
75109354 299928 337259 433871
421393010 428520 107516 323929
481467395 372018 445060 254679
54318940 95832 85064 351772
414110675 228054 423016 87964
341119107 262652 389965 66223
395455364 452839 385523 236576
157771863 442856 363508 383582
42864534 269111 309790 461690
337572650 216317 325161 329923
94447250 11215 307199 325256
477966856 134699 498037 86015
19784435 464126 426536 174964
259106340 450338 198417 171077
108395093 334013 173068 352299
83386476 316556 314697 66011
128445336 75948 242346 55893
38942194 477491 279045 294245
301756127 176196 329700 397640
482018274 293259 265301 189396
192320545 381337 335902 15334
142345713 457645 357435 287078
433493111 144663 491134 150977
493098397 366742 181560 437909
325602 102201 264678 104022
428413480 380941 104356 57562
410149269 189654 202221 9985
12139337 32194 381375 284712
7084496 265135 396688 481132
45429614 15371 243047 357745
231806034 38507 68881 118710
143574590 494848 401665 263210
164189974 429023 7003 366996
142933463 119494 34806 455669
306363859 424696 301209 185451
124419279 8911 213340 428282
471960886 36222 94458 224469
336932714 410329 146884 235913
138412287 215329 428069 151573
217704554 104231 204039 115163
327625597 169828 374408 103653
282540382 483165 85771 350570
36671165 309177 53654 444963
46105420 353406 266286 429676
188817704 358654 329027 499867
128034797 453299 46321 2866
282142126 191084 157255 476177
85636140 474425 218742 399018
140744463 5964 417742 263702
410166949 462254 283167 478891
385339376 15804 101356 243591
98145257 379087 134957 175660
327382204 90652 295489 281401
30502762 115324 133555 361078
62312664 105484 55224 478279
115861071 52252 376514 225689
164822510 185883 208096 186797
185230242 137557 306292 370798
188674781 369927 430143 215499
366568127 376825 490121 102619
408656366 254598 395312 423828
319510653 199432 17929 19987
392387077 187568 26480 283017
340949496 61243 473411 446067
469083617 235502 26530 160284
425168355 331766 358426 85154
314670588 408763 320036 121694
99962186 155977 382312 157502
289902478 126924 205684 447233
492123330 388688 376131 72578
172802660 409263 437107 367027
130827939 496742 428523 285152
338864662 62054 406029 483598
287854784 216618 218640 276911
114729959 79866 380262 144944
314065692 274819 19722 488834
4508152 378254 314145 258545
389687659 47524 356998 429277
332087286 168161 225786 91446
204510568 387930 146214 32863
343384698 188332 47332 211647
162263701 449417 104756 239141
205766050 394776 389169 80973
330301247 113240 405155 385618
201689312 82952 118621 444885
167311897 320438 178531 191761
157910910 51798 85359 336487
2504558 220787 271018 144407
303507506 146960 91654 438015
6605011 25958 175814 186080
228036353 425799 320843 214614
225425592 487990 311675 308386
122778326 320117 477653 214472
164906699 481371 27357 68461
186791879 193816 221469 116167
196108775 315514 120963 226133
402347256 21734 248687 74297
103901819 180744 280046 43098
114333931 25134 107852 170905
173041002 410565 98721 272999
349235937 252277 308900 153440
113253963 103344 438367 314681
208434312 174065 37367 104884
498721960 1688 314234 23187
428984260 382051 360934 380734
446597281 418681 291404 153541
75248946 60221 280199 468529
264695981 248632 169710 398432
34142762 288808 443584 59033
87206534 406719 236871 224954
114105633 410138 484247 114279
440073224 487613 55587 463941
53906287 41186 485100 233244
356370043 485454 44435 476208
122174569 30373 434077 436135
198036190 258437 171941 383882
288550750 475270 438835 440847
174683388 97933 360288 306463
100847311 61141 160898 2206
220366599 420822 65546 406170
395874961 3535 2477 364262
440699660 43323 275331 212480
52558449 117623 77127 137558
422149675 406033 409120 453496
105675846 194990 30135 252239
186133944 480271 267925 473410
24243036 489861 268992 156383
43271802 145768 228348 221967
335510152 248360 23845 430860
405024643 231178 386741 94795
109790438 141107 189687 305437
52194570 277199 172382 465330
441264843 498722 257491 59476
80478739 248284 259210 375099
447585695 82757 445611 218935
397486158 140647 448976 200624
237908134 314075 426660 477537
184571664 151825 184271 462860
330302425 307785 10338 215303
145112326 421908 117108 473140
356555876 183579 317389 151714
182235763 121507 484070 114629
295856100 373607 222773 89865
134848167 123189 36243 209235
350321582 220162 167224 399424
299309415 406482 310086 30378
83660708 304324 108647 49079
391605394 44202 380797 439787
242476239 278585 333327 21548
323242732 95367 256393 46604
404697431 299375 305252 66700
297153006 481030 354622 256780
205901330 473877 421882 14431
44547464 97823 214172 133955
209669217 371028 50819 151702
394300471 237282 473807 275807
22815966 148578 354011 360682
497248670 205918 317603 226327
189829536 301813 335745 233122
363649943 296021 185315 287663
322976605 1518 90738 167814
244252075 192357 409890 193431
253903201 427691 302767 50041
412049794 206678 28584 41930
385811685 238180 211340 16835
251339774 213423 46134 269452
296048940 139211 387919 176952
492949798 444207 80685 247975
187826152 339174 54680 130592
190524781 293286 39591 462572
