1500
298513707 6496 320048290 4810445
341334005 97308 272861622 221176848
308487792 468059 366209763 175294511
249148033 490648 355698488 160528515
75004129 390706 274794460 490431122
110526158 444909 258125940 357198618
202390777 95216 86087438 326078623
160117812 71007 489680766 263608745
341567877 235962 109015674 342975995
204504565 279455 442089923 358392969
190894404 233866 175096390 430680678
346156069 304622 97517254 114164620
220318016 15744 340732379 71207176
146413052 133090 374493276 443942235
475667388 125847 458305993 115047194
160619642 225642 324898684 257470433
208119674 238387 294021904 222817180
420461949 402508 292959973 354371691
203034083 214972 7032268 56094885
211523763 423210 319119201 470760094
390944918 173907 39862086 75314309
463511375 214978 356376901 470843502
155157776 412212 181469240 34885650
256800043 129393 290950845 27745206
337507218 369411 421565573 338512555
181254449 458954 148345828 354499780
252872928 363648 364415326 276576727
171819439 227804 159920275 337079548
376683835 207073 363360227 438764592
148002420 411170 442159723 383691474
470208900 412892 269165438 130972380
14411867 72759 299344727 384918450
135199444 148399 471360660 151635605
479123460 401281 209899969 66308010
427243830 489312 375019499 364674152
338733939 304967 230874941 264883639
359878101 104778 453396356 22478737
213003230 198302 238685518 32625860
170001925 316782 307484010 130683430
18023396 293394 62477024 43059294
96293318 207496 455905857 447001478
24132009 306509 61551132 426937179
198116891 227627 256084496 380857900
474972784 190793 316610817 396720725
60614635 250435 211209105 401642942
326634560 151968 407486260 352764862
442842298 375807 201854504 413570072
122639054 111514 28490096 498857790
237383687 246741 132729680 332912597
10802763 231610 18883714 136292451
393366627 80463 348193001 205320212
224999084 158699 366704719 41482520
436871264 5176 252757891 244318450
493415906 110037 110560339 51968894
387925888 158751 254771715 276808150
158478327 481064 231570860 222935622
335043663 248062 125624234 2371542
461985001 318814 151647831 91154305
193421420 99694 294601298 367200382
219956995 312892 251041189 128330325
432074503 223641 407788802 488962804
118791283 225149 321408452 155753277
296557664 227868 477883427 215659110
138653906 63994 47876358 262336162
120503000 439321 279536593 473597910
112923521 2801 233247304 371748258
316263053 98600 365494717 434989504
467475554 305096 469011454 95740550
70670406 357985 406810449 424315215
249431085 8883 53141298 318373774
132515893 341919 404853069 309011367
390164875 481609 182165770 211734936
134437067 430964 42122689 382776648
11616801 463830 42569475 429759009
393865956 471358 253855462 311789831
200450191 347381 352056623 157785214
96913499 88324 317038266 245245549
348580227 61162 153112856 61499892
315886526 257786 279249363 433190359
264479613 387515 258608525 443987517
401114536 425659 214034507 233865711
217036915 300213 178332944 1377570
242778086 394018 71467312 332612690
269198776 372147 80995663 344139953
354546942 276644 83320359 310391083
245554831 477203 455634933 250482466
407088869 52232 103848765 49632807
357258414 23136 216690477 382406095
228461020 301876 309988188 411673373
276932714 148906 302606047 324878995
24597335 336554 270453544 368595715
283108133 200053 285747457 496943131
424290992 150936 424010670 459842734
2733127 317489 441556989 146857526
147238861 301891 479954858 167111693
87764457 74429 54719233 409466392
392804017 295115 433045737 15233905
254417799 287876 464638832 217673696
101373341 462748 57626838 22517130
159930711 198165 140736292 302566874
288595997 358496 301695646 313828722
318225668 37321 430586771 69454212
355600491 65541 334013543 406286080
104850352 4579 141167011 6234342
58884674 290712 250979074 153649267
94512964 320801 298138315 332103591
378934811 182790 424129859 448237248
163782341 446089 203085965 199630908
219170311 241372 204615928 150960132
458688343 351353 392448682 279788406
183636099 42282 191633378 463208175
129429738 231039 252860010 196924567
499842597 478195 59605213 245776038
489036978 56354 185726211 255412938
355072020 100694 254858576 300185218
14273171 59074 457331329 478428696
89324133 61822 72961740 454985196
3055234 93202 152126853 223129002
475156242 275096 118817405 297697243
95367235 484573 401145299 79899148
249482647 472704 208969128 2124310
487505567 65041 182802756 416155565
45633177 75838 223877483 97684123
465915192 410312 146626572 323626349
324257613 154 15076889 81050416
332603668 267726 218659826 193091307
448539604 14486 11743094 28377294
84224797 407826 167155496 133793304
488072920 485732 275992128 447723903
113974118 490064 184789946 199253401
10928096 438325 369142667 495986424
281091545 245480 309476128 424566342
60982711 248430 261927233 33904997
398436876 41104 62711711 342306837
344326438 95073 232868999 396554923
230740191 37331 430465336 192944447
28838079 263536 244264988 483318199
84121207 262837 187883263 485735896
324493447 23773 287957245 289058755
149189998 258223 265193956 444648435
295999193 309684 90273839 58308217
28248764 263024 21239451 491207798
30477948 7788 310350032 265163096
490882335 229493 259521694 216276540
189772893 121619 442704380 27768143
132078002 489836 463226366 461910259
205627343 279800 380380486 198518365
195378668 314905 331806396 182895161
18359986 203934 342953723 379134861
210430045 487293 237125104 172108463
389036210 404749 123016229 477089473
259020837 319641 336402136 62534131
385806934 349664 117347499 431515258
85404954 377143 47431919 261095462
134069349 20572 157478939 419115440
365926323 396994 442200521 192967549
116495990 178555 442233763 58575737
495925918 58990 402465013 243718130
473165221 425221 205573037 492534820
433696407 479019 450470384 293671348
256252710 100330 56201579 414111908
398519746 290943 228140050 180271362
42963843 41955 494574742 121041845
10876128 200215 128154004 53567026
354803770 236466 344255783 491751302
412422827 9612 16006533 148293020
307806299 291901 118083298 466045913
154107774 172511 82873021 301947092
152017553 265002 322976235 263708120
153646649 175230 466329859 448055736
68106596 168118 385212308 212687061
398623034 50401 396567342 224580380
161882474 437241 155702619 484723083
457168036 12323 47100918 432714030
247132810 64833 396149543 264935799
496200214 81256 417088096 42899898
50403606 120441 374162342 402123003
210781367 475015 331333234 373843884
458603610 122982 498687814 496221388
471503452 306097 473096325 191230712
308710114 365979 134804300 195440535
282335190 64552 179461386 84646435
491323384 473760 122717721 351749463
367377370 18511 436020460 16618598
270135322 290837 170605518 19432926
60234279 3808 10698052 71568473
134637664 311382 258437887 326327830
114909402 437114 439495819 341564440
480851162 476408 400299348 400673213
236119631 294503 103090503 78027917
343110881 496904 16312866 298076957
114238192 418874 161554574 288439743
65100356 471908 354827097 18405625
300197689 155197 192131994 13376525
33300905 469662 483121749 318034015
265796969 264459 253107008 144000640
331116818 111426 86145970 214320951
265293144 306940 235667285 396542097
296592517 24610 223685454 7494598
297934221 277935 343515701 218145553
405200482 219899 259146455 77848069
44799067 191714 38101136 88382434
1406751 3727 380970251 121752141
226376968 186959 36038824 346251007
276531780 433253 234343358 103338446
461966198 380530 409583146 369514945
321177888 27990 114259942 210859739
142056633 193728 355825519 132800842
379898943 190010 276069688 72313550
480485379 464660 293719166 177264273
169095937 384660 454689414 144301156
228460104 466141 61210390 83750735
120831978 64341 307473714 168818283
247076848 205193 15779917 40661897
237326827 80598 19957198 394532033
444670418 79909 21929682 456144291
97125855 416729 266479983 206920206
263558554 331620 122149495 226505609
113819916 278625 164328202 405378546
130749706 136107 486815306 250856094
192371514 269698 142522218 257242201
24012555 101451 452503670 496701451
117068097 236087 396513670 268803731
430096506 271707 280612863 183190305
435605114 374096 490084262 258089874
201380178 352506 222829948 325155001
111994320 464048 218211055 156687648
16174228 68464 103757426 188192064
153117215 266319 84232265 475192452
236429562 428276 436669096 87888914
333610485 132563 132476642 145855218
164791260 416968 318573853 443279023
387163327 394160 246504458 400455256
13452891 117850 404881359 456650278
71255170 127911 108118203 433193220
40222014 362517 495269833 176143320
469066996 467688 220247587 347633722
36980515 282418 70953840 27167036
348545363 187070 323316116 383762566
183055660 444905 358473019 303503369
429343705 195472 415599054 54604589
380260942 367013 142167982 381266824
220754368 104985 27984687 117530596
473547938 193018 171338571 162548216
237445269 493519 248618204 11346449
156991386 72965 322265614 230006560
144852939 104270 296502682 251548141
496380379 137636 2488175 243686428
354318623 296622 25336783 180351085
215740745 367939 15952317 232632775
462079439 222758 122681776 94408211
161229795 197013 317132315 380077815
66942693 228726 304321656 14472313
11501494 109764 293401929 80554725
361833495 17702 280674223 2297334
156332944 170867 112166820 83631086
230738251 469584 380873045 237146638
210741759 159197 497911094 234552590
296635237 69960 73266730 274641526
208406739 312004 236721008 229834878
400442714 3254 74925499 425858734
65265034 369506 419033498 149044231
215175568 467317 213445188 112644914
209701311 244424 110171451 214025719
207987545 272165 396448598 367443428
401342655 488063 439593428 134401744
437241179 59498 13265672 88482291
408210132 40076 463595378 267789940
209640700 494816 289608137 254234963
462656873 184961 252370647 332399792
354385183 469165 273100458 126755542
246477108 122780 238053395 192977701
427883890 324999 357706967 110969083
273109358 224889 70492200 267941417
74010269 388619 341196125 254905187
51316715 121144 182871922 394883591
220031162 462873 344803526 453696064
340810802 406530 473960437 2602833
92267716 149629 112121111 371001915
404442354 162158 121071095 35709254
140766625 262472 8673909 446736825
230636251 90478 88194713 487120831
147582588 10409 134820348 67640254
256004307 267343 244432546 470969840
255685714 157539 250984417 27941971
349424980 22096 487196482 411925087
222418314 203358 410440572 442898033
368823471 193158 135040701 216543377
30460754 216705 59539659 363567759
359836254 370165 81536883 397454126
178469419 148415 241070698 139936551
367626478 354980 96759998 468226031
150265286 86178 303123574 191642856
183649748 396275 7093318 370609903
134798168 440043 342983271 34559954
194238551 368276 297189299 381297387
353530763 269521 171308153 288055206
292532919 294310 438931823 281805527
364695903 423609 255220941 236090908
274713250 162065 60580895 376768939
178637892 266204 451886382 106695505
428245987 357611 200226465 176163013
406401866 230337 279118459 369331504
168642463 138503 235330097 424489502
497144972 226513 106249415 96481503
256635240 314013 481234523 474606769
249596352 75825 269503618 377994530
156990716 29987 13566423 59749100
445104454 227410 327183942 419069408
282655112 238141 166719716 203775163
151953780 46959 108130387 302192630
91470500 211354 294588195 50578797
81096672 76919 126409310 476822610
403921751 287491 132302793 7262222
425630136 115475 131838394 242709449
4250404 352947 114915030 186648755
12109506 32088 401041659 416587978
289691276 291154 240036668 278056585
489941113 254928 111288757 242935375
193752888 152305 54891769 447649243
481400775 105161 75789704 47416617
60113685 113 228311102 407187755
155352155 132626 290402378 471436659
189419304 495478 385876278 318930382
228881792 211821 257203688 78389284
269498537 78783 299539445 227775629
202857063 312340 93931955 221461477
427245141 397661 268881892 455242736
12704469 354788 76083805 208243365
29203745 433898 361402299 260862636
124621710 153259 386899909 132162893
221565812 434862 336835077 66047035
281277226 122781 10041464 307725756
176297851 274494 157859700 227486088
275112936 285104 56897759 355219883
270910353 154153 380965548 211658779
152113715 198875 498848128 149840706
223324142 186762 55416843 435989880
298933323 384631 458429409 89761881
114185427 498171 331093564 9067142
377893256 388445 96129297 475690645
447190324 473729 96412587 62649421
231286105 71807 337407498 72235888
420389315 196525 447774156 84742468
29797911 140081 464355386 468079664
5428805 480195 171628334 418245067
297142028 153579 383331690 137520147
264536827 378454 406529360 221108834
443001897 105968 433159331 370098569
316731121 324999 219976047 221267184
333136092 260433 382059238 459243513
415076105 214933 300424429 202019134
72588917 329261 470988369 305494441
95869785 153377 115228805 24824552
94848209 370481 148474537 355051642
159223824 130483 263268924 306272724
32044442 119415 361134733 24392047
186411929 251731 279862817 448529148
322224815 140761 112115619 487961699
271942482 80666 56371241 175846939
373724133 39237 52230222 1418397
317354868 351495 296771489 385062315
4496599 93004 123486860 169406105
56183843 463390 246251293 489521813
219068679 225634 91724166 258606115
232498106 154038 409303741 199110116
477918240 473519 446942544 123149873
114960453 392493 75319874 484067694
42870586 176401 427750722 493969659
6784626 28244 119144667 294021185
282290667 446620 104553396 368384953
426542527 461876 480219318 350469517
212662876 186947 104416294 170647366
69978157 428006 462687082 492119836
274370204 272091 426347813 256525839
77184759 248800 429558262 225781148
473036776 151390 313093908 61752755
211226742 261414 27783398 259271834
313170228 400770 324555550 393767472
472947250 365679 480693876 497401100
372885630 450343 322646299 266998954
296238263 196851 400800767 131139156
294124290 497806 119833653 32441338
75934888 213011 446058974 179223079
353104344 27105 388474605 483152593
473006887 304822 493746255 121739273
206559558 462742 159399676 459493941
179602922 64016 311281257 6785353
140180152 8000 74654608 322363722
129956067 457360 365309285 42562369
324612751 131286 379423663 291299280
35056957 263770 126221186 209954422
165381059 426563 191147285 439610927
354625058 429666 239950097 38572802
497833944 187731 411786447 188796274
90041451 414303 78778827 161449792
175927299 249223 229771671 84081761
74551411 122248 2105665 7453177
3829710 407545 92821246 14553767
152922810 365130 349038081 374844965
26071158 402835 55726267 411080941
232912744 428303 237382236 290656345
138459404 94867 118870170 64517140
1716905 452721 25435180 314140751
299716334 270431 485040273 426377675
288460398 431912 432190048 472628982
420692349 39877 323407040 173028026
226605113 491309 380346845 155865383
101635604 163593 201821985 188664919
434679383 30253 261326018 264482482
486467634 231810 358619136 45845536
81171144 257033 162506512 345636275
421861493 438872 368510110 39688610
407331201 347406 12064753 70633294
203290517 1587 55334770 67852145
213248170 439351 137255038 144124864
257111337 398515 30535591 371081382
244322514 452567 334800327 112027174
153272609 411282 299621796 247750031
247864408 404428 85761474 296065413
488123695 229780 278950231 401581000
21530036 382364 161331169 218727448
273885981 459278 146642197 158000940
100722096 391886 268685657 214108744
306046669 327752 131912233 320597103
250725158 80488 308988729 304882695
440535614 286087 65489343 464509820
489586419 153550 184033559 216263627
192826960 146528 426369615 33036845
355942090 22736 207942065 57652688
466553976 51378 258264788 363321279
475885787 458532 32064595 255979351
277092203 141705 167776642 345200708
304181024 465268 346981229 111274741
242841506 127378 32577025 251632686
453908730 224551 338082937 61259650
229656997 272959 450230978 461722337
283190856 205441 63242600 85485200
479694320 130382 60499036 251307723
153668306 140790 402519201 214278319
329794149 278113 217151570 400167795
127381375 393660 101519916 316912479
15192802 67226 56235498 1807525
440045440 35994 300972482 181916934
98200105 172826 317445365 402691044
138927822 337658 295576851 460614064
94264305 315303 227670835 183689425
352346218 153051 51159130 307049900
395600638 194568 261757818 200092361
265523483 426760 190638290 235117316
248492171 143391 143600366 498406784
38736898 332384 16213367 415926758
160219081 128133 388267571 368295823
47126623 48418 216875430 192113600
234801100 169598 66785203 89151233
425348669 391208 131366518 32605799
188720022 10533 490638479 337923663
268215331 343320 243170096 193193256
164431002 288650 176790563 48162162
72634597 141202 53760266 139519456
155881445 462326 140284232 209396165
121046383 146799 53624135 81997188
323951782 65440 375795236 456279827
236884200 423326 241660604 262892860
233334224 295924 312358009 156569105
184132155 320758 394459701 327681127
168630280 224271 307066504 76162944
29643198 384076 190642956 433724301
189414837 391586 45632828 114802876
372855002 270162 411300650 38871114
481592509 252051 326086455 48446176
7347873 120322 342557719 258640110
261522920 271429 71909236 86531420
128017869 70732 13121039 320258392
494129758 337131 263375048 412211364
370964875 66064 356654419 234131867
23298586 198962 203460100 381219627
27927447 25578 139197706 259737746
378899329 343943 427994210 372536084
75193316 114318 110979310 486968220
346768268 417306 382860660 87329296
140512683 346145 52405365 45972780
381205028 267684 328267451 177810913
433421169 441899 113954327 490635424
458236950 311609 163872971 203259227
365305728 206991 293602997 189038430
14014197 57869 65884596 375628038
385989621 80329 192736020 58468799
440351251 149125 358499475 488853453
122092283 203625 347658369 159676452
403711560 252508 330927548 294822236
91074958 113926 20460930 480228689
248863212 443614 119031495 348700338
143049416 404269 384277736 124949020
346682533 234407 144471949 477244172
369506750 231325 410310570 444337234
363762129 297187 478189584 287879450
54534313 431 134943065 138551777
306205922 162721 136034295 382472572
25612222 10381 215116455 228695107
490520168 38325 286423865 360615135
209179613 441219 309387850 99241352
408435090 38334 423517664 287118966
206316070 43137 185155276 47271709
154124032 415936 337128766 76769815
165866546 346535 214768679 122128857
484892004 345091 309298246 9454945
489753222 192919 469250848 241882767
406710372 387145 345753960 489827223
350179758 245644 408998752 154728055
91646539 425162 342269707 421269846
227820212 78942 68280573 2774448
2990560 460047 132955519 397303719
203736371 243927 64943368 106951400
173417796 430588 260216243 311449380
440658869 149441 115920076 414698045
345929355 456590 298479049 125979064
45940237 399050 25609508 384194410
415502569 219581 297180655 133944137
486120195 407413 210841680 389677546
384170539 388269 189037980 35727278
413161284 230078 18198809 467244161
403926967 336476 242063461 67500337
182014586 418069 414133041 4126100
81766096 264911 62974110 454338988
129456364 180443 239595002 122414850
275838867 134158 375905159 458246777
169944128 379394 85778986 63768413
396125969 202016 41691509 442914738
428793896 345007 216209904 392936562
404598387 290037 214436023 21720338
183375570 15000 304550585 89395230
465712139 248300 257933702 346463609
316575541 11829 263719374 342238325
336322037 285368 199671647 40830833
80877949 117810 227400070 204227896
223662597 484763 356739334 432516596
492390101 62755 412127845 340203361
282294628 95557 322452133 353191752
418671470 278397 152100241 460459400
120681442 491103 492228466 306416098
346961442 320595 129617908 41198659
105401138 82744 217684612 206365583
215786862 233550 215044304 493142394
466028129 162875 300862236 462839739
484346769 439522 439623766 14280344
245790877 41893 379945679 3349998
167940664 16952 299181453 396038190
69097474 449936 465252861 280117015
43418065 403019 253920042 161690482
355916866 173756 437059817 3223693
126548086 475269 303976975 422586179
286346829 288483 466473770 187161609
93293062 106821 167420772 426341244
356006539 384347 458130279 100603707
169615811 491990 2740890 278126045
165279325 174996 386011033 78902747
43546815 439181 135971722 120739612
435134894 281189 361822363 23781409
456251908 213848 205880684 201459474
326659173 368363 177303873 211106354
472165548 480471 184756099 167449668
23608728 27534 401878758 89892864
441542094 7435 316171725 245545811
276497552 80592 362117120 320851718
116911164 114487 347541732 396046836
46470628 163500 135496772 159425523
317245598 411970 319849991 212990900
353259397 96876 130330442 449273333
324041490 111132 5650471 226393185
207656394 36590 80391507 171587838
16540461 112609 10227406 446077658
106226866 317060 355311416 279543431
193182870 318432 495943191 269896370
163893909 341668 394833999 151616362
75036374 441111 279737272 143268518
274394891 189795 321321833 16266987
123279096 89141 150466404 118992696
417911873 4253 217796846 203592817
108429477 160128 444763789 195196609
291924339 60078 448644697 350901247
368288073 492235 71936407 360882039
92947306 75928 371424629 437956247
405971981 493281 270583117 325287863
311854918 272813 375196758 229652174
134569521 347808 417158286 70055465
449469575 397366 247022928 134799682
275601222 497928 191196787 252910861
338033415 3662 377997384 23344841
83925469 410415 64937967 347410215
50923357 349876 170330235 22757505
378534196 12529 441863514 109198212
283944771 255986 344165293 249924772
36406741 408181 436049121 475856262
81003160 171689 166424551 117713976
488509620 296914 345989597 314803553
128148634 237218 90291931 41969307
202844302 362723 223395939 478524305
366085224 488473 78151246 209380644
450493318 91024 127776527 86886572
90621657 5754 339903173 257014792
235382636 390703 55246988 261789445
349039985 403041 65603000 71925039
277618742 466485 392123979 391723550
133999116 371395 107386064 141904657
182465004 277678 457160181 170833232
205830530 210766 171501456 435596197
391348900 422004 355225511 110719959
253317947 3992 121945737 462135758
418257716 153051 300837162 338660854
368547627 312307 471745298 315281720
386968732 153083 115554623 445381354
164706165 160674 226938423 474671069
375780580 430896 83146668 332909112
364015001 292335 309156812 2606917
243530575 419558 23524801 170387050
162692664 371104 412905935 18101692
58503639 97159 277697193 353123232
471055929 120795 481867363 279842726
441273745 80641 96002258 305701893
162343424 49561 389711323 260716114
426795769 113566 78833268 125167526
196244953 497329 52713719 193265818
467121324 353152 193547908 255421135
388277320 400463 330164911 104512882
448065910 331850 376208185 159464502
29630856 111345 441987616 167078879
202696035 30911 95610363 34556099
262776747 359302 113250759 397032809
354961118 196440 316123396 179460366
301654168 484957 326801695 14663066
203164870 260429 40990039 167445471
272017478 289876 470682351 227394695
188239864 489896 122690656 416340903
249156024 286370 132406489 107183745
63943041 90279 91675312 235054061
311639757 155409 14135998 37400322
415813952 311766 45388318 495044763
143225848 391781 229036017 278881814
136994633 399952 190498059 168520695
13336274 115105 20558840 29937967
274546772 315026 490174341 203987749
495688948 220086 371368600 228460592
123414510 236500 490861342 286360554
333417263 473110 374821862 173171456
389410711 153627 343229032 499662667
457431155 386978 366197411 176120855
102356147 211649 201548861 197558042
278343011 316788 413900228 487303208
56775960 142949 484849096 322482056
180141162 22751 409677134 426560799
348539627 263426 412453421 493913631
340625242 315095 3961132 215067260
334105903 253989 416775796 17669853
264269208 203753 341168756 413847050
82539961 122587 79984067 232850591
16519347 453094 475095220 223152152
349844957 385370 265832893 278923259
148476522 110352 205036223 478969297
57180498 342741 477258761 219486724
92151664 388047 343521472 281744164
76372859 167371 344632132 332046107
158030149 394148 436966275 280553041
220708235 332805 294318175 261108705
204110863 477543 382593261 352709502
289937215 21761 361630999 21797179
229816847 464554 72178623 362695435
115776552 144152 127479629 256501174
315432982 164374 16872764 410064549
410104320 285000 5327452 116112871
137088503 14890 53699728 104120522
209474476 356839 89327318 137835286
73269683 486320 141469955 144603559
442441960 490233 357920336 370998026
432256249 170748 82401715 311156852
312041522 86851 413486428 298512061
187320130 331717 353047534 215521339
39903784 227007 11801939 138115506
157407043 424575 75002652 309645981
41773666 353263 126815669 202712828
47456488 470121 159401307 131130371
461761032 70345 296039231 49444837
63524891 27927 88787225 229110680
415110807 227457 229962064 395036627
289725311 193425 365861437 64480765
96152462 198799 95649743 397124501
331431931 389853 263440112 102711021
202777378 140296 175375428 126706698
275885090 481562 253694626 432624095
193759317 422345 361702511 114336275
327171804 252763 126834607 193617871
270044755 325608 148359836 362857535
259977564 262690 423350688 384969057
105629913 426622 164048598 134338282
144875045 396913 331741745 221795121
127654253 13345 117324296 181907613
134061491 388356 109546841 157970643
332927083 430919 197591219 37000955
180333492 296136 227093512 307030274
497631317 100544 354867249 465931374
379510863 423309 52869543 340907902
129629817 471174 30088326 399166836
346616293 386118 390648879 265509940
17768384 155805 325871984 443017916
417542982 364796 410320061 230346402
2790828 92903 468822633 307743549
383044400 256281 456732324 382566525
138651084 431390 302917913 362513616
440639021 189279 366686717 264845189
272026086 12546 411910414 71495064
144895907 102578 446441594 21226781
330765829 425176 264110041 336274387
413936692 396789 4402791 400495901
57283794 488661 367230759 338270582
381943554 67682 235044626 431898702
379032363 486086 325351869 338352769
436405607 340822 72686885 252875104
41802181 344332 492927778 491716549
321007999 224640 205664543 343264613
296960497 360728 313960015 139780954
283435193 233890 222824734 360622387
359893691 288370 443045475 469534715
43857640 326000 435882142 120750071
375771369 96592 264097784 403068418
129520707 230495 200062830 337619956
223580986 79414 199893731 420903284
453709935 363124 172815123 396904737
305886836 437024 386130794 36136687
123430549 124587 241300936 425770397
88973790 299395 247822495 173690485
420164296 488373 284501050 365582220
170135984 317010 27475740 128315836
68719607 115418 485138560 493167533
284381719 475263 300949467 17795811
316891006 214600 408968197 199466796
7395205 183055 220492667 106603524
61357290 467460 197976826 442678027
136782532 69029 101290456 88467529
245410979 85459 196483870 333181876
206865723 354088 284749802 386892719
201883901 449446 93653182 307834578
220422709 206348 357457300 250999176
81039817 482894 249209473 348323151
318430840 341625 162907758 423636479
487276975 475762 52571411 475631357
430580373 185032 470978198 368314608
442089884 326170 439905483 117735590
28605477 471913 56042620 63466751
312598883 322500 119629103 135021610
310612109 82641 373112749 181124702
194508188 339892 130812246 347260505
13687242 297013 24803823 488940684
433472572 388952 278414416 82261484
353582653 121982 374308789 75026737
229240292 399069 451556044 165975171
238226023 257314 141994567 463930082
238291239 411024 139708306 330788123
52269381 191674 441010751 196846704
322255096 352039 131703367 384829351
305310570 231468 223262161 492183447
73483175 83818 351287296 451840751
160684151 277230 414489168 273195050
86859118 219411 168061564 274339113
232374939 12305 56866413 206197688
25216808 439118 302238758 354039145
2810728 3844 82337727 201639301
73623119 340355 1568951 120559784
422159281 358977 129921516 127500336
391789231 469197 10642580 382487994
328299617 437418 112046949 8021030
428371684 184704 177306929 499486495
152291889 236041 258896433 409576331
87071385 396395 419016049 33476425
279572703 441247 309039465 451949385
491291735 308686 267947245 205795144
395082717 475432 315298668 199148882
60856126 76041 351660377 54195911
49961391 262656 287474469 291234784
492716980 29299 419527944 442289218
245182902 313946 359609386 299132166
462730405 21935 6231588 166454977
211555811 376894 321855516 496938873
416522504 370605 306474013 237832874
360574305 486394 483159284 250393672
392740130 96456 357681449 157975139
99296794 360601 438505829 153688949
54346011 231143 478941138 433720472
31326949 209440 124152492 23261045
356084247 351858 347243700 488216517
492125351 360548 130055963 31116075
243042141 203798 390261581 201295124
454636592 428651 453054503 484559499
421255249 185582 28485231 344035653
184548204 282938 351627607 260665701
283169581 392165 344003337 458386915
163724887 448260 160816500 437043102
212357151 70553 222036036 400946885
177220758 322535 400098104 328515753
330800503 401741 138482655 309068849
424260332 204887 454418816 164761327
497170642 218676 209497981 197260056
399213135 256580 467211000 351465063
454220405 375486 146548571 475291128
364122386 448646 95336883 246566494
483490800 410107 134027632 351800176
290558489 472257 104414430 465971909
359417205 382724 265961491 182266704
23159171 78346 454781973 168796962
91821216 279449 199324931 18242466
246604699 249006 154924450 93250372
442990492 411645 47398152 418524618
76736713 70844 51384121 207888999
79794921 249677 384196767 205914182
493621999 216335 55655612 428976287
430159762 308771 304415601 351413491
406227714 134471 415474 135255923
392741880 482572 68010275 91955597
81130682 442146 74084840 67924079
441693745 40454 427002319 373525914
370644934 380517 313140474 154094869
383851255 208419 258299232 374410173
98255822 24764 324847391 39094648
15336812 88093 239872325 169893420
76951325 411371 230414496 10590800
144633778 135038 423809330 316069493
50034735 147196 82551055 153322665
286110055 462191 242121605 162394283
285330497 269437 48467826 378229966
270005918 109667 90439395 486096145
321591728 4421 495003151 72785415
297918227 391843 138518337 430881148
499074014 31141 414976679 462928222
415405015 107356 449745533 261901472
142436106 105236 381422356 398069124
453229438 416375 177512684 327988134
226132908 452967 49377428 223892265
184894774 341937 37590908 305867851
3176279 251040 99560057 397543536
37903277 441796 182418912 141138872
64973238 421055 445980658 351411465
245082558 175719 402653920 368414696
288951475 322121 268941011 253139843
490972075 90376 42479513 326155318
340494932 104026 56244316 90199256
430432422 136211 24640317 402354954
61646393 350032 144090599 260617211
343469128 443386 361671769 359868687
237574091 217324 316468444 49150240
29494069 169191 38748837 459228160
413605532 352684 92798440 122029876
9216936 389080 486481339 251900497
139828904 305549 432070348 452126234
424328868 234485 21448983 6712765
392924702 395003 57341892 397662052
484092601 257989 356904257 142040501
445807623 48523 241773777 334759586
20899600 429047 401947457 392810602
174084192 384024 244515001 159933341
27276019 417965 282023950 330438238
460883294 212074 365095414 217939934
182831698 180070 207591620 264277430
156651469 421324 48771472 261607325
384535050 376649 301023559 35016990
277526456 393156 463988003 248614407
290014646 374297 497624296 439039676
380602418 137964 235325421 395147813
810909 348711 77877614 415659607
66880789 178382 46281431 157287557
400958603 385135 408224224 469361318
368047712 260237 383442770 338914647
5401615 390680 136432178 30444648
120004481 343362 303788161 159997374
411991137 422956 427354236 323903568
443310157 186753 127776660 13568433
486894431 453091 91455665 385416548
187404507 51060 494029429 275289754
285915462 386691 251519271 342572082
220680530 140921 231225485 355065162
123125802 352273 462129784 42920140
97378357 387224 456096278 278873412
226662862 122583 142695155 206408498
490707700 398177 67311694 360850407
74005953 410582 374726760 234550700
322816276 386566 152465801 425215575
75317988 270969 487704095 95546274
255954905 217391 307939427 109229487
266821031 218956 418601922 120555958
199625667 63043 361029481 366716410
155731313 430082 315638334 86167453
257370189 74390 75292419 445496268
106121598 331717 215452898 37285733
251811124 442427 178767569 77472267
476793591 152899 119191571 68426228
78458109 261465 29514702 443971109
367464448 229653 33911665 30125087
306952153 209922 198604082 218553220
390686439 325735 164998818 275114299
38072873 377497 476755301 440964589
239827058 126258 318732250 402659178
11749724 52751 36085952 395942693
196505513 417657 54418369 461267867
110970884 239598 354602998 381694451
47665067 499090 72923286 296404754
176577537 453050 170864692 420542113
53004631 423527 417858980 248957933
188768458 261102 418619835 162299954
184033823 95794 246500854 94513618
51793777 475063 113940779 61328140
348648017 160246 190880084 289640622
359757162 134539 35183344 406737107
338689251 251564 160351951 187989543
177548678 204985 283515846 433439941
458949800 404124 242221712 205497048
35584194 58393 439244038 255207078
187721691 165906 251878460 317605676
479544383 14981 455924571 206189643
456177307 404557 225414512 326958262
285596538 313542 425479601 198575746
168163548 162020 188584197 191213455
183742505 15340 218335428 453260305
397629485 157171 312451206 355418569
297582168 400118 81090793 151820891
171540048 7666 244131153 458064144
55156637 78991 81315461 277994790
25843107 377796 143751788 302764052
41553730 327248 278074050 342632034
112260511 299877 424488616 140518261
171384722 468169 133680589 4929481
139182251 97606 357094675 40129336
155983711 365943 283813361 464779768
307917167 155120 244441489 388390233
171394946 423879 256564058 288447671
312053988 202059 64079482 268125606
13873919 224789 168453727 358349012
425599931 410063 132520300 200874843
429343732 241306 429264631 347786404
342304071 163403 490669125 311855428
345735826 8854 492822900 317243292
211114611 23477 338397937 453017908
162730047 110606 210105104 96986742
276064221 484340 21257787 5690336
375195575 78285 383723588 421804175
257323143 182561 370485794 210599013
227483080 246497 244432099 437868791
267555523 246818 415387854 445679351
400369411 152167 9173490 358865408
122971428 347453 6989302 470542652
123200406 158090 15454375 24174562
64256273 156291 270109745 7385308
134596441 422514 396805316 54401774
236206714 215329 198855963 397332423
39988305 207931 271715473 221817630
18483706 283212 313264423 372177723
426966121 305295 197814685 16403822
166631415 223215 401070432 10769535
129992788 303399 249096320 103210702
459560968 26569 482677042 274519203
268840618 125949 21499699 79771083
160910777 356808 187590691 309858116
367062990 227609 342364664 426648569
38313039 351863 430420089 359136599
363127025 174307 126166259 150187755
410936565 440037 352812487 97666130
449332662 12356 7502981 390805162
316573469 281413 305369018 366406542
206553825 152018 350353722 482803063
3838785 330551 68892572 408656236
282577552 431035 383677437 343669992
111286936 226109 117478826 116923957
316806280 149715 254348969 259456603
223057742 26205 261156066 21581563
57053596 31500 43386357 454959581
228546175 379476 114831634 193455202
370158364 476830 308997203 256739335
4831808 425197 464279649 200772377
90373486 451058 68918080 269286379
361564851 240603 485192607 292782138
223856927 200715 140274511 221550212
361352675 127980 111197582 217470946
489966128 308302 438116984 301741015
211498869 248193 360749461 161144954
14963107 110835 320909407 14561474
80693250 110403 466201939 60814028
307656229 19160 204647934 229532513
360416781 477632 313615832 292527146
457580827 404226 191176175 90793096
219255967 498957 467577731 237490064
382635158 697 429626409 237218961
411832987 319746 22125220 199319755
50330083 127032 319490055 167327681
156799642 374430 127151205 199551474
103011244 72816 259020831 116162778
14833115 457968 230907717 290890411
414791300 386633 37128752 447829347
329230552 37628 250090717 269701998
338144113 123592 139091616 444250996
402102160 339759 94795249 325854794
133616096 381166 55295238 58535256
292020451 346196 137628785 275691976
60840201 292987 2803942 3348402
74703692 318164 28554643 477809281
232100926 39946 131004644 284480122
14765230 181611 449160902 380796328
327782252 144098 113585637 294398794
373336278 270938 469815174 75861920
239901016 158902 463407913 137529260
259406731 185891 444404681 364512568
205206589 154987 321996645 297965692
138950349 82801 121940618 222213972
176677032 285060 431840585 37050365
318878393 323920 360732305 425527857
29937758 362775 354130593 240525277
463259506 213514 104467899 447582137
359786218 323267 186926039 70931545
216436236 42949 371586580 492666500
80172068 411357 171473810 385592202
259205633 295592 394343859 63579345
326082366 329784 115779517 32879505
75040230 25436 222142479 206979206
296190625 101023 229880708 44004862
316993546 22689 267203995 112209884
492010465 383415 169846465 368630680
171974702 68566 466592560 194087300
456682145 226042 446987597 200658179
106189909 181984 320820978 120320368
214121319 498455 457216563 357578106
465631700 36010 178030169 292709804
190473613 257200 189761494 420308020
233194692 141936 252387221 433844472
21694415 335865 441151469 66629153
476079968 323006 123191074 116207162
101600288 174824 243580085 397523386
397365849 130748 95620256 17898401
168583124 491395 464516702 479377728
78284908 238862 451818202 256234452
193871784 458753 324463053 46390225
324409871 388112 420108024 173233490
331736578 315435 332182969 470293330
477660561 207572 369750444 430233907
373341151 148502 325780580 475228086
87135721 160013 467280224 433780201
281475685 447921 170769522 214448292
81272502 401492 216196655 391897991
57056766 459664 494375902 37229691
375136922 378251 303756297 311213764
149317004 260321 63108767 339654367
117211111 49492 418446774 280198487
5824345 121593 48318308 82438141
480029405 129540 439622651 362631520
62880915 257102 459756287 95959965
476413102 96246 64930980 204922623
326921625 487429 412469208 327199554
119365580 484096 66929515 420299086
14229600 171998 420175838 151346462
306814507 423590 485805183 406818327
364368052 102802 436089187 252418016
224225622 407134 314832578 23054424
110054585 328029 9858606 310271963
458412569 90900 140372350 449287632
323516743 428382 428147197 332891886
308535561 359066 423757947 306020643
389233995 416093 423239058 318949656
418402267 437226 224138489 258144499
401199567 493216 447600021 88640077
218641425 365241 196092257 45358952
184935714 295571 458159118 124885746
116297310 457184 264672539 185915734
24672553 332242 392715163 124578101
153431886 373176 444449658 9405209
151379783 323089 352328432 243958657
234606123 192620 448068622 426959882
127828448 307789 219749086 60886542
273740154 48129 230373354 52951839
47929639 219203 88418619 177197822
165513199 42167 3462796 436239103
111696676 499265 162911524 350890139
69463502 352525 139964332 4279783
199701472 65909 266072776 374876388
87686683 419514 206015531 474486357
2091595 437408 385736567 225486929
249340182 329004 169012802 214072493
98513139 301027 86687682 69007161
71515579 291700 238193379 379469120
189187036 33427 483603736 424148582
18304512 250860 476619185 238682430
62453899 323990 165137819 237917248
393698114 276154 311853433 184746671
356256254 458035 196074079 428101933
202659521 400485 494890715 322039990
300960331 464834 284357399 176494105
36834238 373481 340449964 477505241
316209841 48949 325944788 157578605
87901606 66056 237644722 30010635
263890989 477792 153581078 391364626
175235766 230146 215285454 363170538
379353614 421169 436945077 159846657
78534233 444820 164082599 479738652
65684008 314967 23976094 227946455
48939943 409688 118927265 131554412
496725178 338663 275698606 119085993
186889213 11325 174132120 17989834
418795883 230680 392475599 448874090
320281957 37914 194952698 334708780
44131898 425126 387280763 115946089
48221510 285485 426576236 298098392
467928268 248364 247366406 42716588
266508157 453787 470640939 98745944
38330652 8514 65732045 474546493
213228176 231333 110015307 409284342
426734912 32069 38528616 353129988
62292244 448480 495489354 338097012
211771602 322695 8209473 213894038
228075429 167763 302252833 139663039
438861643 485282 65202390 53110274
306695669 457849 182550405 168799774
278252131 483666 423533399 315134434
132592859 124263 455687430 55554766
215001896 223717 92817336 357195932
419517561 463929 498261984 221258243
481530936 96636 493396167 190579415
320060137 255077 308269186 233374236
285829412 388786 265888459 219640416
19268700 306419 120858213 253935195
499141702 136976 487820561 108203103
404603224 462239 183056416 468099964
250103362 369952 408828200 244488991
491354692 358183 205432920 28910040
313814810 96688 182238517 400268587
132375935 324663 290408512 334940027
493559247 57930 257158022 259702718
471129612 68476 45258949 492396229
458712588 424175 6952620 458903126
15038329 304581 454714401 164661209
222946721 445884 313356184 73496914
10005854 487633 441419212 6587908
196423354 273796 333719671 254292341
342742999 453833 282597068 449015034
491525388 147818 250074417 132035158
415894994 20127 415282825 92088226
432568732 118150 449133732 445789030
70778226 290667 427703908 324229052
477525558 330080 271568415 155796175
221839986 108982 424594578 169346439
256714436 70765 188849969 72165602
495972392 352759 63668929 323252184
363982449 92232 133785511 208138912
131664564 46545 330410493 381179675
343927720 120164 239349946 347291612
129867999 165976 221869847 109487708
453244861 396679 221348151 92170532
408367575 447751 260701318 59614003
63156513 189010 273792889 308147074
317903195 405719 411687519 39641288
268357725 185333 399755642 449059923
80857304 87377 74357077 199937764
229062279 323281 450421609 114467830
292036629 69308 25963566 499406555
95097079 307391 244198058 367911353
291763278 286390 19172055 131079678
160195018 62237 352068716 251585411
465666891 236247 416245124 308877188
7018135 176965 472034591 164463390
120954937 165979 132768064 162850238
478847565 54530 148798774 471219423
107907124 471171 347562138 295025408
10118224 423576 152769550 32403446
481313689 81384 289937806 217283035
354849847 173743 61166771 10125757
85313779 323963 195148241 345576735
346350795 10898 100971329 236332595
51447677 204569 435461310 415604828
362633799 245863 307750612 271675600
400612578 138740 334726876 246385293
60098164 484405 94606026 158785237
217352531 353151 261757830 157484721
288158781 64099 259882553 181260402
374731207 230111 313610569 15377345
23204818 30780 125964513 497387010
395762203 91581 318490265 61137123
27440070 172449 487471738 187304629
203248612 202443 201888053 416315146
96514869 338708 11046205 84040489
171064855 56980 453663770 88652632
259881239 344681 91982292 438665084
223823757 235273 20937104 329181477
75951635 17958 209436088 218194131
110889414 254662 175763277 216728700
215567166 301137 329249043 242295379
252105558 470776 388052417 454705331
268350152 99307 379981510 415351494
389529474 108019 434805396 13859629
310024747 114125 44333009 472430638
389999819 404884 26838487 62533433
117078176 115962 369846490 347061588
173099443 42603 183163155 157944672
195468149 487280 168622527 465179289
27536555 198547 475861530 265439469
403020393 287559 29376892 404654328
157643304 396806 328689070 199889954
464543430 394228 151254050 471890742
462198451 152553 428732731 236342948
114701951 115398 220997915 46977287
491554321 480935 410864097 275175362
499118697 194809 279882914 298789961
105097127 482893 221892006 53246164
208795928 38173 400092895 297828043
487859703 283790 96645232 457150676
450718215 172567 276641412 4923789
33057435 63501 149768123 21341412
311960641 131303 62078056 275254357
428292301 359761 64117198 177210922
94975705 158290 302204027 499363597
56927748 160425 53528737 199038825
463732380 175695 11902557 447281797
53354650 137523 173620518 409609067
499144774 367955 162933202 341863258
79339792 244872 293076643 273578278
29546210 161535 354343674 408592711
215296658 232102 265980532 175696424
318254121 184021 17995640 128280546
143216553 470011 283790863 281797284
409672652 53861 433610237 354626444
304237165 380339 97199468 487199548
164553580 498463 439500503 403562638
487288692 317608 325077028 434823318
328906925 244588 471504500 321229897
343272142 38173 400639104 142779429
199633134 86460 138863589 389513345
350666900 29389 45710020 54695490
474355892 199346 257005858 349392591
337180529 343568 40230333 379998449
122570083 415392 91816217 302862464
241629179 128887 102434149 12111972
491931955 216586 72031570 139418035
396568326 314225 237534961 157829677
492427960 174999 220666041 287851826
253126796 233406 118516863 190351917
282161383 492200 466056151 243001554
218569602 52271 32533159 230308632
420480657 191772 285208834 97169996
293201682 329867 21224571 270451563
77437545 312995 18807545 424444420
20540080 253992 334506384 334001890
119178729 308188 448577504 212409320
402239457 434186 1475119 160818379
280043806 271141 291610349 452716002
172489803 441407 201559141 46433274
316633950 287845 42813278 350730653
239065149 380892 403120554 258731319
266676733 461752 462468679 30517484
325925829 440224 119674881 425251273
384245550 165085 40956768 489169249
82427848 463291 62734262 153742035
6120582 486878 353217894 454992835
50674434 295685 333055512 216593837
21883010 9002 344114938 172373688
203096475 268816 466168311 101516092
149183958 109314 61853049 126837370
212940274 268868 442058257 402099985
314450223 53697 250093701 110701202
240003015 304849 206008571 435517582
15645593 129913 142919251 343429493
420279618 380017 362421314 434286783
202386113 416915 111766088 56860182
294375379 463113 230869414 461652715
323604242 497198 73122321 67806946
456819813 273385 442795559 101798055
24187589 406220 264693056 253098541
98651853 436377 477251755 208531106
489178611 243191 344605345 133577415
304237531 69195 265322593 371381189
14164357 342742 6026913 472638508
293892081 143034 54854026 102918078
171077197 260609 36739276 493270304
195645687 375377 413131958 115934669
411076847 203279 365997209 288071639
33677122 195200 78886738 89238124
484590847 364367 254756305 141021954
276093473 215549 344466016 374505822
489149841 126892 336235957 125317146
195995456 15401 141697550 233886847
392218471 40158 434053235 54999622
282798608 398671 466453198 247851599
47364687 453408 52114056 293406990
17755682 313719 445410777 30079366
426934808 385825 333343002 77552467
203115022 395685 74256571 483573635
312379283 280418 62072647 158373459
247594749 268251 185139037 190632128
368155533 154632 446475529 383139135
215744717 162741 12633334 313896851
328587384 47523 160002926 342254525
343637887 116655 343156307 388045870
171751258 206229 246662875 362885823
87620767 69079 186790347 4664400
430178908 496021 188208535 332284378
130617925 214125 124859409 194129728
108915922 478109 318355990 87129551
271471065 489851 475030757 402660816
445920747 251451 391107025 115202967
483769941 238058 105381399 199986541
459819599 356499 69078427 396687171
93214499 320813 391336770 327759096
101745825 117553 186003540 298959598
385543320 457383 475304290 305573548
361964727 77905 324334590 266819735
203510778 32512 394183108 17398966
298498702 74969 401982119 40633438
189733091 147431 34637237 232883668
379770156 313781 457378238 90028819
421965164 355647 124118485 419740984
148831610 41766 80013111 21353681
32974350 296575 321158776 378652991
434056903 367831 148378943 48554590
214375886 363440 416288611 88864285
293323901 25362 96328407 150707579
138200782 367403 304085734 29034252
142831018 260021 492185367 143330927
330449736 345110 177109303 5184155
175359565 251304 169348680 485001940
144504256 313794 209333992 383122755
227495490 418775 124144782 266065509
113975679 161510 93651770 319452962
288793357 39805 144912219 436426431
400619117 209670 314604711 164486326
465903340 275976 402028955 184357886
29153094 315821 493216852 474930124
158812893 236386 297889115 69332609
445288167 70582 373549134 100261463
235989754 192606 75582747 125968397
144469063 26729 328430316 425854412
320374173 338956 401528201 246879317
149432520 194044 423747332 129150589
419359997 404121 134356864 495754806
2430696 146149 197916863 251296529
139215894 212947 91722369 228187694
180121852 279552 284393305 476370779
63162249 55134 409510190 361679425
350500652 389009 392972430 183066399
447336462 176770 100440830 30145684
26131247 172386 248152875 258530639
9929275 465145 378750297 127863710
333001369 243793 422741472 313665987
453428785 320763 256120531 6787758
256598446 142705 282569765 438693446
221493383 100824 296711874 101912144
438591524 319401 36116993 405216605
438913353 59866 209463180 428369765
453193116 75825 494076494 355921444
253082647 297259 355078026 483044690
386996375 223808 416325400 94225655
439752722 203933 80354105 367405957
210096616 465593 466834969 178637931
215545303 84695 427550714 184583868
374101699 29902 132204079 270163405
44212985 141505 108919691 388223095
144125980 88792 333729153 128777053
148436335 224692 278994773 195939730
416893091 354961 6743588 55618228
154210060 334486 290039101 34460378
276663496 47917 457003447 77183918
489752164 58330 459652337 22006597
472300679 39960 394139775 414511090
190941975 67411 34519367 160835165
109914811 287680 46339731 328852360
9896941 89512 337973078 427147410
424830410 49454 131122430 68315626
171941707 236258 440435145 389019873
403367752 337929 476856669 81940248
345710273 287483 22561352 246823996
352544338 118557 38344086 365655358
107287838 159404 376863328 72340005
145707096 72773 221183187 367394196
56207585 207378 407682695 17016702
221183947 23514 101362244 232128439
330632549 276817 427180309 139849118
373420902 28856 155326091 386228943
182755869 130601 326409462 214885624
442024119 177981 11829748 202261374
22525602 180525 395516594 284063340
56273467 198781 253617332 451395678
359821310 176496 82044017 295617324
496349306 288103 130882443 466067891
275452230 175490 302267096 170626314
192285279 392738 437307414 395642301
281036811 18615 274800868 116475706
290975074 36222 181125770 486549504
483792382 191056 125868267 193934337
454789791 336910 146143374 322651960
172628923 422694 396394904 403575446
233233200 163023 148752739 424396417
419022825 380305 153985741 9022092
281484951 235890 370825426 333732334
110840057 311686 135090306 452199930
242372829 393351 352166792 479364472
442613902 285358 432334505 484430353
298011013 493691 24415769 47113028
241645802 61836 189888423 161622630
213470019 376092 19442750 201295530
438964115 368895 147894309 417326068
174915373 319333 268446253 451301978
484394210 392944 414197131 82748634
13785313 408207 3239833 119857692
492882838 317223 335368093 484581248
331940138 89375 139300718 339240454
265194989 100103 93949115 81708779
184948775 243816 429749935 134258513
477265664 91563 87421289 159634787
8181302 252195 148688732 42042327
485366708 326571 452156129 463321869
353326126 300537 259710775 358188872
232410428 429642 291056163 181784610
376724363 328613 259002198 213895745
384192984 25737 387096992 105641215
375171659 181892 411518224 495805280
145531864 105893 332594565 382684468
84530926 22457 190787694 1240710
32532886 156434 458284582 149258784
327776251 351909 303733280 280589515
6616649 285279 473503324 27865441
88473508 299993 410191840 368879281
3851952 121876 487293736 462452474
181611527 124267 285698212 171489234
253851812 427865 381499717 21926373
110199952 440497 368172742 28577862
96666812 232632 397837097 369930537
166153531 463093 438371171 246542769
109392357 132200 315660819 226169843
187183495 84637 205086439 206082347
229391853 395721 113182194 213425339
119302223 237583 112923439 467291865
319072719 192162 399697556 144826607
305334274 306474 348488994 73385346
247757264 303897 274429612 60658637
64302409 246922 440859608 11811107
404123143 169285 6013043 283721330
97483061 68969 320027436 105209522
396132568 16759 216532096 138259460
468497486 395318 63214770 192221113
369128792 112868 176847916 61545403
169221948 479855 307386238 278005038
147911898 436950 96748782 250478548
5747314 497937 336661386 292446353
419277399 384461 394394796 53890038
130561667 324345 312410724 353260454
396321472 279348 329532942 297529022
17767049 220603 439276584 154698889
33696443 192741 349691616 238361580
330695806 176443 424381660 339043415
436683188 244180 175408888 422106560
496652153 436114 102304217 182107656
355384381 379660 429587769 315210471
221198434 29217 18696176 145229698
131395 254500 265733950 152161570
350055875 62183 476625395 458102225
426270879 162774 222439415 414222537
148857933 165084 304699153 134637681
283193452 67883 481127939 137226627
5679321 133690 194315166 314045501
30208265 370008 316632776 188726261
391751354 158130 333182222 189042488
116062715 336236 230136764 63076828
315243179 92153 9185971 141592003
317024605 422197 109836062 73149371
197475209 13697 408472512 329828343
299882207 172184 297138547 247521503
359279953 74996 385273630 351325468
475624422 139821 405538290 45595290
275114820 339706 18032107 274293422
38204597 404593 98819292 366597249
477947184 294634 406984536 115359229
478598032 94999 63804189 40401686
380123566 272778 84967661 292056748
351916498 172251 434133205 51227665
397329768 9764 263149393 384710215
424514283 454524 108423051 235700998
315352219 368074 70184538 98071477
344943901 270677 222859558 157422895
174381503 285691 101416488 466702717
430188679 72608 299493376 358506731
426265241 498018 148564474 231230243
92685003 179368 243267253 113684827
441658078 79153 33727338 147142309
411891233 12200 230987635 330631945
54869303 330736 265664299 474923954
280917223 149313 385949471 356628184
446737095 411776 498671637 452991942
229429759 435440 487745081 221999013
252969292 340967 312935859 321015103
224215666 126990 17258556 387239877
390765815 395843 275066957 328008577
398121810 172032 454488872 265071018
189753266 451397 140982228 173052126
435131071 54768 54934446 456067364
23824025 12534 372349037 315507387
342987762 95719 201123597 493846978
9932164 467876 175987565 314330700
490473137 215628 432107432 303533080
186559795 383247 335379807 315101809
498875584 425058 370376039 198988984
