1999
369132250 84 56111576 316834697
295717729 76 298441918 86731843
5725634 33 246085500 19566847
100224860 66 273850911 424820327
366349105 59 194396152 63822514
158511260 66 49737127 311008685
91170987 24 276712838 51897000
472192676 85 171356935 473782633
117888612 77 138770998 109596824
315381947 29 122513714 427611286
338537007 90 495043649 302500191
70327892 86 45357083 228395723
389966238 47 416153009 379044984
126968236 48 353462105 217894218
134925969 74 128350757 119925387
402804149 24 285003034 18208040
337292110 37 160010951 196297430
418751877 43 268631886 259856672
339247699 29 300942089 368866880
375579251 64 256723313 67424442
492583332 96 379442935 16602065
234572159 99 481243734 476424929
497788032 98 208219984 465498755
492592399 35 408507143 407263588
432380711 15 95762132 80998438
123481925 13 195027250 475070825
237933361 44 188099260 3356787
39238017 6 141108819 118517373
91834281 51 427794297 89604259
293785696 23 348326967 263497366
102761087 95 244104501 185873826
305211024 13 21460470 363647779
420766768 62 454558924 35013317
494120716 34 457295987 490279807
319838571 31 470791270 211586091
423288451 64 133391686 239038537
8939093 59 392170324 282446641
44756409 55 410031975 496146181
18686292 55 431701679 337394621
128689147 18 25251804 203998369
483287966 28 4530500 361582146
123210199 66 29191102 448386370
54479094 23 370672092 440142498
457756513 3 463960204 292350529
344367340 13 117146897 466499083
376677847 24 233075048 97629847
315729463 45 368176053 33456681
415498528 21 104070861 295905329
143232911 58 309799959 199969890
86454505 83 368122734 209023144
210207397 38 112350175 170615145
155869972 6 293946081 244980661
98748594 97 229099113 403103747
341452061 67 278788011 102467582
337290220 94 16598369 490795576
379639892 18 140391698 235678753
242158969 28 150936605 172172126
398644309 94 114467242 208606284
493098639 86 128422626 187419132
412853357 84 209248822 41827602
107019490 2 209833520 366905480
401272372 19 110963711 443084203
124387942 62 425077897 6590015
31544497 50 366717879 429536801
64387833 35 257781711 205016186
39911709 24 299532994 282371464
286357597 2 463969613 183682602
401168256 54 273630413 209064972
237883394 13 28201311 89023764
459040148 27 370358227 280150115
117248555 23 74617045 453630334
31049913 20 306170666 123555174
6205346 69 177373601 344410317
83168091 20 195414882 210103731
486237437 12 204173073 116229912
102302760 84 114459428 190742135
4931341 25 192401152 119058222
110099162 77 260641328 430315945
85270976 31 192481257 469328614
269602218 25 140562828 484006104
12710955 69 145793283 138850900
340427144 55 437769395 282015359
278193535 51 37452207 159621281
222263500 32 403954341 463815787
403998486 17 482869953 127458509
27457477 79 328954002 171383880
156377685 2 477247520 358708827
385535489 80 55099466 449584340
305766212 13 361744357 418015086
95626797 91 196926397 460934045
350534388 80 395390374 83994226
489269161 17 14836622 413806582
291781387 61 426481867 392789852
315605892 23 267835321 176212355
384531135 56 60289770 13662482
407705739 98 150906654 100601602
265238051 33 114441247 493565728
339956818 99 165495629 109831317
21788431 16 418559343 61359385
116315296 34 364968290 351769960
443857794 5 84485706 263700497
351924214 92 213474295 142052209
34946116 39 64752937 155817653
42843838 14 21523092 103585757
319725281 67 462137510 90934383
74923890 53 430596020 280096252
494872188 53 48692205 11988841
131713378 66 485252675 497896069
44158280 54 48183251 147926340
229230800 57 341059054 470972298
30842821 13 284476003 19488112
121671738 12 365787320 250094608
357150757 84 154028061 417570412
33502083 7 37674880 213032255
335459549 49 358470237 76267400
404027094 29 289366868 284403465
382447586 66 433823899 410805472
352829058 6 452883501 181189990
151537686 17 20125636 88351334
228005735 4 203700630 267878458
195315713 14 250832421 232298746
19283324 31 499819234 169523662
346403810 70 18248101 349715457
178280713 45 166103464 416079392
62431091 29 7769967 442099574
156905010 5 76262142 494821168
105491069 64 475195347 213445919
65592982 47 330869571 290323663
95804078 30 406234758 418018341
368469771 93 4593720 367169636
288313902 37 347148892 407502124
475007667 51 295117798 89953785
165266776 58 364130327 432259276
303265120 14 316144551 301137983
62942056 90 342285833 206242298
493787147 93 483558397 451760107
417245098 49 456224712 45534523
229102818 94 2876967 123398669
119140670 72 39414300 342990960
94951353 53 289725502 18767322
184230377 46 374471879 236855741
457698129 90 283082306 221990395
379561599 84 272964038 384834133
200323973 50 378815941 325676953
337403892 19 192263456 497304702
279176518 26 300708714 83122826
366448992 16 417556378 332987487
82023356 40 408350271 137876963
360364402 77 432846791 170055728
271194939 52 270655064 28541351
11129427 2 315411023 347641988
453156037 90 17997664 353412598
480866760 76 241735608 128623842
490816935 44 15902772 448256057
342022137 70 167984689 244300422
436668331 60 95631717 489815757
132908494 46 280381522 397838784
156943488 24 299971897 370980197
236399725 10 289151307 295676713
1944287 87 270585282 125312359
256182741 82 286274409 422986748
486389464 76 313021799 206569812
347294522 100 91849616 339065096
313958561 90 193328583 349833180
195067621 61 300524939 247066183
305680811 63 50041845 137119849
89399745 93 6161135 204692740
307960891 79 288548079 380837981
217385536 39 404004525 317404537
442659123 70 374710596 181646847
152591817 57 288186185 98728991
70264114 89 322705359 68090652
121340193 16 216802579 431150485
251820963 10 385041246 192382759
486404056 24 305008508 159827565
390241418 60 307636582 393790774
331176131 20 364166454 214395652
447002248 24 316694423 306574225
6540899 48 417623851 321320053
68548502 59 156543133 434015913
299660948 85 199730439 287355902
32971961 16 495404952 390162580
21827377 51 154210518 25709054
489384192 80 134175351 240934100
139836494 84 93352266 22715906
27915815 28 29383208 252158412
432056624 19 75962512 209955325
488167876 60 486680792 60754800
437408063 91 112389891 146824336
139732570 10 114723519 428273457
473331575 72 419295655 373586695
386206637 84 266908674 302772475
166587163 34 384298583 445650922
95491959 81 251662895 391806589
367848991 3 423874005 264779315
449143240 10 334771765 299290215
110221149 42 272588933 374005337
214401061 73 394886773 224389911
366351197 18 204261545 343872258
193979244 49 146678494 278192217
381141382 12 39544624 27036237
162923286 64 317802614 123106360
298846422 16 408271921 285349773
5339696 28 99578052 475440638
127562131 47 436111598 227010164
358908459 94 206047206 156539999
46268421 65 287237028 145627003
15019182 21 97169760 476495295
365194341 48 204627298 337698880
304718999 29 166814923 350035279
219746732 37 195222352 268505526
125615769 62 109489860 103165387
325470831 85 367402161 498236578
164549283 25 232021349 168802918
85821639 2 68535431 75471590
350272142 88 484779923 139503103
470839984 16 311837467 414575220
485271413 32 212642261 261974285
357582365 4 218393425 102009084
62726603 40 466151303 453129347
383314194 48 83823638 169885051
364855283 97 308706597 221422638
113754235 41 494862434 350705148
417563711 50 302899822 66630344
354137668 46 498662928 304942793
395434948 20 222686214 438360795
31495163 87 441854232 312582432
388274959 27 194157411 180464034
153025202 52 490566250 71217328
25787913 72 208411646 145665510
30112660 86 239224326 83244559
420286374 64 327526054 99325194
262208174 79 357745596 358472556
445125164 90 384248308 36793761
114378668 32 142506760 198243590
389698042 9 118046290 220361574
4393927 27 31825562 487669133
167100391 1 468491578 290980011
474976121 15 287065576 350261449
46672288 8 431552473 182828354
396961339 22 409513986 102962860
89360077 35 478355472 458475663
379753450 11 410348766 79493261
237707094 40 346424008 162122926
135550928 90 99327470 44125820
23348221 50 223825771 81330745
393846065 31 134508778 88829566
164961465 65 493607171 368914396
425830861 10 168834212 162284724
262481468 34 271808939 415389629
405871514 52 410315376 312103461
72627766 4 441502509 11720230
276785737 8 29014552 215943194
66549660 51 369122567 430898053
327706137 28 23509530 277129035
12667444 25 216384628 210896247
98494955 77 38196162 112665443
321041638 32 236032860 191595669
170964089 42 401387539 123934577
122089671 26 118833008 464559890
193190878 67 324670791 146406681
271726412 95 172204535 296826933
214648074 60 212257697 160098176
54066915 51 362385041 94100404
346551805 10 13026360 58113349
164577841 1 355517193 89421733
139227308 33 114350660 289272536
322367824 14 405131255 342908549
158106712 24 263559176 186341207
103733495 38 209735227 14525192
240774394 46 104302020 219817523
45552861 99 422478169 189351471
445143732 66 95241750 479366748
155618679 11 175358050 185580018
402840060 19 344593842 278905556
472471730 67 82080190 214960273
186453719 74 317917233 204284475
320816271 74 372346146 175116410
282485401 32 282439684 429887898
199907722 100 275816221 397594840
414858711 90 381871965 398290521
6959919 3 327048903 433845373
285151921 49 383314012 420703875
103835742 61 435235224 439441360
375643592 61 94693216 466545888
331990171 1 257591941 11331752
327661057 42 38270971 181312909
140657215 30 359238916 418592916
338163756 56 273627905 266481676
339533395 44 215163528 391377430
321821596 96 109380873 92624474
446139861 76 175923756 309483118
374083016 40 8190502 48133
180941504 14 337046874 34002568
418477876 40 196407896 31348651
369860369 76 180608295 364225187
327335292 75 105821170 175086437
463121860 67 349527352 310799507
27759202 77 216464891 33121392
404541374 1 128511908 49566339
52564901 11 156186512 293923172
70398097 64 412054373 163434184
7190233 65 60928851 59768356
259807863 64 99633846 239533649
499732443 97 410664959 98336026
85827811 7 454382779 272335024
391523198 66 180957544 23402657
274299628 74 377481036 121174547
312187592 58 382330616 423485335
457850205 24 167795572 267819282
90841774 17 134915874 77483052
428695582 93 434213854 120284939
434809650 8 227772926 254422139
182284229 61 132940814 334028543
108416589 96 487625146 146073977
49915539 47 429220648 367458266
448843693 1 188579523 303604003
485637849 69 441752127 433681933
104869482 49 368897012 464254473
21226656 7 134164999 38663486
52244877 87 139798854 95942043
138997728 93 188113436 297627138
278315839 48 153612027 187123678
305293399 15 8285126 207901751
251756587 53 311739462 256383399
199169336 80 159124679 221369411
26200945 61 315022919 498611964
239855830 76 400166740 123821450
160214470 9 258963218 1976498
170625165 25 254900744 125724467
451776701 51 268648702 467042650
389943016 47 138112979 156303613
345695905 44 76531512 324852388
328300993 9 206047799 100053423
45341024 29 378996734 446887902
457361221 82 107391155 201734456
23972900 88 376557006 29739665
165254209 95 499792400 379640563
382062769 48 494787175 59342697
473837799 77 268816229 352210230
458492477 73 190328659 1535336
327964474 78 70305076 113652829
325120697 63 31696087 337496598
203977101 62 408467539 466009115
39808987 53 489510947 307483138
90558171 45 148097840 153811755
356261234 47 252876113 4144400
185142713 51 468145647 352629053
33498313 33 314802184 453306755
58903081 48 26134601 34496581
349717055 22 442001204 178877791
466385704 48 427892908 143156773
146683319 51 176434556 378657406
176824197 1 114042127 71654902
271756099 75 168498119 93281855
97665241 62 445315377 290796645
399827820 84 458665103 119352329
311681656 51 454102355 448485903
202863345 47 418454328 52578194
175423179 66 229288545 159553365
223247306 90 436491995 403495394
430472985 78 373733846 443570033
461883464 21 79879700 147810451
383173210 6 104208149 206251834
114171769 32 160741543 428390239
255681113 49 91426480 378197320
427051944 89 450267195 144022605
258602730 78 134620868 69704068
382940233 69 230183327 149553555
423214566 5 8924213 388736848
31393824 99 166128664 448744746
182798550 26 428275326 18042619
24468162 23 157851465 240297503
262991224 7 251519141 307229459
153784051 5 318277624 315497079
204933170 44 422907318 355201691
80970409 18 219833714 424287706
188969359 14 103224389 290306394
363447478 96 190357674 233798845
382500599 82 411531008 307209799
157221315 46 482749250 136466398
325231646 86 3141209 353923573
486964811 8 172108642 238129331
402822381 62 349100239 163189723
256013309 2 372788194 30968525
320317156 23 141747088 273813685
459483403 67 117955423 108594185
271481764 41 205449639 497260262
251938721 36 158987002 298684202
450260513 55 119082918 464946499
965771 93 179116199 169049273
356030018 73 218154624 351617079
282347040 26 482096573 262990729
159021134 56 388111686 86955650
166042575 57 59410586 385546498
448636844 73 371409211 427638465
10712851 66 175175298 464350988
452468476 10 5276112 209490864
441909970 62 420263394 84183711
163687682 87 463589786 248266102
235456387 99 174779751 463382747
270519355 23 365127293 80692106
453722149 84 166301942 176898780
323842153 62 200890890 408723806
475341955 25 484438979 22446366
398074323 76 159679178 19015459
467952616 32 134388705 360637475
124287811 84 308904351 345485111
166937671 56 76345002 442750455
284522185 39 462169341 114947336
45263382 84 185522427 276258096
219708277 67 292325587 483858450
486614172 55 315317252 92086047
430006762 11 453116330 423107618
313737704 72 175149422 494344845
394886843 7 112923699 6359972
38168984 89 262160375 445909998
239055113 10 349916077 377065236
189332882 71 338328001 338536627
244342854 94 280364847 422240461
110841247 91 21256390 58027035
336575560 79 345561789 156512257
366659241 16 42523658 142462621
158688282 53 237159320 118804648
286628889 69 414835915 73362873
140556829 13 238870015 434805817
64994791 46 241253934 322997433
143952549 91 243844613 209981609
269543502 38 362975236 360273053
51784862 25 582756 292066754
170496860 73 466393226 298576867
231352981 85 417451297 378531401
269977733 2 426154131 272770201
375378780 17 120984525 414612982
97607603 70 100732904 241621126
72403372 88 395658530 221686206
64098296 54 219753322 213619341
147757263 58 170584508 346972630
334892901 26 265804155 303462954
214182975 36 434407705 321948221
238457830 31 262763797 304068920
451188301 67 317644748 217026186
275551488 10 243522639 125125647
300558721 64 87789994 63405735
420349119 61 224487671 77894658
7786626 75 130135112 277585722
215233989 16 70208644 118455775
77949245 9 105999068 130614077
421844704 87 47430699 246866138
416908645 55 394151565 395921643
344728538 75 330983355 25130196
438602448 9 156276569 223472234
194114172 39 475664610 197229158
416224630 58 411002901 301747173
251575025 87 210451099 487109765
64000899 60 182130914 110957071
315973893 34 6772167 463319363
359902111 11 416684979 260541785
253942465 66 248871581 374620215
187673999 33 357701741 170259392
408453586 80 178064068 104966168
103458354 31 137871684 171803333
208011734 33 30847641 265320389
68127570 17 478411065 66506011
54684076 40 97848836 250080256
252625651 92 441293835 41497334
198714154 72 200616167 81701913
116207138 35 118380072 152531005
250739101 39 481277012 238721843
221642565 40 353366830 227993713
43612733 89 298722494 42730558
389817367 71 350955180 135527142
454898596 65 300775912 183872662
196703388 9 154950072 281369312
242860433 74 304701645 99624750
159867643 90 426744599 304202400
21265674 88 326006196 494573221
213735116 14 184737627 326963169
297941252 77 27491701 367741174
147208298 8 242604842 351429938
116822191 73 283287362 87726815
359099825 61 235763324 235765897
416208824 87 104237226 45086589
23298713 96 68950848 431135024
214807766 28 255067952 143322923
472476179 74 152730782 483094496
357072567 1 370005362 21512633
108615835 45 488843017 317768554
95299323 34 71820586 251871707
360054699 24 114284933 38926032
256650998 61 267932134 50022056
401762247 44 194469539 218469011
243999077 20 391335667 372690443
130937328 45 49360096 199458439
30363620 71 265612085 165822850
287031794 52 373071411 37535427
245702867 9 247684612 228643509
69839797 59 495699643 16444227
421194427 83 266224324 321772758
355484634 3 93079616 402525579
364981489 67 149168106 125001326
345951868 23 481309649 373393301
82859733 38 233715488 170351114
19598882 46 468961984 439327758
5840916 14 130552267 313721232
5282350 41 40127038 150508478
385280080 63 28372966 149435665
251677715 96 253833654 394954227
170308260 35 432882441 72508162
63636972 12 257834354 36852657
286356070 65 343561049 389786507
314255971 69 159161868 358013158
54913447 77 169142062 127874507
68665921 66 161522369 257080655
373734579 7 64108267 246771099
204708076 43 90552637 34081579
176919043 18 319398158 275003920
405610610 99 489226309 30966715
324044181 1 222641236 435332509
159078378 35 314955376 338992386
266022703 58 355678457 219705140
120009191 98 411670164 437650275
49029929 35 362259604 296737630
166499186 52 467378584 10530423
27061700 62 164694723 338364518
182229739 32 91982800 488599189
324953393 22 224819298 357065654
85656724 88 452248126 323758598
327858679 47 420110655 48361069
451893667 55 383115509 361108921
316084003 59 57000470 493323816
223774706 22 52630278 51142236
82152361 11 499676158 247396248
48978550 30 353413039 362593385
171929912 37 332879018 221594807
24415728 70 499834523 138635168
25607615 88 164589566 21328414
200585549 66 341786482 56258889
53401433 3 187081578 386898947
370878305 28 329599164 460170900
388091967 51 272935095 319981256
257521671 8 244581536 50883986
76402546 67 362691255 198654844
189635644 48 152485547 264246679
399426490 17 42260188 90073604
251106471 100 183799564 348030480
266427188 54 464801042 21251404
40950157 15 247208528 495801029
237672174 1 227834942 438505195
452282339 14 363554427 230836629
44930311 35 114431453 53663598
135633185 62 253064655 333576195
258092668 97 107943379 290954227
113653295 19 467396623 92617918
449186559 77 490687327 392612602
422320770 66 167206727 268880633
313192561 6 341319926 112097489
255335741 80 311819838 495304979
275828647 4 152364375 34027845
463470584 55 1266243 99741248
156179968 65 391649156 294590426
30112231 49 301142543 372697418
366917740 70 245755491 470493067
307752718 41 97219612 391452883
217802961 22 424915862 281592183
87514004 71 24409892 289450037
290369416 18 387873751 220599009
83778470 52 392411125 133964820
15466604 17 335600705 481240598
16920319 93 462923511 451307568
166946747 35 234977737 211076565
59845009 85 228259550 160670527
486547212 95 301417141 76989209
34080791 72 19502666 443934259
24884363 22 464114142 328050772
162570026 24 394270659 37211293
83707048 65 461817635 391154729
402384988 59 107004304 85553515
378550776 37 56481224 103359946
157851704 73 36906724 256607739
146345515 12 48034467 497598960
434958185 41 341866075 50233170
103329724 50 310869684 303539697
166664632 15 464588261 225245120
476937915 61 492838241 25478820
484008114 25 263047668 220206113
178659638 99 383135542 186079844
287048830 49 217929211 149542451
444638138 74 101775469 25775623
395562230 55 115287882 420246655
94884635 96 182246124 133458208
462025474 78 152885953 30385076
18836548 78 478445051 216696449
381045940 92 414477481 390552463
58718633 1 240696774 173945024
471730858 44 38549491 155537662
397321656 10 109881135 40434046
188871278 4 386920303 456478318
394487088 80 250344635 149885585
149049860 90 89416162 69252277
121167873 68 72877592 141558483
272925216 79 25739013 21895268
100000003 82 143652374 332344602
169641476 43 175686719 149241802
63943154 29 354849400 349785997
73199299 44 236940063 306205615
438514373 32 147248632 326531613
212805823 16 481033612 464519291
393107735 88 473236326 496314604
267431320 52 111165372 52158371
36544129 20 495468723 176615713
39574650 44 312460450 194039341
335330704 91 307836635 262710093
140730558 56 433126410 224797995
409556826 30 178555267 82234467
434353978 20 383872255 497853340
149194747 87 163508878 240356823
162907983 40 144850644 112834813
224697039 9 442497350 158145440
149008761 97 69751935 451625087
327004881 57 286410891 453927697
55899945 62 485046743 419460915
148031269 2 8480358 71416621
174864692 95 211644337 319133944
473398651 23 427027878 89224555
166940662 86 415296894 137604033
273849090 67 204981819 100713625
338408261 19 267467605 479008368
466481814 98 66199347 296760098
476559560 77 386120834 402448148
54295236 81 359928663 148110789
303246137 59 166782522 66962970
498367117 45 342884794 243212999
323347022 73 390500436 253693585
116509074 34 384572953 256567088
446182635 22 263557517 201423630
160571411 52 5040507 51558001
256519684 74 135731785 306294906
198605705 48 471467838 220174522
369519367 61 108592358 384290709
297812044 8 464878751 90198612
127038700 17 270138436 40556993
89249097 2 274156270 446861753
313513906 91 49418008 336917911
455756577 77 95067977 394799212
493237295 80 474292372 105695611
376320227 81 151837895 14066577
491020465 78 44595120 117020522
329113912 55 429779127 380486167
197571766 45 150421637 418039884
78224321 13 102073100 247019488
135236116 61 350432349 157979394
312608734 88 333044592 497664551
186665294 72 399032644 139025840
38492902 89 51844777 331925541
453959611 69 36364937 207515960
228689676 35 268888962 255653138
73029212 22 364209120 169726277
37465398 98 488443872 425578111
482931645 23 377793172 148928735
85639545 25 184829524 133968609
103562407 10 180436780 494832067
404223591 32 431059568 144047631
229414260 68 95429838 268250997
398267333 56 353274969 34281974
254513104 78 208950669 152196753
128516117 67 485718538 404104404
309820883 29 159249503 183053154
407603184 44 142739272 425954332
278226136 86 156892088 372730294
306992292 48 256925463 153351511
78468575 90 42204305 25533862
303373555 54 26669748 93911139
237292157 40 223366731 286739905
231439996 82 88289295 361513315
344818666 85 18905901 207933727
225007979 23 12012124 435762132
234898785 95 396724750 152638249
152117372 90 163961009 408727705
168520861 16 49097246 118661206
296574707 41 11828605 99106088
221314055 25 41659251 37626858
233433080 45 169386430 294344081
3069773 19 52243315 429264117
467913791 29 39224277 471671889
313829259 54 465598454 236624233
425824664 67 373612756 243880995
19970083 45 314846411 231874706
246278241 24 18078510 437493326
387218263 87 443372952 293471036
332514934 6 324938898 165979917
21938921 34 208691500 376788075
319776102 92 490180539 338772131
218310450 91 72369685 197915402
34114963 23 148118753 391008744
282809790 2 230167714 454819451
422813717 47 345215951 96868014
247704050 71 369187731 265565731
33075397 23 213340942 312828501
203552991 72 251543605 99143126
438487679 50 304048022 22757955
169682774 84 455879260 391258950
73684049 30 248778366 445237325
131387666 49 307256082 43601831
302358760 47 344044125 383070593
112003352 82 214011599 21807934
332085900 28 484448472 155829486
217776606 29 369036408 372152505
487675639 49 406241889 51135803
86370637 52 208089924 423831667
441552019 5 331264272 460352376
445294388 40 205877262 105867843
342523000 26 128311354 186129906
116469812 6 381434598 325657866
12496331 15 128657219 288761951
205818410 44 114667234 318365661
291430328 19 336452345 56255330
415535054 72 304654934 463612543
428602192 13 308300110 474480866
191547602 100 117753242 276034595
464870264 51 2180546 390832374
364026431 38 413553634 380837500
66925659 36 188715340 187146900
451907415 33 469579074 69111422
17178451 42 105313768 479337706
85689492 64 215152048 316995070
423880781 81 273856901 160053974
499809874 82 163262913 158570804
189580614 31 359137204 21260104
203786606 99 296750212 338714523
37010268 62 68138785 233625930
415705627 73 308670072 480264772
241554849 28 72828744 472125654
61759974 57 30931320 266119583
403256139 84 242583228 28825043
16914150 23 231029306 218498570
450751623 68 310505670 190616906
344142442 98 316379148 281136959
129837168 89 125187955 382435146
486212144 85 432430458 365888662
111136004 39 407423646 15943255
380003242 9 317832021 331386746
257982249 64 280228153 481723728
474246179 31 206966501 438577499
12681812 53 344425121 226481406
35433721 14 14968846 227575053
393970380 92 369504359 371950302
259697770 100 74303019 402494786
176496261 50 197368508 22856215
103724103 85 135997948 300729444
304950925 71 196559176 104641741
318783505 70 312337173 109125680
497905937 66 340054459 227372249
260184986 53 479941855 479580425
456212823 82 389794681 362232902
291712255 62 268291064 256127627
30569158 24 218513601 214018129
284134677 13 392280470 122194625
212374507 23 204767425 191622231
352453408 35 310964885 340001199
470151790 12 149788307 85754270
54990009 32 412953638 285213434
380021026 25 352729690 342226295
336901900 39 392533242 493952881
262234542 54 53152909 31478728
95236218 71 473265317 23565271
443449727 9 328208198 328012255
473016871 76 494421217 488996996
221487773 58 278043013 349289780
363990143 14 472349165 239836370
28318596 44 222615999 389993177
292870761 12 299355752 59114856
71551135 6 144028816 229790477
237814788 11 178926122 37468246
6930951 93 24010978 407568788
68593342 16 437312142 463396973
483722811 30 23719623 465383302
481759708 99 241071051 232866074
415878296 45 247813922 206446826
484423871 93 95443485 468077740
232659410 82 202936694 486716679
458718014 86 317841329 43558765
417632796 13 284015417 128732123
105083476 48 303314041 262863357
158413401 57 197917320 459488372
454208592 45 129523515 50759160
60679714 31 115700693 248117604
238631658 63 14362111 127859686
360239672 58 169618102 417127595
254478751 92 402382811 427449047
282717690 62 69886703 59803974
235152750 70 236376678 88498745
204274581 9 106440203 52863603
232750363 95 328430013 133209276
146994648 16 415242414 276179360
312619445 36 197221881 420836596
99251635 61 377418396 93608658
96956559 43 206164269 106243686
40708354 68 176651581 220803883
285579710 36 496281711 449521860
92222997 40 191108158 356192782
422261793 73 348671663 261807052
270910007 72 69816185 252234730
205541540 48 52838583 307066378
347736799 3 113423797 346457534
434917717 84 404423896 463980807
162152320 71 86055219 430469464
257370258 97 281017987 416814379
247021050 97 408644218 94445417
340981681 38 277305018 403415324
274266221 94 229578483 354464820
134772338 18 147389945 211533373
298048128 37 409715191 296848303
92492390 90 237596661 140853185
233830988 35 452823484 148981108
434642396 73 282965895 333359594
337115970 21 193900753 337105013
409550103 28 437396141 102915978
179730096 11 79755078 237588165
98612489 85 89088676 256478365
455988775 61 260932221 489553324
61472996 18 211705677 211477350
30623799 89 336959266 24297734
325398719 25 143926013 51029113
42884677 50 310493121 323834995
74599597 12 316574576 143585890
210301425 53 340846343 41253679
375282080 37 44743841 198502048
481646790 22 485575356 275725715
413824281 85 270422163 73840265
143124210 67 161006897 191878396
365052711 28 260489908 97378352
79000357 58 467761096 437299448
214613537 25 406051303 35497383
348929650 31 226445083 258379974
106749054 61 453738166 82575434
71219061 2 75794508 158056461
130734091 95 212412504 252781023
158935549 47 274285510 440938603
39156959 23 475529446 116666501
198342262 20 142463108 160430912
111943362 76 219070919 439427490
113798245 63 426667287 253201311
324088538 41 135798984 91048310
381093145 51 370294094 238373832
433138500 79 333820758 401547889
46284149 35 115462046 96651612
264809676 74 58022992 104829301
416612716 29 394782825 310676320
488631709 21 423379908 67132779
138435442 54 198922209 187269236
264930923 47 134703127 303194353
360914212 79 163513419 52754799
194005550 25 106758949 142832314
353304894 59 27626000 455705167
398130678 87 190907399 450005875
307501338 91 246717817 239710342
437758090 22 4950663 430343824
367213443 75 325576251 211106326
468052534 82 303504863 84303635
287169638 55 136697958 202768108
361259708 15 80249708 115300099
18054935 52 281030825 53137598
332568644 76 23703610 67215504
468874837 71 270639909 260256291
328240287 58 369815316 223499334
77938332 76 37075993 302491947
42197122 35 272619060 453416539
12206352 91 465699979 202627427
18201048 66 153115367 238415832
156905281 94 103111193 492632109
237589795 36 361224301 303039439
125036796 51 193416028 134999356
408322789 67 365501891 32088205
73244079 86 301572877 289519261
292895320 13 447841274 407060522
424889003 63 260836677 190925022
57972129 36 396989408 34741946
488277227 53 52952920 10309481
267865302 49 20980623 444838970
4150476 51 244062074 445080001
35905891 54 291619711 293784721
322175616 48 89586461 159067748
167489226 19 343539270 369219565
118321159 34 299662425 44026538
230977334 5 230353737 84731309
434289909 36 184124626 79081739
198018875 91 10703632 222394902
223724848 65 246433739 461074104
83313991 75 499173987 462652218
165119571 13 34585819 101482372
90084275 24 14909686 462230116
132909074 51 393211882 383674890
381411251 99 79565262 88400716
130982332 1 121232381 226110133
332658600 42 71088060 1170087
32189394 70 296933192 284262794
293297362 77 403437551 250668522
123713888 1 300474523 428575033
364058087 76 486078759 190296769
382999438 9 51017337 196514467
431545924 82 388362242 433620110
248349119 14 254475151 48984220
277926404 67 451328294 6132209
200595999 42 401216906 475475770
486014135 52 51126928 24262664
436099542 83 160891148 218894051
473803942 75 416243367 193697170
447861699 67 483307350 331328150
150192774 40 7576103 245988322
120313465 25 124652381 67257128
411829701 74 287738262 379766084
291538568 71 219764230 238673858
168110096 73 213266095 22732948
40206815 9 299213735 416487304
155746581 9 346397111 31037280
282753487 81 479603753 388116983
467829871 73 400598556 88765075
354733260 13 392632203 148317629
479274184 65 459606213 31990922
393685222 31 292569537 128933405
50620678 94 178258855 283836597
265613096 61 358793057 86943278
231598167 44 94604562 499294949
85748297 50 418815373 322728607
76992366 32 431485895 439358827
335922583 95 53707233 435838389
413569519 10 452957742 402367899
417388264 18 303682907 354512629
48439999 53 435630412 35777327
387018011 9 82920868 388889062
326811943 63 143078006 244348024
412969705 36 391340800 8064336
390575106 74 143593946 498782051
443333772 19 91063367 43864409
88234696 33 335355066 403401832
438231953 1 309230785 64085831
121580862 86 437290325 375696581
443550339 15 265368650 476022423
75728108 79 290410575 301621255
219494678 94 412992482 304146415
340837774 72 203774867 12775455
35726791 48 403658429 56241440
129121590 60 25258024 317606117
320596969 58 348692361 12928010
78501756 100 496115095 309468586
252266396 87 393416506 112493955
218048580 28 11579714 157905836
302947111 39 53455833 86115054
84473727 52 361681178 280173948
205469653 98 353820734 471248602
486117834 20 316797900 254182430
49225620 39 348446630 443341828
465752644 81 84073299 52062278
114150950 32 492728649 155619989
454967715 66 242408646 84111228
327594147 54 261435509 30475146
359907710 49 8136222 81568268
466936506 11 261348129 50909956
26975047 8 128343480 438742487
127004959 32 259665382 301212958
316645909 65 251511551 133812154
351619681 22 278969954 411329841
241640802 54 446523846 204580185
335386878 33 343034237 70773702
499522353 97 226631684 18801989
58664996 24 258553137 54541393
214283771 19 286547593 327887311
178837032 43 370419540 328391465
276906978 76 349394648 119260187
228641823 36 367718150 341549986
59723118 8 161547679 430400220
201595265 2 143680233 247278464
190198426 47 62360645 289892525
330630957 41 316450276 405180508
197590684 22 169382289 460374854
229256148 76 427271545 347305715
15420657 70 154410870 439586565
287653667 43 400169236 75838177
436448252 71 267885498 253845220
253936839 21 185432399 133617606
4128994 66 65201628 36279385
270274422 95 299778249 148337343
315447105 21 488650089 476649851
1344813 59 363950781 341227889
435706387 22 149076601 451285206
56664431 44 298324180 389391177
151919479 67 116947575 399802109
88273875 1 15546342 192127595
8658428 28 217319722 229085145
331763300 78 442414288 129043810
104508853 86 337370930 161468915
17459845 59 411650286 27656328
91912545 10 402088412 340160110
425069281 74 491147275 219727854
295064761 17 113852801 153655755
360543606 65 325860857 487598530
351409778 74 129740253 37604866
232747198 8 367976663 459996565
46655620 26 57720381 216587847
294251875 66 374628656 301733977
476957815 32 211360868 180148577
274526952 3 490033894 273681702
105792337 84 36519648 339265335
392238229 7 350561642 92725855
29839476 77 138813132 431243500
46196247 59 53052029 6419061
36254756 87 460744099 327706033
215620928 37 115126633 10155408
101244468 67 54794362 324425290
127368460 29 104251445 57660258
237278129 100 485273472 54853909
83268503 1 402243929 435863260
198152536 92 485146353 27286355
362652212 74 356500168 479250186
120213985 56 198256524 252677284
260879094 4 196399334 107944094
305255260 7 1218089 428553047
361331389 94 399754422 248194629
298053735 15 467297968 320666943
145416224 6 5496146 405604873
14737642 28 233842276 441028595
260100016 32 330567366 236030142
336409328 82 264008214 452451852
342760426 33 249716239 138940081
47163333 7 254161767 112024143
302363186 15 177929535 408571962
115649574 88 317671160 372832858
34150482 72 455635618 393167141
60261710 20 184083124 124792486
47998776 91 193026959 338082166
440105237 44 462519162 356965834
486669700 24 113548713 204130659
133509537 91 177730834 144854675
293556165 69 115572613 173721433
457964367 65 376308459 474180455
22630671 2 36441252 171187933
130151513 13 446422765 412088801
186230967 84 222274102 388010420
215139334 80 175049934 229760127
214030918 83 126902047 154998680
110361282 44 12602037 387710261
45633525 36 486738884 460117943
395908716 4 66665357 358091673
60817394 37 91091521 274725160
159902063 53 499243787 48705763
5742403 65 222309132 460441791
491749916 22 460149628 107871395
267259048 88 130392871 485988537
291023692 18 362072476 226593966
52523116 14 229097842 143713726
80040445 3 204590516 195264158
326301030 79 38917850 381347299
389699188 8 306580796 485004219
407428381 46 381182505 23431886
231802050 98 427911800 358674239
318968198 29 110433026 49864603
478139075 46 243872260 176698673
402566902 27 90416995 407560911
314627426 37 17769472 19412048
371119357 34 23167978 89064149
220482423 11 403321169 105968904
221617958 45 228090650 8152702
222378992 1 87727091 480413149
394858777 97 467232665 447506007
459996848 40 174160081 198314752
451917260 9 435184448 208707100
443228036 91 468888035 422689652
112341992 72 176827207 363086273
80775073 93 11539320 132257586
345342975 44 238498666 102091807
257906413 3 349123017 404908551
480316665 85 159079973 114474261
103937289 32 42432217 148135543
29662690 25 454055956 407800622
176766235 100 316308803 273352243
35672339 70 33866206 335946684
49532818 88 7238787 291326410
68098944 89 244770078 445953671
91822099 39 456915339 361901745
463843168 18 287343050 142020386
257443236 82 253167778 88959825
339637915 79 367863565 276237240
415716530 80 228474323 97746349
389348755 61 233256675 54513741
193848565 78 343073440 239352746
163834535 46 416552082 455996875
479060345 36 326560879 383064003
393824716 79 351082605 53850599
474656487 29 454969859 184928991
481222031 12 271244905 453582729
148387679 54 9476969 466996353
118684694 26 296985301 170999520
273375394 25 434380451 374635027
172427621 96 413739286 143454308
311011475 99 336837656 171025731
306288003 11 38894274 35691239
458888138 59 458446170 296712001
13908729 62 3640798 390280714
414783292 51 129377458 69833588
186279022 20 495981902 125618287
293303040 17 326280487 293151625
355076082 76 311499091 112854586
225283793 68 108059623 3268310
62773540 22 465446708 101107384
227790389 48 496438609 422751929
100313015 5 200929009 163817450
235530689 18 394240534 175888175
4964876 92 397028744 380405482
104576066 91 257967094 88863656
337691908 98 304806491 25026349
278723090 34 302773315 214391586
149665398 65 125371876 269629005
115567467 30 358367191 162382126
350304476 91 30899175 417698983
235520352 43 131801353 477892886
314982865 52 267619562 273270810
299962805 62 130811185 368831848
361438345 59 153879610 1855605
184761189 2 339585025 403000577
52207207 90 343637125 350819503
266916835 61 234508312 220748301
341415015 59 289915492 278951146
14897431 86 148633620 441309999
108695046 83 71555621 218458446
205476338 17 77268012 249977794
203671203 22 136781794 346248951
441909505 74 230448672 59603689
465967226 6 211299343 170153768
314194664 94 263221291 320597914
214607154 9 109452346 275838729
34125036 43 123004310 333442478
262438201 23 25468891 419675803
386136897 17 333872662 312998125
367084476 98 469336179 261270678
178550640 91 209666669 409204806
91297171 70 422204823 177299842
232970623 35 495196299 56728641
57541958 3 463892872 352933563
373807502 34 116585926 429069598
343987200 83 141187519 438206747
382113513 8 113052069 292693169
356552920 55 466684879 398729442
385616829 2 214311659 256811201
400717338 23 238738765 413592971
272756205 37 358356768 6624079
225368269 33 68464281 328234808
106084737 40 146412494 37778151
104283453 63 200371147 145759364
86193594 9 389147916 1469890
194355661 98 90864523 72080725
120659549 95 418779133 87369233
115553549 17 150063125 136772893
128163622 75 350018952 214139794
259713022 2 363211711 484993923
112785007 9 258474232 58093682
180350027 85 3173887 153419254
298246722 30 107799544 294755725
293733978 21 485931623 67357246
45540260 75 467257041 435379351
11219017 22 498181665 69645813
2690430 56 256813582 310447234
250268415 88 65650764 18514598
214582611 24 394495353 312586072
457280704 97 154377284 494652529
428341096 90 143287621 32514181
174566026 87 291302109 82850079
79324056 89 370564586 495810625
292712947 81 275022468 480530716
474069072 35 161983026 483112475
50171356 32 41410173 302814941
138506843 6 154077904 408769574
373546660 2 322748923 156685001
370469057 81 283298577 239153722
60240153 18 105416627 480347180
418928513 8 210283358 81083446
358461066 10 87891197 265230229
358058562 16 499171798 270903067
384692376 1 377907819 171826506
93473600 22 215361719 76669755
95523779 20 37584670 464597963
273354293 100 123720636 377717751
159619766 40 43817045 247922915
299329915 45 70112620 483281211
156003217 91 181371127 121862473
456994476 56 447096485 433774096
140629388 11 36571118 48460469
411569288 56 13854979 69732602
93294714 22 297086484 363436512
68199659 32 246402668 385911467
115120563 4 285934810 322796226
229916053 21 115153803 423111686
133032102 97 438177644 93089542
421270680 13 291821361 300265895
394111697 20 82899469 183231637
78093499 48 427718077 44182423
145294120 4 167988010 132990078
272454519 93 329095057 315539974
389532491 53 255960904 107523837
475746799 48 106536961 404837151
368709590 31 445192518 267525046
330152965 78 128306134 191980492
108112316 1 11269766 449274504
495429120 83 204708699 406438606
449345064 92 421857319 236461057
59462355 88 452073239 316639556
100936735 42 216146648 498744698
101040093 31 467929992 312048703
35214582 62 494010668 381590923
274273914 92 234628108 27572247
193167389 2 168592688 134732983
135367090 57 234353434 298891242
433615736 61 465777027 78958250
481536717 23 389166016 33284518
443121698 91 417795746 418817822
441972071 82 267639843 488191799
373879002 19 235734760 141815092
405084716 4 203353310 461146139
4423911 49 169590362 141910650
296240141 31 470032407 82313893
33747090 63 425760632 324003678
118804982 73 478127565 408685792
268155453 70 484676826 476557732
242823504 92 390172577 54846404
335416140 39 271287835 412258411
8142826 7 379120471 460219933
244691556 10 221859320 22235753
75413949 39 54371581 447353367
147905637 67 123635556 84571053
441887371 76 133495510 462582979
82122946 75 94155878 492922088
460841403 74 835858 381388807
101350068 47 340300501 34942225
102432246 90 180835919 256964750
113953875 16 439622292 366821429
36002393 49 275183968 102793742
100329456 15 77223050 408059541
14689241 53 326077546 374255437
380298778 54 354821548 241696218
354976759 73 249989775 389036151
227239806 60 434681983 84806317
433195050 37 302119365 295849203
70084248 20 41719300 467999420
422808565 62 379495818 356154754
113576496 23 308318647 231952622
279774989 8 152327552 88061120
127340930 92 218360692 306608526
198489712 29 134480028 190840383
312361810 82 127803644 280845352
428244595 56 490476736 358929479
194128598 55 308176012 296918482
373256737 92 168855733 282671612
76612280 3 379683490 192947739
449177118 61 254556254 415906038
262614097 80 71719323 20546288
220020289 9 317515518 45611482
487193504 21 253980841 240727422
444971519 83 281708736 403064733
138844500 50 354951307 320608515
74504290 87 118390021 308035388
485354046 42 294336357 447289167
116937370 13 475528309 266443542
298557757 79 313216912 6929756
281563631 42 92951800 354849477
86716655 54 478807151 452903232
2143820 72 471844493 330506268
445190702 41 187272657 182509208
294256191 35 111450425 131258263
443716931 61 64969778 449152262
319486729 2 127475248 371781426
93221423 97 389797987 64088173
42922579 44 167101929 231187562
74349048 40 49216233 55554472
246206628 60 393501078 221363370
6758940 68 415770890 258949563
258496840 1 45437719 158145756
331599411 74 147759418 495721976
130619716 15 10428770 454285098
371862799 36 49578378 229357811
102946574 43 138804657 399495585
15425046 45 181586484 414907283
393030827 24 78624018 206392357
188625298 70 338217699 308561229
50082314 75 445756692 310678082
48215901 17 446261547 461523664
213743236 99 3282407 12305461
29433681 31 226392036 120043284
343634780 64 225213492 490145207
407825050 44 164948606 395731543
128889769 39 280971099 436046494
472761072 20 291819206 204274322
427268551 63 244463448 401450934
78682448 31 116635385 150717684
316908519 20 291813350 126420274
38509275 85 251276939 6644047
427356412 75 72894097 384611396
386787091 31 388156610 320822356
359050500 84 136166323 139449766
100549829 79 38816734 118859341
498411409 12 186149816 155319371
140432241 36 191994183 30239703
260203220 11 209884551 321153843
292026089 64 154418962 40050285
25332577 51 482587748 189898641
479561505 83 482365666 285244835
170703102 54 363126832 49946509
473114521 61 358346115 114149766
148091905 39 50583126 277126052
215458495 98 278681205 444252977
454148950 17 11447775 233843688
81547642 61 398519423 352908958
217449144 88 354159684 449277032
214686833 86 210693131 219953636
138949963 85 116496810 471641052
466835374 100 136737443 456362559
108255661 90 194237960 49918247
152635436 13 245335210 137820478
257555459 56 172233333 400643006
1038669 29 253218542 458161595
270825590 51 478174843 412484791
331212669 92 430500526 493219641
440664351 97 416363242 79978605
496334250 99 93629015 125539914
452039274 40 263861607 411641491
335409672 100 162898159 86873178
286798044 78 389179129 494298696
89396296 28 283266377 25589894
388935841 6 227527856 29309277
151341111 85 350929084 463331391
215887519 99 352274147 341944648
398071698 42 293731444 127786881
25234162 66 452332934 143412010
373367954 57 107693581 3734891
439028742 56 340296919 456316418
6400764 3 31896802 66018005
23698224 43 43795754 53475511
378999476 82 359230239 275291578
400634827 44 218542786 6025461
249907930 43 294370015 308764599
230074823 73 309333476 261007505
6974147 21 4915903 319345343
33693953 52 425110376 354507958
38345320 85 112343510 423536087
207114622 13 404846317 340969598
143036602 36 128669627 413483738
293545587 24 468337023 491092246
229018724 20 396126503 339387635
333909953 43 93831698 468418375
269856468 67 11635970 17677911
81134688 4 492875648 52512804
12054495 33 389819857 131048609
277947414 82 395040192 388739482
54214457 100 262560111 395192303
313481316 13 202265892 434168315
447072268 65 284606947 454259915
441514550 28 220621156 123123489
333845606 17 312816734 447082979
87465502 70 218639104 7239485
174689606 38 477957598 244856983
99249432 13 340175695 112847201
385329288 59 407300702 14118793
180929284 87 95277060 3500491
222135220 44 164803726 268851538
34400360 27 473102895 1461458
181114197 31 46752644 415223347
145542344 5 296870659 92931464
143822722 35 469450424 169039722
151270877 67 67262394 236496681
235771921 4 20648473 138772470
451778930 95 238725457 20302741
219906060 66 145321058 73879841
476329546 71 243948896 37325671
152711116 98 465178804 88017176
214737410 35 236012710 94646541
445550865 29 36250809 55232110
3998322 81 28661826 351268287
322479995 61 4363868 308592662
13898938 59 499200986 247949532
484959202 45 199391770 343440564
145769890 4 16750988 467123546
475581115 62 266877713 251708098
242231801 57 62114754 345975282
334043387 72 427354242 313070263
349607878 84 27828357 35648045
396834599 87 130820435 468813422
355130454 25 486602631 282458761
483175631 92 65691111 452442006
4208351 49 424415635 271825083
239416130 4 379405474 468262186
341221036 45 269324550 423292126
462424470 55 65712037 85318707
45000106 56 121563401 170666753
28705961 16 246658391 271928155
46247723 74 194631790 245976614
236065996 76 173769439 271362739
411978145 75 121269237 21936030
130383110 6 101258634 498470654
215537203 19 365463005 204430839
2078349 53 141284099 102062151
314686690 66 87519391 419835168
243982902 56 153902201 482386232
369625525 20 234430595 493771158
266677315 55 362722645 77788978
316715144 61 447131759 378515867
336849348 51 411713768 162188559
64568681 11 435784790 357231933
34309419 46 302379161 95939615
322874276 52 320913174 309220831
105919363 95 411141512 363582356
468254546 76 350828185 42175008
396136413 98 467793291 22154808
107520588 63 329421571 101373312
489474869 90 123882958 308327600
4738155 41 252767517 134254899
164237693 98 301702050 316295167
46599843 74 393723953 334097714
52730688 89 239207797 107248615
288997068 37 228904195 431965042
217619527 37 357385565 171463038
442200337 95 429567959 474739490
198543750 28 354177183 352420103
426944104 37 13045139 376954996
106098540 98 450213514 179457507
250200093 29 217507556 299884712
59412928 44 344743349 290518898
447279214 85 288529708 355606374
272981023 80 180156256 367310821
438463525 72 276470600 133669975
155518600 44 449071533 78576463
461092022 95 475524411 142649025
111445851 29 85796444 264949004
245070328 76 66217764 267841059
10777105 8 49100749 479764363
78007232 85 432240102 152865411
487025312 43 482349127 414127065
321700151 90 446117237 3364845
257173424 64 465193878 162316078
104786079 5 477290253 247093104
172933067 68 187021280 106790521
310654373 86 472599386 206715250
320654306 12 383011587 306178802
485026258 40 262584133 337161394
43253763 63 235090791 349670075
223094441 85 272717091 242712775
173480375 14 476097572 278448100
292947507 72 425287156 10221545
494274777 34 357184821 287519218
357498022 45 472229271 278232682
447416254 68 252021771 388588996
315608402 55 146469836 241366418
485130990 11 362457345 160870351
330505553 97 376171796 88529426
399149219 54 393930961 224286157
103253729 28 184496957 177374170
17112061 94 260752427 162166079
145594628 88 76428133 86246338
457414340 44 344831552 7294243
39267753 63 236775815 256027442
246761680 46 48775868 338338142
252184435 1 79210793 169083887
319548748 87 165184872 220117492
90978383 47 452710350 23692221
300257251 30 469848232 204996692
396131767 14 188316083 101430755
44841240 65 413818189 419642520
206701272 9 178733391 230016983
13765983 99 367034917 133544199
122983776 57 303968023 31003175
155705515 98 49300623 291048521
8839842 44 409238513 348308659
240295338 28 128104169 64471344
387751229 77 78157647 168454270
76847789 48 149500554 391832520
78097662 14 401301834 9357260
410896269 42 499998016 373635826
472246811 63 383039879 442882228
275530505 85 367072837 155921561
82226671 51 486035955 180874806
299912285 8 136965113 375924949
366141120 88 110904420 205360230
188557153 12 286516265 462293957
385415726 28 247237848 342372711
122824120 27 138943626 305735964
145249320 51 22307531 497863514
353383409 84 374960329 101386921
432586447 97 379254791 437067521
385873408 77 497957098 102197659
495347939 29 337878552 131551009
59312067 5 372803944 257317312
332796907 9 141952367 121653571
394652013 25 67849798 135186929
272264550 8 441688920 410048861
437286958 23 66861604 360453700
316743553 15 166878014 132902532
14878680 30 443427798 135316337
204763548 23 282546464 295692866
139709907 19 260762926 414688101
387875571 6 54293417 12670412
266430078 88 52025307 364800491
169186380 44 7105100 161434598
361812246 99 232378878 477335304
244736646 84 300197651 13497714
492976148 11 408396171 45343772
439704600 79 366536779 38897590
184856353 68 78944165 211298459
116338443 41 451369245 243276407
378687225 75 351810506 400151485
415721836 47 412290213 418675242
453249698 33 473526870 90504190
283089990 27 465344323 365808811
58820591 47 494591101 304714555
155745711 31 446347310 135039770
481822997 3 238331360 176491155
141073166 85 244004888 241981657
288751430 15 199230546 391675347
62362223 18 492469663 260300397
344938267 60 115198277 429192486
136906506 80 67217059 146533921
90498202 16 427857743 201658835
483335035 40 285654584 63610434
146689779 3 128263333 148204720
203723984 30 277858582 305430768
214481810 50 200274852 184401826
405753113 19 289114943 395425908
129928654 68 440513204 58433678
125579073 94 288024545 88515700
431388533 59 210065293 426180221
312173371 76 138870296 283810723
434797202 10 431913684 326937005
300743600 17 239647273 247335905
278148968 18 41462638 162524938
7405388 48 222891704 296381115
443159103 35 59532738 59140538
424201035 52 70585665 1817258
323466451 90 95310993 349163830
447771025 47 78282644 450054596
430591786 84 168105503 279856996
61932455 48 340035342 396693600
382662573 54 309481952 196598877
372963952 42 325512073 152394378
394709429 17 136183510 490212540
199111011 51 65693979 263261788
144765716 31 272502828 289246476
234074190 96 90312077 15142382
111566011 21 163035697 135168397
368017114 97 427802465 298647444
238086711 52 467120605 190023309
32480693 97 117021550 487688799
302527546 80 80222762 365193119
245934120 51 290447371 55313856
105119966 24 399801572 19730714
470420813 9 410828755 287221954
261197610 74 247076538 366429939
398082398 75 96015551 430270977
455323989 45 358438077 286088093
395014055 90 112700354 308422224
367037089 18 363824344 345008769
454729822 57 420971669 152864105
89621238 41 66887168 293261086
243887050 97 124473361 130013207
337312479 32 258454155 99719277
369409828 17 84711909 437332818
371801830 43 322802752 431791613
457837722 84 67550793 23694486
30395150 73 31053142 293456816
363211954 67 86302518 480312783
313593929 12 37989906 256404522
186339673 34 49340545 396226693
263547194 81 152620467 195918804
375531801 81 429541009 216915160
258924241 81 350453310 165322653
94764928 10 444502899 5043176
155501714 42 69758167 380553829
48304766 7 247679970 228348072
224126580 60 277163269 364418979
499610285 68 457882827 319576451
264290033 93 323519714 477729923
136339856 7 447291341 276247442
117963627 100 393962664 333936505
496090166 23 234883613 398960223
177845038 42 419815454 116047428
375445652 34 401243702 226243642
237850915 62 448960747 100116152
118530161 76 97251282 326255108
260355447 40 77118615 102110079
278079470 22 66546669 211993334
448163684 88 185004900 242699308
293160037 29 66289707 115667592
105025112 100 430514778 451653037
123402196 41 101358809 275957280
180639478 7 129289087 433685551
18548511 21 54125469 258912577
224988231 57 47198442 406313605
120115196 17 138197032 161512812
311326333 59 399424151 252134677
115181736 28 78720717 54420447
72944601 2 7493275 175695222
65773607 93 279351420 374835989
466073166 81 343876453 356436325
79757212 80 21441816 354615327
215613790 40 141139911 459026374
470181959 98 397461517 77643201
419131772 15 401529078 137168224
233981549 41 299342513 224409663
348341955 20 493308062 224020163
375714245 82 448243435 405435670
34173245 27 14321806 405091018
378422772 1 422201155 20534266
230823009 40 228947377 144813227
109498248 40 127743683 63139798
154564950 68 183994334 407051737
480817739 77 99548622 283065709
253665239 64 303007086 378831290
456199460 90 155303715 337319299
222121412 2 318371767 249999472
297636030 48 298913484 437007362
396069288 24 70561125 389996186
90018051 41 377884589 1076023
50520558 13 399777973 79094495
274744331 3 474075668 98652766
253824222 14 460464944 261520089
193280799 28 134678829 286216094
95874616 32 464917998 412781849
252623112 64 209886285 295557199
130643411 63 79429557 241894486
422333587 16 73941079 98371395
122524390 56 410798505 468887606
471258239 91 259429325 101965341
293022316 50 51198539 12129703
449315270 75 183961665 36366035
477274595 12 267328436 44803377
17902809 55 260943987 451165732
396866267 96 198021192 198949987
450708538 54 404351816 466361521
338469174 51 136162493 28500111
107892720 55 325166511 267746359
306781969 32 452027825 460354568
22107963 59 350817805 344098181
142100148 39 151925945 480071200
21488938 59 10548599 213325753
246764863 47 306872413 217354628
406756309 41 202938154 467274249
27086596 74 27403392 466031438
82825007 80 233403792 451464547
465940837 24 93410821 400525775
215139245 96 239746834 126324711
411955316 32 167143396 487306044
274471120 44 184560875 21954349
366268768 6 60185299 120080858
376823028 49 376088639 415785549
33610154 56 429240739 174059544
385591695 98 179707062 467212653
129918906 92 194239221 242185165
68026796 72 100228144 200321537
273247075 78 446890246 179375487
164630901 57 215905724 420927424
147807479 100 336425251 396695241
408743796 36 64459200 224022782
174574284 17 64997557 159519889
249234191 35 8652938 118679282
280697585 68 46365003 204489116
54424628 53 30496380 153505413
269097613 46 62137081 306839031
301374003 22 97943777 108147951
167916570 42 173711487 22814958
150941783 69 268299941 79320255
107272310 70 7076867 289837495
351224998 84 50850086 216327149
153304798 96 193180262 447125245
98516008 62 26443440 195068718
239939377 62 310791911 443393730
287442625 3 419673757 122613228
377555233 10 9311910 306503929
197371566 73 246789798 260633897
84829701 54 454612775 190775753
27802299 86 462367189 179186092
364742252 34 433712652 360145564
219171338 50 244904109 144993563
427479180 73 58135932 110149039
24882125 90 17120486 199524091
443654937 2 131227340 311998629
496410799 37 148099894 475703972
423334686 6 135135968 362223456
110207986 81 195307194 46302778
121493696 75 81046299 310492725
93024884 15 224204420 115872142
328279141 73 105149269 19780695
194986591 17 177008280 180409269
406769171 68 320084308 230798549
134092790 13 351582050 322503507
297003449 77 271057799 296763770
160818601 54 87600664 489480100
428565261 32 24209427 6063901
244139076 64 264033098 84514589
465013330 47 35528800 371784122
330320133 77 180433814 297701691
264425296 56 137610456 149281048
278831572 62 171014633 98708828
52328211 82 368534287 115062040
27146369 78 136931095 134334218
310188930 76 181437399 203936652
73940581 86 145260737 450103190
448063455 54 467798820 75831006
182455309 50 465816970 102048830
390128698 40 448775339 46081594
166813386 10 80076719 422284109
199617516 42 137979120 144143274
413393385 21 479895567 297008632
205227727 64 354210588 487712816
22719443 5 224234045 466809151
413841271 30 229356596 21361006
60774043 40 359752250 284567559
47970539 16 255297211 90061445
487178498 49 179115458 32270269
218829086 56 371108687 249465393
392062066 11 109461927 378538494
310955296 2 3134154 396167898
347121430 13 319596918 320766243
421587585 66 327104868 457537134
371751854 66 203088010 37064784
322101231 46 363292407 461494661
37092896 100 258683829 205194871
91356921 54 247921820 401314222
355993995 94 60488434 472859494
226409190 5 47653909 226679207
480009860 71 410014423 415212247
468645427 49 434315777 126897131
118453373 37 233686352 69247941
232759204 87 95034490 416976347
218692207 75 418929090 327326404
354626627 64 325680635 430610857
325646639 89 106298304 467583997
25886075 65 383010527 137230726
12440442 93 300152782 188472885
71877296 38 403560948 23261825
117527628 97 93293984 167367714
232010598 88 48956012 392139901
703120 22 62769924 293821600
381956273 55 170072994 206743533
92578791 13 377634178 429139342
473110026 16 476288426 74747389
287411673 38 435147156 396231035
128837676 43 331198371 454014803
427226880 34 359008599 189411764
399498610 71 480476671 223882470
111506439 19 176688840 173916145
338603375 34 344674734 480595116
394630836 34 97806900 17757615
55992401 42 420763363 244970053
58883500 17 231232131 201647057
231676987 83 115478843 359364211
177348368 32 463114155 99279313
146979937 51 148674288 241404705
397284836 67 284964272 163469450
309278582 35 10798776 189125755
307143339 85 126400754 201263891
280304690 66 118073495 438210742
361475156 18 106872528 460787768
408710133 36 21840087 336198870
22289387 61 419340106 382671437
283859314 65 188535668 472332736
57473738 37 214402124 149860476
264262050 23 180445720 205038523
288247861 54 44264830 306053104
272497305 45 52281591 446541451
259569729 55 483034656 192472216
18523315 55 188050181 102298277
471409844 34 322174305 459895477
21644911 4 145017188 391506151
476394306 52 359118673 377982151
39263571 39 252676861 131231366
74637628 61 128999820 297587718
49917559 82 413319813 405139787
465298720 57 416803590 415667400
47186990 99 250774954 264159195
96432531 15 349178196 492904711
278170820 49 72462522 102614915
118161840 7 6531761 415508177
45219738 36 384640481 423514354
459323070 40 416718157 152766714
423806813 32 357653204 349472190
361309765 81 233824931 173956987
352280338 56 234866926 65587602
279224896 78 329773543 331904735
11282233 34 328492699 267261775
196689388 6 156238075 355189558
250789002 21 12312650 487480678
261093103 51 374871749 101950918
164048130 25 19758480 285336597
307609242 74 38939473 404505041
280137562 24 10548770 385597568
408327143 77 397640602 168939140
235351287 85 273626601 44531814
55516325 72 342087849 269391107
140632041 2 32683761 401600781
383879309 36 390755130 293958514
18613982 28 464325674 483673383
357950740 84 496767489 314324273
375193720 58 455576084 200765786
389926541 40 406624726 266629019
44347849 23 44666668 152396862
338689256 87 261558576 145693569
133815095 22 329405122 446000889
120552829 78 303405357 256619073
367836710 60 287447082 395157116
53743990 65 383997960 137283972
255967354 37 264899620 19682385
343808375 100 312297564 196258901
3422574 3 45950735 482416286
78783410 48 277931084 118195689
339712069 91 277169862 41597952
492431938 86 149564960 332151494
238344041 11 418983845 359720485
388122810 11 244944070 428903191
205543420 87 397542461 109434168
154459504 95 214930077 321861223
426076356 58 444762335 376076605
230395030 71 292172200 489549872
310043036 29 324091450 468104201
131962920 77 290114094 443006748
452193939 64 31782141 410381011
14755318 13 215329532 302259149
134075997 76 339333218 22273853
406656248 1 207205913 132649
481422509 65 281000914 26328254
22645433 32 83319548 235091753
412283661 37 445196436 309483044
258193950 31 157941933 375305229
369716733 11 129553411 182597044
66622730 6 347019849 160662608
234495691 57 318300045 245183915
195139037 73 59756753 278735514
235400441 79 189812731 145988566
231416873 5 235774390 347344062
273268264 90 457273569 79452648
288686008 95 106894225 81097995
445099037 37 307275355 369478901
446618588 68 473036067 27834978
337862799 72 364163717 107952970
463903362 62 171651296 407144428
482525574 97 455125831 36943340
53098461 31 361097758 390332374
91667970 96 1765739 25467172
399618405 20 225701685 367416839
256764493 60 260623125 478602830
237305693 93 369614534 338196136
58158406 13 109394745 423404173
118936726 68 485600270 111681690
229400077 53 150021435 862480
162078534 9 300174610 116284498
82889636 23 328000129 138796185
193219021 51 280680287 365420561
142861882 96 389216702 226775933
210376050 64 430708207 160170364
63392419 10 137696103 15267555
165829327 71 313654889 492796998
286563549 42 478255429 214507121
468988083 78 353254354 458724604
76716138 79 278446424 374728184
155199162 41 346372146 357537368
463060014 71 118311821 157513858
221212490 79 167484723 149229310
112494842 86 308404520 72800699
270133091 50 473214132 265251648
216276106 55 496181517 252666265
270406135 96 369056994 62071626
73083149 22 255736801 272763375
114697244 34 295358517 353491381
333077795 51 359267944 485418704
268931834 10 355879193 303844307
374574749 81 495055895 288864346
474458057 75 292790649 27054148
182540609 59 156560460 353779006
141612719 18 499599415 92760462
365043149 43 78751903 80654212
77379402 37 396161274 169643430
235540212 40 467445411 419958920
405584778 64 35371002 488299167
320506757 26 484469542 296123293
92523780 30 299796689 50079746
496424675 40 145356805 47628203
270345780 49 180423845 93179099
494258100 15 90734275 80134809
254772273 9 366327663 243915743
232179685 4 342399987 338411811
274166372 47 431413580 73340652
124338077 55 451254893 9482205
90487368 91 409974654 232523958
88221684 27 334715776 305446965
20627949 72 316407922 315391336
201672616 7 89398104 59847406
335453811 31 471089713 96937463
6707879 93 187636037 262582207
330586566 40 208035608 159196459
232162673 5 231515968 492525862
379316668 20 279686909 357693410
317340366 86 426792213 127962607
348976062 5 438272584 250728183
424928121 45 339782094 155808653
388752445 66 475137484 264738812
299967163 55 268690783 155863336
214926416 63 392492435 52868460
438282450 9 219320207 481283152
438811102 24 499942345 17056677
499450701 27 299662365 207486490
245566026 53 141107097 17187352
352925595 37 482576205 461373218
438183030 18 395039750 325019906
172846391 60 438215122 95993443
486147660 66 164042063 66478986
250640305 23 209010893 355837598
487279451 89 223009707 22761815
472619212 61 411470518 323660084
389800529 49 234122469 17838595
43740354 41 112433620 5971736
231131365 7 75661558 226681333
472965797 73 229596624 279354616
258965506 96 417688834 440544322
215069270 23 480322179 194927698
312076318 29 196764327 12677284
6922292 1 173637848 212485967
487913839 72 250705916 267747086
289097228 98 184120340 298547207
337738027 73 285975977 45869438
369497147 82 160157913 488213607
250200639 81 75359482 195924408
65664195 56 252556809 108319663
74617725 97 214863297 354773685
314181252 87 352494022 108433215
129755469 78 265386896 384042824
22214320 59 443400597 429362837
99653357 87 106303601 307037824
124303788 64 486241041 348251233
461658765 22 494795564 253613398
19423419 36 304360877 58435025
490883839 69 193098899 309327031
65759769 17 66197694 24538744
442103219 89 438069934 40807706
146768457 90 127361582 344892552
96487923 31 80745280 205865326
419063288 100 188235369 220706749
177214986 56 147351537 132647480
175583063 75 357629780 426203099
106946726 40 195785780 248582765
77298537 32 342162720 275343995
476718186 95 15043178 168134863
63518845 78 499225384 203552217
282283680 49 475712485 248458041
39052424 10 468029966 305993483
338191510 27 380819421 107945682
205685422 87 432625612 340996596
381255301 71 192061633 24761729
331361572 54 265843436 115160798
153314609 100 138678435 115490355
452525522 63 413175151 79686149
405618296 60 358215058 31440923
476133260 36 478557798 68366496
344055979 39 252077046 5710410
198223549 29 285583845 440124019
56647748 5 443237140 384530544
234776139 23 163315924 271016832
484162589 57 55481943 134314832
290123386 28 475036083 400098139
473549588 20 114292514 87607555
432121796 4 135390049 237393403
492219484 54 185043482 169843017
192310198 24 60716631 240890786
426516141 66 442106369 204084188
408857127 75 458278406 306154159
397763410 91 300317010 423247549
161329044 95 204517329 152238600
136271598 25 159356409 209366639
203607582 62 83953658 314299571
291031665 96 136731008 5144296
225159456 55 483670330 392217563
408331095 95 27867730 456121374
483293653 50 269009456 150179528
222183100 11 149525399 76764585
255486977 18 119360792 409160379
209446163 68 213765260 145428311
414670574 63 457063917 211697686
129114181 55 396086213 244791995
482420041 49 84261709 385987287
213597410 40 196846062 36070549
459354825 46 269042749 425494802
113743079 18 78468796 255057958
136591682 75 430094034 336081228
499031539 1 414294357 222661423
32223575 32 443068035 234338027
352963166 45 351953411 361480024
325224725 49 285485736 126238591
373575389 63 342453518 120685700
394371813 12 188601400 154315198
191140805 69 189385389 2063842
363343469 17 262271751 405674054
125622352 44 87909434 72068961
312045719 79 198969326 355335924
431079277 37 187712523 398858501
332876206 2 48635763 296433255
