2000
410178602 447496 175782221 180206228
203751606 382059 495139832 151048398
473889533 259696 316074885 284009377
64054750 185727 405907034 401031147
99483108 413610 252034424 75242999
34807200 162397 475630757 103315338
305604178 343926 184454006 458034036
160681012 426961 35586888 253195759
336089214 353024 417501738 16851675
363044064 136729 383675787 342876663
15037043 40657 8797514 360083416
375092814 466410 55854990 107317772
478394359 185442 287946119 431654383
154833991 130175 276056957 448057314
24613492 470669 283750017 113054067
353193490 78607 134526146 415940600
88624473 492685 244281879 336885516
9362601 62819 272426150 111912025
370832309 8465 436214484 87955631
210039975 285035 100789225 1439194
63903015 162081 99502443 289466586
364836562 33096 299648372 132247941
207147203 342813 252961762 128514559
72955727 252728 321528914 416344860
44805137 17318 404159847 303359092
462291467 414298 106238112 255135397
225229660 243082 474055359 328624208
322368351 91098 251962898 219836322
426679830 390622 293143985 202620657
73589359 131314 198543414 77928415
133570698 250219 164974563 291889199
243854617 211788 427078732 336887407
469316373 420828 90717009 227571720
247129542 460277 109883868 113431865
317009824 491373 376034385 91278342
376772769 412657 268095760 213639704
147260810 173536 362696221 63399187
478124013 336942 74841806 401627450
468864321 263672 405289936 183187791
493412334 383071 58245919 357570388
120906465 457165 182500530 443516649
306044483 348245 374164470 26872850
103311726 465503 381536080 294731135
115006573 327476 278489056 353200722
126317970 291435 329166186 160062804
150740854 464643 280271675 63626499
125724915 82240 11629302 66737038
32535143 462055 342617042 492890809
224343645 443509 346247595 389027967
396157654 143161 301349375 481409050
494125190 63558 313179271 423468176
4407336 112140 70624190 78460262
88142187 332344 123080348 355515268
311457719 30409 312489396 428250951
467157558 460743 239753432 291438053
339853882 181107 134271679 448332372
425309729 246773 111728694 493998323
338479901 451311 485665575 464216434
84024214 253020 333886532 295519494
446336096 22114 4879899 129331823
96320721 369042 145663547 346274260
304383401 4150 163145180 84874092
306017439 293160 51569785 488122139
458500038 73468 423962525 153006556
82310046 101579 174674190 91400893
103759219 84809 245040378 145321878
259760790 315548 340580150 263414365
156132236 257833 71518935 433565661
62512437 103384 237334694 445825635
292443133 266276 273472951 130611393
304928322 134894 309505243 421537547
259382229 413196 403439909 441360778
48985971 247237 350285398 438077107
337602989 116531 291241000 424429485
373508813 216507 187066229 477452874
434601404 409034 575730 494081944
211010737 22993 52313640 497873884
381664910 395508 470377605 491407801
325010228 233209 199193519 467381854
94105525 272250 398379662 421910584
59331691 474283 12581742 266461838
247722016 423726 77564507 424431105
381615390 98683 167943895 266849524
432050711 268448 105137113 428066555
221767888 285542 313835277 136342399
311323021 470370 2813149 353804758
280452029 215325 380073961 159016831
24106510 242045 62872567 29878072
140286270 276280 61352185 453399447
453343209 190882 353681321 426497130
2245305 440259 204529028 82801024
85402586 137952 418613431 82115476
51374377 342172 379854605 258735551
320200859 499082 433891430 19525240
311897969 407995 225784685 4090329
283813022 374704 60914243 3330267
274842574 17789 300009527 97566376
116368238 387626 163187253 471785258
455437426 294721 205567163 323577090
440007521 314480 397784203 54966321
338156491 314884 121040313 402084869
244417654 313720 25012087 277976582
148199570 189892 376287518 76236382
126136344 34922 284254587 243591505
61763764 489092 490653469 140040259
72691789 30080 495216633 97824347
96861129 80703 102816415 1147706
489597420 241238 323286765 246488928
22388286 336093 480598300 443394986
118604889 35253 149980701 225379569
461800954 379999 16248390 492847524
467576420 222566 215166040 25390682
490289386 322257 372027336 290105184
491726536 477059 490176661 364719931
413443670 56094 370289778 112727308
87188499 499133 158803157 94667066
477402080 452843 116400017 124578509
110616636 157176 122957613 252930880
77614013 82794 385135947 259046094
293003530 215724 475661078 118135671
282457749 190339 61097034 120347204
321687101 484047 154391486 272046536
401361831 189929 392369177 273067670
269137982 353333 103553761 124452222
315086529 151636 21666494 107308514
267859618 309280 183688351 492807219
312251618 163781 285331401 270295086
364130960 108005 299114202 83453250
82799178 404764 63428212 348485268
53296287 140713 132147351 7403619
490537310 304385 458384194 188149101
108773397 434722 362972326 9675568
484558830 176278 236141667 252797832
152687622 6339 116322518 144089388
233866417 471252 391989770 294581995
472790076 336750 231813204 246213598
265293293 58532 283427943 210511416
184191179 213837 372204350 169990796
141184771 373365 173053858 406383884
21670327 406689 388732715 405174789
175588692 160174 230133447 135656137
385234033 217141 328296309 352551939
260867102 105733 26657915 259937120
380187053 215918 488940372 295826941
52870600 377914 334858261 161520175
469930032 318467 251405367 30964379
181663406 173275 379295893 64620346
236847032 37930 465488474 497157767
448995467 88504 275117862 438029770
29287472 173738 147731780 21772912
157370249 220044 350558368 47031518
360336644 430729 174203994 33866763
367455107 279267 418581510 209618583
149919400 279158 92497589 203216661
485698878 105926 477777936 185582251
404129354 88422 127533068 425924477
80971899 50183 420795961 228713161
373868811 249776 18708792 105507651
133072278 122734 397259111 93442358
336357722 176797 351780369 106083800
489635703 211080 372281758 81026332
406818107 410992 415428532 449321273
279436773 348946 284073920 222352495
231174083 187319 475176142 174736707
217695779 395326 185705137 88273487
391080453 303437 417627901 254817467
286532981 140648 213012442 119204347
156680845 34520 427398288 446877455
426944604 144475 309698787 494545536
441819738 147940 242784081 369165759
289135156 46008 261725673 47915887
1502778 227457 165234679 258487908
91393613 267358 367694918 396405808
439513569 65866 494483713 491572636
237322838 77900 252114471 55145507
315432371 277129 39130700 65208748
183515499 100874 352171345 171105011
412944683 222607 316011790 436087231
228893658 228819 104378836 333233030
58218338 81625 437798278 167221028
259348384 46081 123045131 334580352
403237412 436269 446215994 16588187
285448684 246251 304712027 178482840
136756311 336580 28914055 32932381
84978540 110403 203816781 82291787
69495201 474789 214484494 22523182
385992641 280644 444324392 82569219
127399622 192851 114222415 229884951
66850089 111720 82456328 492394194
465583388 124132 13976530 115804974
356100906 121571 214016279 55441439
3151759 383055 204696293 437281313
310862791 96611 13482907 361316164
459886222 373470 407457815 100154805
475844236 45739 25833000 429422041
457089751 441917 375911873 478769819
424969231 494138 424662462 30277199
194696435 198249 360785228 478395721
407076545 328067 3731147 213041712
255879892 271011 134425574 458947409
293902698 221502 352520552 105640974
296132402 24204 363966401 430282833
256614894 132606 193712794 382081123
28182610 202358 126781287 159304197
159336764 482684 146089355 330832074
416941136 311774 93038393 294157838
496982566 430278 122758626 31216609
303887481 17462 170545737 299657991
58213955 241772 273332782 422934014
263585224 212528 103657400 336148616
323174087 454342 25383299 293446120
430257627 187568 308360557 144418973
422445225 436467 466557614 136137639
275258384 426421 67068075 140452966
6797972 191095 496935887 122647993
284924437 112071 451067112 412426976
451700364 207700 353346901 275871504
301114274 352357 472426416 417680310
312391714 477532 361125114 367190747
408369570 453809 282008686 83785638
261253075 103707 38698511 287517580
279008271 307305 25764043 330439438
242777646 49736 312701543 140679594
34640075 347434 125734762 101194094
199375186 400509 252512137 383451337
183317987 155167 319189707 105038140
471710047 90918 38554038 96710382
158616162 472418 356298731 391374988
213179605 98613 411211091 140100484
44025892 110327 443869923 273485065
410525348 187482 221156662 404976017
372476150 241029 288219896 166938688
185249600 42264 309572545 125716642
446111598 128946 381431858 44713031
294995833 382092 193504804 316468646
486852836 104588 291944127 137297186
347149636 430599 308618783 20363995
200986306 319838 294802202 392657667
460100637 56277 92431039 186719185
493359207 8095 231330342 266732491
296553648 35646 364735208 135908176
418957695 102438 340209342 390223889
203468912 311291 439417599 146646674
496666046 398012 399425486 242880935
485673603 243101 381879787 96517212
48087499 391622 345003997 491877791
352568686 331117 50979627 301545707
63747598 443575 54660500 265102097
408832616 334912 369129877 188948008
451253353 435586 318715482 36176331
222817242 143141 174287196 253011947
391393781 158571 358903676 461593006
37685285 89691 271430407 417597745
359089317 329484 437091044 164474284
413305503 70076 293331866 132880079
7474403 447463 78482481 376256790
419990314 386472 190329369 34156344
267756266 328452 29702209 253362267
158881646 36209 327759391 161639817
300773360 171490 198927085 131488282
134409698 346234 108630872 341946586
479319655 95930 346886215 190390301
436329642 317124 388453951 263260227
341777549 435403 478655551 288567309
483117645 73937 261887408 180828107
156542472 284176 187049442 296272964
334325576 46368 65389593 114846606
228944994 218266 130329312 245816707
297258403 13635 273074377 5934832
182042628 376839 491935373 151031606
444981159 447 169563800 105018506
118292444 316812 177021018 426755664
263212524 376304 277907164 9789583
233418212 187221 208146572 235560803
356639946 149486 484056789 277302949
36710721 275928 237306694 417465971
162507553 182906 304847057 69708756
361529221 440164 351357394 267152442
329486693 191355 11522578 363537769
123264335 101783 323688452 385581439
266998291 68082 91434332 46840324
179298067 94326 330608028 400848028
109936708 130275 194682332 497311825
241301827 29255 95143795 298546726
320674382 62458 99319924 232698260
162803375 13689 263198655 486329008
276201301 331332 274899696 19479731
229307408 64335 348817776 416012442
353206574 434591 442309245 474884094
450158182 419131 333647421 123476056
306023532 50339 122468712 265067762
29324046 285146 36954131 292793527
342700109 109879 484118273 422328345
476217970 479065 318476365 352772229
160763746 146425 112311222 276082160
476294733 202548 484371184 311590457
4363560 268163 228355030 299071024
59542375 95330 372204356 129263106
238041526 120935 554257 101226930
429665370 260551 271170946 429839656
477079080 463128 283798132 268056362
253326210 201993 255873178 311096736
263917819 427589 394515047 144815291
286512383 211878 153513102 396289338
333322952 281033 359551028 170935388
158564558 238078 306196801 327980155
287080779 167578 218814434 56064475
161520250 462414 62846170 399114990
419763532 458741 422510794 239075738
10227395 22433 238707625 150387392
457584173 164480 182704969 39475516
383978990 119702 11756207 117635520
191121542 499989 397105102 351639824
91784428 49830 453116833 259165855
239358852 117316 249063404 53861390
118924055 399547 399007698 371209318
348840611 2642 286065701 257101750
112869247 429354 10259177 19443761
153451038 147578 359070421 23284265
382882838 74109 148043775 24174337
256950341 356817 244349359 194865114
54842672 326845 121817336 30192906
460739681 255493 201559176 98837485
343593789 308438 295287467 194344746
462130357 347659 132528372 416826342
24356939 417492 197236518 287588342
180712652 401575 460467457 187350218
20158685 35974 439924095 454433434
273535693 31352 495771324 163292654
191009134 308808 196203768 255562599
305299960 32434 15323392 216287317
383594219 98723 4845643 47754350
283692697 290868 194994152 194203535
332307601 149923 16995849 85322553
264407805 117785 380728958 29066772
350992214 129181 108114862 290775288
385218278 38550 53299036 375949809
135586477 437225 292553644 250917788
99956255 339949 61087479 9411105
54253025 186515 396521993 243015485
465320488 293306 327940869 110669754
82646240 186675 263542168 370886806
361358172 11216 20281449 413411106
486415848 302639 262480079 407545063
425369988 41431 238899406 340014193
498906865 20366 43024736 370634989
43779742 348472 100315511 151533072
174307026 452957 76557603 148670547
337805752 290083 487887458 497115265
239521027 97001 116034489 277492816
69422487 141333 443464415 460279097
439891036 475332 497923359 241490711
62902243 427447 296284080 73563054
232497176 417019 8299043 478543764
260339069 188642 183878660 23050970
486816313 285487 447502496 221011030
346040144 278127 78200189 406785658
408409944 127514 282130722 91150924
412358025 119892 30031310 132954015
126540695 85311 77385824 131903027
309401856 142683 175548489 228794973
423999104 416967 376201812 482523826
114336151 223069 131444080 421223381
379105539 496087 199940844 418972656
288264217 300898 289060022 247699526
296450011 63879 162151998 343029951
217484714 262438 351850786 464801031
128959596 469096 136150878 152323172
462115910 95928 165643331 285496113
491907742 200732 488797097 30971356
72421790 309125 187726531 355726088
8730535 25774 461349990 365547277
189587493 49235 180412631 61981595
450952466 167444 379464510 380433118
142893213 355933 53147560 310806622
407642584 107120 162389003 82435151
83836440 322074 467938078 434324985
419795481 499141 33424280 352169665
403942465 321830 218423106 307686843
160205262 122309 30059754 293319861
196808109 363658 432186253 345631737
473842779 441328 266489159 462337085
391059472 179130 275446364 339230478
299779593 333669 297357185 232542354
224630225 383602 45466073 346404345
74420789 225168 17855234 315446714
77533731 260969 30224360 76099461
112180514 453084 74740437 272383053
59830510 234871 270217843 141946283
242363885 494131 68731662 397303438
182862901 369558 466582049 486608896
317405044 202309 325843329 124136338
354154489 116866 342572218 32145394
82064544 276781 147489635 200594315
391769832 318752 444836364 105172583
98149176 425172 98037651 496714277
465621805 352501 158358998 434838063
259861673 120274 133814025 98482272
242951352 456879 169176622 400668331
275467582 200411 49332493 138402626
141153958 283540 243899636 306845687
79295139 275307 411953551 354139241
198345056 66212 497811597 94019008
409650940 400271 83825872 18103777
5083782 306822 157514810 341879023
312802883 280880 121245200 242328451
376052815 492270 274526024 445335838
242233814 430293 348843543 103131925
459607912 256244 207104617 73037020
371314502 30076 379560796 115274688
152651062 63943 130414264 105702439
384798561 304233 75519743 499138936
402420011 32452 299195778 151525021
73443188 79344 12166587 281011208
226848425 79772 154176089 93318126
421689649 142100 257750449 16333609
223131935 344615 163844883 393087514
95670019 376217 224198403 382252138
249740503 389984 265784722 125806745
7210063 233192 166900309 95017464
226418731 62361 61265 297631176
163861653 102875 71673236 108606594
222783401 253367 236330344 406743724
120832976 380189 143094450 84983746
163917463 292355 7362888 305045113
422179090 173368 134903266 465876261
419322360 405421 213652752 289258345
79444295 251915 157885188 153401884
48954280 24220 48573979 19373796
266407975 434958 357768235 318605468
399481320 306857 58436186 156535563
303407963 267644 432348000 359809360
486360497 43354 33251796 413631327
220891975 258326 222712340 20253234
77355627 469967 256098569 422209887
158242017 179288 285557146 253398862
4762350 481698 275606944 448207625
6026540 424202 2243686 119515142
147763793 147650 119853315 321779217
132129240 67018 274152660 440981974
362478822 221097 230056661 452018675
121362599 87452 284055343 201375596
162645444 283733 282731542 191142436
102117813 141165 401760171 116579097
448319240 314342 230286585 451061578
481188681 166975 495603793 333754064
116264720 278225 70747159 235944885
132306108 298390 237641 289195847
265602652 458447 90896179 184222806
327194783 244836 495755876 332073985
67500848 309190 223005976 407515296
59775168 48636 262281283 182693339
299661645 178703 144555534 139682872
382047838 238501 429676312 325002226
98182208 472082 492949072 429512955
333345507 447064 410800348 436186379
226327082 325530 359136529 228684044
162438452 410545 96853578 488449787
418646841 324089 344760924 163913111
65683896 27054 482613252 464525276
139503398 477819 321682803 165394270
172793507 104193 106103485 177701849
105242564 454481 384219232 165557285
276192424 70832 59854389 79247510
107560958 455025 189100320 221326333
181605196 140152 460616940 162513670
459064062 97726 7362399 474805029
323084482 263166 430366153 99038747
490755742 259441 343993985 43720398
242026266 481560 437134904 81368247
278982199 8389 104584440 135048092
334272 339121 87444666 245376793
219848716 159638 228853573 104474466
374237587 285372 484615175 89191340
194424542 464504 66329759 192931764
30415336 90411 7785796 263853547
41947436 377241 219566886 279615849
399098620 87371 437884147 297101574
110329713 93210 221403806 141121635
11661792 40550 415708241 57329943
310306998 358007 67441298 163189320
495383425 96808 418805208 45366723
90576422 410410 65905340 6016516
21955952 77395 283476854 462540643
249163696 180603 88088883 202999040
322522116 248775 340746480 265673881
359924641 418375 354558149 275185751
38897133 138003 8484116 208404111
419406876 211106 280633433 25610631
51317253 332269 114251697 173756261
429913562 451451 379969888 66390904
393386952 193464 269240008 67416950
377498545 482148 343486565 105322076
411022041 192284 348481531 288757252
167960151 484782 151072949 410133589
380081970 109473 107348296 287034128
224737449 445041 206360323 401506958
347610015 205158 493782928 416160897
17470195 150623 76991462 225691625
272102965 105731 41828172 361228459
382838456 51075 61787702 480608429
223486503 70202 246322992 300375914
48983915 389004 268386700 385533057
282735465 243723 71541335 458627083
481564625 449297 8706421 288049272
375811644 319007 189166101 309136470
459092857 297594 102100284 339620675
286367929 301125 104491260 59279226
126693312 185814 426418314 71701019
424793920 86619 325428274 358479781
220560026 475126 411488347 396128585
317571229 139968 280443263 259570209
351274880 131919 244547252 264215037
452129930 135189 419614741 116155644
223853811 68443 419208234 120781416
103468603 180291 192464881 495310527
55092135 347112 366659346 311893515
421919858 387691 219090942 52230002
243586291 318858 422712166 242593705
49192673 283297 60935260 466105343
73388901 205860 450989057 178877466
54545109 300935 377718538 348701075
436509694 336514 51384792 74839332
488556184 414826 57723455 33221661
291517390 482634 193571489 210125442
173896873 379752 249563326 446459323
438833072 91658 406535036 140543838
136939186 493026 239757735 488194043
322763395 434055 366745942 270882104
462010286 351383 22781980 366341269
18418228 366037 418446264 180903154
295819993 202038 96612448 256847193
309338114 341918 74913319 122623665
400439995 254200 497239661 465010718
316064367 391107 36073523 298012093
5358583 277052 14906113 179634209
431925353 289913 412844948 421839408
269973280 70009 470309757 163238920
248674012 95632 101331792 335230386
156462809 405232 168975662 323892160
478300038 192407 455357485 288945102
332426596 284022 489024840 117043185
32127366 316930 487327901 326311518
210283464 103586 182140599 270987382
49117077 400496 29029401 14067587
373462550 170385 54678510 78310887
442387016 376109 329564420 458421292
441770318 86057 316952173 220990737
148049516 282577 140697734 113857852
36019590 100668 2120889 240967263
179844106 62492 408655234 399484476
347332064 468338 439772274 199994105
341097440 181807 227116868 94977140
108305334 269705 467536074 437002521
324078314 278880 325203805 335355940
108843864 254507 183208248 268837411
234910844 213438 188673421 226342847
151185762 10242 68483256 498721136
188752921 393033 277232727 187565628
99787254 126119 52593929 220786096
361123419 22389 312730224 65093284
384048786 153931 50128191 332287272
493476091 49320 48465721 359239647
181834836 235441 89790509 468743516
167006231 243192 409939526 160450538
201354987 458564 470036261 305492289
231926620 264376 17682765 208758431
263612577 41828 207895900 420219965
281626882 320711 489832039 401756056
319048183 342560 251840577 222144989
243863074 153917 279033671 156698941
436385536 194987 306988119 160146212
41389825 118798 7018171 94713493
431176512 194272 18803517 294237010
133086860 81767 476654766 334489598
284780138 308274 483051356 104808376
166014203 268484 361424597 474629033
62031503 154052 376084847 161782981
110096876 338245 69625519 381712025
94873821 478262 385765656 254402089
159662171 159700 478665769 49115525
315448150 292877 63434946 202639545
101478201 23114 59415265 6493865
329281040 353201 61297997 238511634
186972671 160052 226914344 387110359
434382682 77991 376422966 235578927
380574671 274768 146210504 483902165
227635308 495475 18579838 396249818
450958469 465863 369084784 217927217
98387364 427479 176277871 39710552
349240979 335642 396139744 332827025
19499333 382193 143724250 90760882
157971023 257468 222699979 215548315
273236934 203369 32541985 156621572
268924445 367988 279584221 140661382
122344181 355269 326373271 124214793
389926480 86974 214363925 482660952
429963548 17805 461152637 462969938
67808652 337879 106868990 276155635
242977161 192697 36885167 420215606
448804818 154237 401327306 338598730
140564213 213985 448695988 59185734
49047091 406032 240431552 230179093
236390157 292260 484565392 439477926
117331612 126946 75410164 372964797
418577193 5648 359571510 422238554
57889154 301901 272085122 101372564
347635099 432013 479073005 387071178
402092158 152613 499007429 445212008
487597971 242382 466633058 189586767
456446074 402582 29763442 204548800
117905431 10857 75659009 206523655
276801346 360563 230626078 439146915
186372524 30447 95291919 482258638
485961020 71878 473188753 170321505
367404687 7528 174459001 382371322
33132875 416818 438449787 453529431
437401118 38267 164401778 90910645
2935420 428527 382766441 47770743
291596204 60514 351292757 272782001
99087044 132695 325508395 496151305
79954191 167911 335226451 153237848
245656835 38651 452907251 160859554
315503184 111962 84282269 469212563
94468988 5721 262451559 469935631
361838527 331465 166796832 393055856
442288684 454179 199361711 481381875
268256263 342323 433190875 255773033
470674772 113522 323806533 451665557
493482490 422671 96989056 452156584
310806592 25806 65198963 289302022
408129499 265999 362527434 212330929
390185121 419167 122579912 363756389
453812762 463643 425358415 83134462
140892876 336461 373100329 362805574
256566490 498398 431811213 266077903
135087255 247045 427467714 423178059
311852534 14113 255323730 257714088
223161779 307443 399051462 361118035
459611315 480757 140223366 305299101
322392233 396948 331406671 149769370
40572859 114303 398762132 447177258
363243824 46803 294017868 381464537
258587180 6529 421215852 156533022
110182089 460306 405040625 490705831
469462993 234391 208373733 242786072
63417667 431388 73815383 272276947
198519946 496030 198413529 230530342
339439768 480166 264202762 77041700
65026992 200762 204162939 14688518
371049492 193428 485400385 382550590
68255436 446285 299654765 71351907
347634946 272873 240788198 176202720
373663576 223065 368701366 193880831
357370560 139749 447396016 79463476
452760159 275102 224367005 267926675
401750236 389899 158355497 202204737
46223512 41081 291188431 269097604
338682697 34926 59010158 406623405
23981207 184752 460074486 54541779
153535284 31888 257314797 40698635
453762945 227733 6094512 202646218
176496224 354338 37451405 391917921
113564888 337551 14631176 365789738
217688442 368443 453149078 461961431
211663046 130605 13516966 432472539
166529821 469137 133485603 36594979
434544042 386160 466741711 115376748
397793197 79234 259806653 219708545
66996616 24455 145749924 187415958
460571287 122350 152288766 220303813
111351017 37598 93737396 75485805
294277275 179530 144324091 418003445
276986209 57317 193084470 227624215
334210642 46646 327922037 494583672
117620988 373206 73431327 319468567
7365840 463578 147278057 465600610
360247272 281672 102207887 303735210
138782576 128346 187878684 177275227
304877221 115332 9002127 270469345
168313629 286986 339741014 687776
115285160 41565 216129336 195503562
450199069 365723 284828722 199602737
180807085 401800 353091002 178738575
404151784 36674 273726918 19597560
8580651 101893 471580532 379141197
72508243 265911 490957979 283376254
268284087 207160 306203563 325808359
70924056 79141 380319209 81710875
161023844 245454 81294194 497305559
421733637 52691 336400246 143667021
137636233 16756 234177355 267935564
449497330 69278 29253393 84566515
249148137 148181 371462876 332303236
30740851 168130 476953368 139834085
148023249 66704 181177007 302749125
373445223 340077 311771686 446398068
19403506 192486 207909294 129881216
462702350 299468 114939954 37603271
435894211 7090 498210468 173008345
420038415 78051 378811144 96625496
313370096 305716 56477612 220701610
132129614 182688 267094003 408805900
11179326 124124 129579827 123858223
185646507 88157 228819466 271252050
410779495 434092 449962633 75513356
331616753 297803 52952859 281070864
157858626 89910 392329638 54723811
29837608 488443 422266203 359769675
196821804 325573 45561144 336327759
426552745 342269 22487214 124464162
354333591 414266 191050937 239696099
66314353 169493 454865587 193577324
340044288 463180 479704139 161510573
282663320 272333 56567728 332349073
132225450 165265 214298286 172989579
34469936 221393 200273494 451145937
72969261 218241 472007346 248127840
52005304 339272 138702625 279073825
273451128 464215 290876511 7626124
230281869 480337 454197792 239778914
408971714 475785 191298831 358151843
182762740 232241 473073144 474624371
135497646 277019 398214994 362049034
350805651 409351 443525069 397435480
329298461 96958 145052641 263402485
133087337 408333 87801190 20894909
371260215 322932 160487815 417785162
441294914 83008 46095212 272137494
134783562 366505 53687565 94513435
369667000 480789 112198216 168611455
294605923 382295 297092781 15988412
270902857 339524 203133841 467100586
306233150 409525 337625466 287580542
90463706 248259 447861005 498515106
433260881 6272 471718800 469268770
337085461 192959 317539899 128619329
312063525 140097 89857977 128811090
361608878 8703 263220019 109249325
473371831 200670 250361128 468057437
419628446 161581 497799587 83679734
1286509 428252 480343566 360093231
407887914 78722 370333609 384543114
212821907 231298 259755447 44472512
286786035 238835 380023228 422959036
451318383 463008 270198741 259634057
296242783 279294 73671152 242074012
37795103 370541 86465411 145832188
22418983 286792 402951550 344642049
12566600 153348 43436257 193085197
200863897 66623 283580613 316203612
183597005 249173 159292065 242072040
316021595 490974 160846851 136078600
143412071 350714 388543390 164835393
231379825 416181 428571080 413158293
104375456 163602 402805409 472510386
377853016 385199 309831337 196190909
458692782 280374 489204974 308167733
360922269 222876 355083855 172854929
295863376 419712 378810754 53778266
93198580 233745 410568978 274228304
497907499 131118 266580354 99334594
114305632 314905 4004005 30627271
102918551 452446 82637621 86766823
144193063 112128 151597279 455731940
256241303 467985 193969243 205482608
205371049 272472 59875899 481019735
49384674 255444 349178478 315097554
31928397 347513 332855661 455535495
495096906 444682 433954343 130662563
232494028 198234 449992704 353122472
237179853 229664 472482679 100452915
95780166 119103 317285679 215497566
465133436 197708 413862903 108513717
402161726 498559 382947706 191764730
89367553 355990 42129953 289970083
479473482 231306 165818644 453843856
256196232 140897 2496558 52931813
129204303 104545 130570619 155883708
262897918 80538 196490797 391288787
139177684 180276 414507640 39195035
457792839 317737 283231821 246389118
495223347 214999 338636189 309137089
441368055 34682 358006538 376683083
201951729 362384 346671270 281261392
398980017 423123 420827910 291828435
295487279 412352 405669175 482556131
314900461 200400 385253474 13409544
151822776 396182 461051698 89276987
249238577 331561 294166812 446758461
304712666 411505 66823504 330192224
216869136 65219 320692498 215234648
170026063 377479 226620413 202107983
686652 281107 474305089 237350197
367863938 349026 156300281 412208513
222799086 312743 118779350 205358740
329790462 289969 489385293 413630274
174178513 370708 197802034 166521613
1946928 162923 30773351 63507955
263806632 28637 42747172 473842266
84992924 330066 212037081 438102666
55459251 165621 433767509 318534474
210706804 258960 164780614 4785506
70833630 134684 96706676 390585053
464461984 293117 120897421 321769920
159586678 91334 346171807 448491629
334004477 303646 282239589 170835647
474171539 376575 395189267 396254683
234087176 158974 443487837 390910511
410450047 144330 456996940 392627458
32247123 363542 323904789 330120269
249834014 383451 414790507 397016521
155472067 271367 409184494 358181582
233602015 325732 92575465 487762586
192769480 449170 70510565 16265354
396699392 248314 78764428 229714305
171867118 167928 452173807 189375721
43198769 87997 237828041 66378429
155854212 424190 303498191 422486732
331668596 96835 49045248 160811821
327836239 235345 152321980 91720437
362200996 328382 156316141 84843721
467620758 1249 405022421 246731218
221170914 205965 204607936 316631677
495927576 174822 70150896 151541906
132317677 267746 358603655 223576245
345280930 72272 88371012 388853088
868389 490671 236861491 471322429
416680345 214994 162653041 253841483
457618409 372020 478342114 84136289
455082178 211864 378007410 458452016
382944984 397251 262539579 114038663
388442704 471154 40030927 384006722
32470230 340979 231028347 4486655
187080622 498562 405287191 150474189
381892884 341157 185596313 192332407
456197914 393826 388357961 203164956
85542465 146852 288128156 338659720
317267368 272845 201706460 112536730
485380472 273792 376752383 132485889
464259033 165714 276795803 231418472
380443347 213512 364852730 185181783
452363767 375572 341431922 438228194
31047156 432385 135006208 477667777
203028045 49515 341770445 478485502
449606320 23243 33056198 227908525
377428554 133289 118665961 482159878
441526250 21828 289062305 206996196
204385861 498124 93784532 19368400
174192208 253569 78747056 352669797
389267919 330718 194572639 424838713
196457497 84857 409863539 308673159
377695925 383246 370170680 292882485
39170681 487187 299712749 5331339
354849162 461207 413251488 58389584
476044445 84925 303598060 194426664
210830412 24928 369966473 437194224
191487307 113542 232872072 80930296
135249789 380817 484653623 370699880
131495148 288742 71182346 439862620
324860220 495781 478026657 44493385
256489100 14619 307699911 247509038
351512408 212080 136940026 306180389
229224148 126238 121073466 88030117
351816606 428264 323911471 153926974
285805147 499289 429764253 463296809
279094649 289283 290823413 209166381
398119019 267930 66264648 233128066
291742439 34389 172729288 419053437
454796950 355343 154734100 356054844
304288813 140025 318061049 449686318
59519126 61349 2126171 195487963
244015035 81754 344764134 319885774
5162300 405712 373299938 454550255
13796351 6941 453989693 183593989
486519783 345249 366388342 351356379
399621598 384513 119701782 277234189
449122454 156210 135801246 344975178
470741894 178005 217146730 491827650
86234726 449092 98953685 17576394
430777788 281702 341521732 55242617
288281065 25797 22489304 179744843
430173655 223897 68031535 361591822
127450283 440860 47903230 157317781
434641145 469507 450094807 145508763
33900105 264950 481221424 258255051
80242421 366807 448671360 122118186
370906329 423441 348217426 51309680
274007644 32227 113004975 229445716
335293573 360396 314310661 36799670
73813296 448962 350765719 204489855
189359614 369851 312903987 52715933
384759127 252483 294568065 58677016
460266283 73184 119695518 103026957
2962470 76496 90012650 179347213
492956459 59682 246272682 349341803
322314808 160974 424475450 99165817
141039005 111727 290194949 52795855
395791067 435343 220593174 210618251
225546512 131364 374595571 337605254
427705031 241613 430979315 174834612
131746979 193113 81217864 127632880
133332385 112609 170335351 464293702
296203933 304142 343158188 471527884
175123821 446566 325140489 187316570
196834039 338343 286805557 155810919
105966632 299435 194908264 190566064
42608575 7090 82718814 433266059
275704436 249341 319772508 401583444
388234972 389163 48897301 245176774
444518410 195485 239228213 420639
249143597 301741 286480319 300773996
224299307 411374 101625659 162878158
156856814 446332 221351597 308828815
494519595 263611 217611445 255759420
155081780 253649 222782149 174964520
104800689 457534 118912767 290595626
97043788 347134 479915458 230882505
382211321 356544 366065149 346426757
351956942 182615 464242590 198691699
199658662 242979 193856299 374738815
408163989 138678 169060874 348875705
364399741 82092 189916414 470335627
395376547 444615 344903460 489374160
370108789 228729 384971508 236096241
464917954 289416 221909279 442497125
457251922 102798 128029691 367594897
64188353 379585 412634690 191336925
395637277 114657 72187006 135968872
59528067 229316 85233184 406607436
97515580 198410 340076029 154726681
180948039 402121 372872351 120011666
386276610 28169 495439475 449561017
485321056 474432 147388977 245665473
133252322 457022 269409566 310043622
364695201 455714 316883498 385166917
10200533 312900 207822429 194777253
66993523 477804 495312895 325795295
28935856 356703 170720015 381787573
315180219 208079 253169327 94181376
44829698 179296 375190125 94496436
186284809 415397 351962963 125600261
202801935 17825 2479920 457440826
7451080 344594 19519291 50840316
285750372 85759 241921528 421070308
293393398 112499 8629639 68204818
124662415 326651 389333079 439498714
469734889 428367 398693072 218586077
447881867 418462 313929786 227215240
409214683 23401 222652611 185433528
46356736 286127 302761543 450147249
329949172 382269 339537092 34127436
86152549 6541 477970169 63833017
246703079 89744 213722510 425403616
67812284 79746 203501620 200173401
183742537 313979 299738033 159287046
218965915 209374 194308162 11127160
267323418 459258 326456369 310866343
335980714 142273 46050832 2666055
196443801 400782 358437349 355610723
281026817 243828 50555792 52031052
289791846 285766 403923602 304133482
497756313 66828 328561259 48036687
358700941 487592 330289102 433119374
436631912 335171 383166752 308248194
486788614 79123 413099904 471910851
262693342 490485 420672374 71319308
404588282 173148 23100861 26487726
373673628 267379 466962902 88555269
477478999 165708 60853463 256828581
371475471 457507 163004845 85232266
256863403 450029 17805185 69885800
205414269 93310 316348999 56194346
299720539 408966 159496264 376961246
30712286 265758 88849515 119652221
125531383 394007 369980229 62598184
129406753 5633 377580190 473046343
372251276 247768 166460478 427397114
478898711 380242 153393521 489880606
381978508 336275 233618436 318431870
287164605 181865 56576638 28088114
488506451 497286 495956015 192727087
265259356 28475 135805309 304135104
229393398 160465 87680111 433535220
438594134 369887 93576516 453560825
453885999 159422 46563854 240537006
76814972 404828 168725025 127323784
259723975 483473 65217757 317003236
184515851 276815 435049568 271477313
95569986 17819 271648447 496946512
422657918 21615 234246976 28378821
96624879 123546 305942499 44247258
34785999 255228 113344055 414586224
221516780 262426 107083560 136621546
466843895 399367 481036949 175900255
496806250 211403 159761716 121921613
120687547 301506 443976174 263469629
115746747 351582 177418643 132888745
152241280 434961 206178684 486857141
308852738 113394 443681530 378498701
234740668 23939 187717006 175819578
59989619 315266 411318498 356935761
36988538 31950 61335335 75462347
85230466 257737 217973841 412178211
391375154 13154 465048693 438001610
455513138 295683 65680751 33571932
183439121 453246 315214960 255044026
225492994 309025 80462978 105184719
233215745 486848 382376868 117583923
11994849 10922 94299224 350736390
150561265 213011 407762891 85225547
311197736 32571 298110324 423430246
122282488 276354 42174909 385999269
8424515 116581 67660367 333136935
290338085 271504 140144819 95653060
332002617 23073 424467446 283976494
279141961 402926 263260360 368137050
167344121 324233 300193243 304937353
484874210 71693 451241946 384448651
75506016 51028 438392219 144442916
113901307 351689 60385067 6834272
99042746 99056 286032647 203499685
351929133 45290 295340617 430940569
279939127 395470 133092255 46860937
145768813 105562 199790441 75181273
212022685 295462 174829529 79807542
229293413 4713 269804688 33994139
356095857 429121 42092010 137927672
382901666 82560 45242304 25450959
473026330 303101 9898327 156579722
385591343 272134 166713592 353160444
130773201 35099 403589650 443028448
192099359 30309 135588490 231695906
94076152 384860 392202715 107603880
202107176 470249 376838459 160408363
49498909 174097 51301794 273180540
221667475 76878 280512238 408598809
22822178 307389 227053079 298073078
44629609 205932 356963978 82255880
492803900 331794 437856001 340351235
278323813 363792 307255063 191288574
346087447 89441 421209936 456457107
334478986 28460 55565987 90506525
33097260 401304 104295917 72051064
48123767 34176 428098298 362544065
333446073 94069 95970714 490103809
370351622 343459 123640976 156001664
53947924 490234 113902005 434045977
476740817 446918 88328904 337840775
294162976 155906 99770698 44677783
244095062 75145 369427063 87921617
282215772 137286 216575216 96171059
480841597 164054 242713343 312701508
34581564 295516 379388610 331296553
279041682 433735 100525961 479318268
232794081 164819 432556500 178007600
124911967 240941 177604006 66766507
306330149 168466 475179648 378113410
206767927 471824 331747900 202364740
375592715 448615 126816571 471414847
311962141 381181 207463110 89369636
134080648 318011 106348714 470397991
71139022 419018 163138212 221320880
76446408 227631 175017592 452356551
422896216 452063 398215882 121325514
31853686 309483 402145723 286670781
207843266 462607 288524488 330230284
277139449 231913 393845289 1444526
385033300 152045 71973430 82565357
78270603 22081 201733795 405774875
197353815 434775 466227855 283116399
200269183 9028 410250822 449947249
482235099 290786 217644300 486506861
458757999 209251 200556307 222113285
134479295 352053 294091122 446963629
172468936 455264 40727670 403532580
248401928 50985 231299537 224889313
401222620 52068 388358299 372021526
207536342 6430 150217144 261118011
221111188 75071 385111092 41181338
383679996 100307 324245011 34464606
309914607 177328 350622386 411242294
270360857 262099 420907393 294260781
229261048 306171 380452279 358014926
111601640 236741 425206548 261879170
187938202 368647 272051053 80856140
404184108 221705 58381636 126735138
466401839 383651 298939434 69136884
484670036 404851 207732233 174096853
291735483 394745 66956907 113719854
381782775 471615 412104478 258521745
213310822 212451 474075539 54066917
9317887 440283 211050695 469297427
491958314 256422 148125909 289545754
203405239 384941 450369728 134188792
468950715 108879 38324568 44261504
116979611 171193 96158064 385417866
122846941 30728 77149819 297284046
312683357 362509 167183683 354634075
41396719 86416 33864171 375604351
140152383 407763 336803738 460453226
478669044 205735 301038890 121504359
130454886 218791 400649647 296998901
471906038 218472 195378596 68233189
78446316 128126 158961441 403696573
148429964 366488 391405767 305717392
70717648 212870 182703231 196184622
222698389 320880 193109633 118016593
434902402 434371 288068283 471683988
31649199 344282 403108113 210778954
302398106 116255 483431422 461707091
112077652 203993 304563025 1543396
173212640 460925 94420261 123411139
114602849 194147 209427120 468353049
400832091 215811 297034685 49127990
477238799 229989 401199043 392609535
322085441 64348 412837721 228793457
149418560 32250 419075513 424872882
298520036 296671 100420049 128578960
48573504 123036 320735198 463928061
123636217 51227 459812668 232645633
105436763 481698 84622030 323099266
167483263 249007 309157912 307811037
212882886 370611 107144437 291653354
156173949 70499 127845368 498881070
314415192 48503 220929855 83847037
348263428 171869 345985908 482851056
129145486 339919 15166834 418840010
473214488 50604 269744329 304138227
436680111 66954 111462110 143279358
419043203 291595 424109759 245253691
215982925 138338 247932809 485597236
146017227 332512 197524773 341857687
267755899 47912 180355934 142803365
98961803 61100 474393448 359328037
98754871 444408 193562154 9926435
73622243 180516 33204526 465150953
30130787 105288 43601797 417514686
155435408 88220 232471344 24868837
405028899 105693 289391727 220035203
299642229 149195 241925491 91658987
215832421 333693 155125657 490515414
203206973 72209 109214133 207405184
421676042 116799 165765309 51606281
412466415 359669 286997136 179441382
64954819 122138 481110201 348070757
178457129 188614 181010758 86549507
317041449 420769 288262606 13995363
458665222 453414 34346619 122224671
1170710 349170 218868359 130667796
344235272 43 227219882 221361806
403129515 174809 471559493 218782502
446333438 313276 446689387 419692308
203174602 498103 128285296 200212879
143003931 306926 110346066 63743670
335312106 496547 291448565 224947538
44413895 22192 265718574 290618199
375406544 103343 263276729 178353075
102113370 286048 378611090 384626596
475318194 317209 293549753 440584778
153264859 26038 44499783 331799583
474782704 481321 18680605 276780541
390732745 405689 232334578 409072393
432266191 89916 251872228 284231300
481053875 207808 475195882 210134168
304209538 334653 261484755 147818352
71667905 26988 287031435 345067873
109034947 383458 38378348 385966010
233062417 476269 268989142 228890477
130256976 427636 45078020 15417126
374416172 200295 288622359 148418518
207186007 120304 281130485 222026733
384097048 262533 155128764 400567600
54315425 403888 285167133 154371263
23016302 174784 376722959 242265514
161385124 161986 261445186 329002648
437681191 354125 95495317 425422758
32419542 220581 19318133 47008522
161957019 324484 394141512 477792903
165953848 163111 483871273 417403572
131384203 96637 394297354 200982774
112554335 9323 482273033 104831480
237607004 490495 132587790 166011211
328279337 293388 100328588 232198247
223967644 479608 94076673 330877410
102919263 282484 285429674 404878202
167120011 372875 258627128 142929409
145603563 397051 394749980 321003877
276564669 463231 295830197 332888577
263687935 60280 117553958 27964001
199977228 176952 313174228 392245322
488853044 419769 330470139 142235081
287589613 64320 201160133 106358337
183382760 145313 122194953 400789038
182022163 270704 403846580 16182554
109327210 183478 386634532 38501027
98646587 29626 235179237 228494938
427778446 194381 150318222 200942580
240662525 252498 52720409 291068759
29824589 405529 476361517 479850493
310369316 446976 245257414 165339287
40934457 153600 257025781 232648050
439726423 174450 353045013 48230709
129830461 471034 108862771 375166356
247213511 116106 175265891 469008881
424968316 121622 258983634 224922932
174993642 382925 341837182 275456868
385177589 167882 335136509 415410799
312821164 115772 235460754 104087722
362684232 352021 160447237 378021470
242296702 463523 195928748 66312822
391492360 168533 61101064 238776619
131797288 264827 137465503 132413408
221285178 109673 396604272 294687453
323882904 166505 418186651 179331884
105298796 496541 44637276 108414246
193098761 136345 452295960 303525296
14896719 43263 140864768 103078492
358703270 147677 196701151 362969575
68813936 391639 387049712 23352258
10072654 220710 433940737 52105103
87843539 490121 364843229 210902216
337978547 343015 396301272 53780932
497181275 175244 22274283 464171791
258281256 467133 221926870 391277379
302770850 358102 361499407 376035486
470371762 243086 240318477 326085429
74721636 11877 164399728 60738033
491605009 358308 393679379 220932081
288945202 280259 169415948 53034865
137958550 482280 248535041 400299719
231120947 404608 166463483 7256900
426256279 1353 334332318 365137860
82956700 87873 491074143 34056180
338846857 68377 131851062 58047016
348854741 463156 278712403 305342097
494865167 76473 377360762 213570627
493729208 377034 73161926 181328888
91194767 306661 148319395 21815137
470798012 428014 365127586 274040804
418374015 316932 294729905 435253790
218875595 393850 280553752 188631003
12664813 198014 160534080 346585326
488366733 194347 211392269 148429805
399213784 413205 441917644 294398413
430601714 233105 70007614 75943214
193632646 431526 222878952 290116391
102331826 126478 466484196 335692374
366214021 400102 314252749 396420529
169198869 4350 158522128 479245754
159715084 35553 77397757 244297121
476585202 453524 360626175 486417552
246721191 152830 299186917 14900977
495477157 295629 460677895 42575230
458090538 19333 329432128 144156857
490953889 414588 476621991 475038178
218460909 314140 456259127 198550596
342028709 321939 339128088 73194294
291210328 135318 306851965 347370729
9168590 430445 230522777 90279219
152375461 421867 21634824 443353153
454445150 63217 155798725 189414996
145956746 266203 346257162 435874442
147631320 242353 356352753 127880106
437092979 312786 197515902 248614991
22901101 252148 482184318 82312618
332133767 249781 408123643 238987057
193884080 385691 372643298 138956010
65185664 451657 2467118 404607884
343676406 371789 237046777 168453594
365177537 181306 391169939 376435563
355208099 83048 95949178 253556637
84249592 379036 23598058 20306794
331156174 106400 80101489 302463534
75205684 356788 130359371 55718852
134883531 127106 487858667 172384842
148291680 347741 135844234 444149173
472838819 27836 80208047 407766263
247533800 376073 163128281 295695276
237824311 98039 444590873 353961882
367315701 59838 338762752 83333633
111864820 159373 329014352 170255159
291259989 302926 298757983 124134137
379084601 378445 150209941 104849620
4313279 343771 401711058 122967194
363201115 206719 4974860 11206259
347466358 336050 18910694 260278150
305800039 184100 253360318 32638047
426958614 135221 467249963 313318247
490668329 190917 255297549 122598978
115813934 114718 48877503 115007360
144454207 465288 486889076 30610070
430275236 235521 146084443 486138716
22901019 197166 86883379 227220857
218718212 298806 153508503 16190726
78854814 468468 383005078 69415534
431689215 441132 482784596 279977354
470859529 438990 470067913 421214311
454518054 495833 376383678 41618392
81627252 433123 286354739 448119195
242137990 132282 350577137 193771478
486727032 474860 407449962 476950768
479703936 112989 388567569 448228018
95543018 437577 50386744 157229624
210945647 111388 34133131 145900906
406152320 417584 348979410 244540925
452657639 277257 114800530 192285189
181570199 224878 324498960 454391177
354890133 403051 77999394 495535775
461423427 489302 380309577 179262995
439867085 109056 153742317 15002777
290659012 246996 270298897 294905044
318122000 401250 477434050 220214234
373423705 374987 186223023 9187408
81468103 250632 179318211 130484259
161976281 158872 281271623 103506640
439146506 331574 282546102 51316694
221459045 84302 202076011 54262714
270731536 472603 241036214 174084221
289768383 261190 71592488 257355470
272388671 460763 95931778 268907267
458621482 352374 172060549 499813337
425500056 288195 78847669 326610460
65802675 230260 330374293 302668346
26828885 141131 367544130 429652998
5091917 323749 480226640 129973590
85979638 457640 73134113 234057680
119063919 293554 319376543 48496838
316732830 187187 458592010 59799056
367958052 277635 2984955 102817279
467913081 158250 292782788 269607758
2668314 184052 70601459 142044390
161896063 186513 102780700 64208555
51935411 498744 409480919 150715223
115336179 308661 99602045 8219266
95767113 39187 279346157 38217968
359722934 383207 289622310 227675126
143977105 101753 443137761 264926866
363169849 127717 469380857 42055543
296426286 3022 422764759 256817271
135403445 462303 269326879 69168598
209178516 311075 419897110 116992594
260506500 92434 70147872 419848231
419786424 213595 126680123 474576013
448523212 176681 498652456 8123254
303052390 336506 366099951 330578613
180187744 174851 343505215 75594888
266374790 278852 273256694 272537228
286978896 351728 104844354 123037634
288857521 176740 70027588 408991299
228797201 342325 236285408 423334257
363673969 199720 258134946 15628501
268330826 8005 378476173 134299635
414616590 56714 496056142 496593704
473733650 10096 193089636 232148965
376834361 419453 198196307 46431729
124449911 47051 477447558 119610939
359281551 192343 161992551 26883613
407155930 184105 456913477 210134950
311850254 279145 96583438 426823415
333750820 359729 62097354 447286448
410128617 151951 145611094 258108373
113299258 112868 302838797 3637024
274236737 62453 27564689 189956258
115557456 244338 196692935 171586440
371713071 399449 175628143 290898321
120693914 72872 201555655 31144125
173212842 200176 443528238 351809152
186913694 463221 314444131 194393774
74018619 286768 255460329 190913788
28886153 402556 136004174 153158530
297930674 138600 65931367 280090239
197277254 417158 13146465 249683596
306726253 219715 330422348 497678104
277109179 121657 136204059 315275003
100363419 365744 130809455 460892685
295467173 356853 73146986 413254338
110947793 98939 127446495 327206249
464855443 47419 111586343 108369104
376763339 431429 316693626 172282378
85551471 461925 7644594 216642588
212062416 324763 302709895 146101798
128107087 58923 384887355 183270036
187904328 485341 236001958 1521233
381226868 97670 260876743 153244808
210205487 130312 446637542 183127119
425685991 143224 282652138 198542383
45247592 380529 198881394 184761896
271522990 167532 72827297 468408542
439176030 61795 84658455 182059741
11632021 326142 67726530 187332240
123673382 191911 41520760 233178068
400427274 395518 136860779 384326923
407983544 229829 112890181 45841074
229190176 341054 189359627 232257999
445909393 234250 362659886 248654332
487523160 292227 222600029 495657877
486610892 422031 483060828 435722446
298907588 63985 162310535 93033871
449548243 88905 478902579 92958614
214656014 152148 261750106 158370589
243305781 393295 427955652 328262730
413892675 478136 430786858 297297744
442858630 330750 105053174 380756953
157860276 475471 425408255 402413833
67131264 97859 450837794 214656390
111047450 189762 232880130 325972223
99566934 463253 142694297 32505699
269472532 266570 323223779 296784279
386546493 373879 45532787 279240266
102244582 3554 308449988 497574701
455688930 259218 52477027 233972922
498291986 245966 236299804 338738478
79477014 294028 231274943 390214772
161390980 441414 185811400 122562137
357818933 419765 272573503 206741647
255204330 204218 453850493 15794571
170257379 255949 118137725 118732984
322560319 268642 193321245 197595722
449367316 22465 78098959 453480994
316437656 446547 218508174 326834249
446464162 406642 433515050 276071099
128226207 182586 73589984 37651628
432122837 382167 251928369 259396131
430637125 469959 288493149 1952352
492141408 278971 467756835 140328830
152154324 111445 421459377 482165238
193479285 59500 164101491 432788487
96420351 402078 54440779 446116153
400330605 307242 211265695 391967707
494181690 409937 283324962 124985285
271380296 357627 157472252 469827834
148100283 73407 495320899 190648720
140580292 382747 38359762 201630813
23500250 455399 73698799 123924449
337493051 222323 255505851 12121713
171660796 228740 166611141 424963615
94390852 165659 121513559 443699077
404942477 17801 87387075 182168588
481954611 481238 485676638 384521149
499064786 133901 193462862 121708067
442812765 90718 304985588 3203810
119087154 39363 177306377 218667978
435420485 252285 302996270 165785067
178689701 308226 42207236 86945679
105248386 144214 285540601 150113315
283556572 149999 192856866 171665460
158181106 249578 251594587 21358028
172752650 84342 412945973 360409259
445415398 24330 159715068 5331475
242852888 48848 330580298 288504686
197811094 184810 289514667 427629871
292270222 294157 288906208 39327573
106694886 442521 436019020 8331702
215544271 173974 416222769 457614375
94658920 33852 401895580 363634634
414845402 253730 393370104 429018502
11073878 14247 11803729 407588994
15014527 369007 224170536 230449110
467224238 232203 462606702 79319954
269502032 38914 152053021 207026384
213529700 411212 449912148 158493692
388966655 491652 138180358 339146482
247381692 484789 106861063 33863175
278377407 26339 180505969 335344018
241173159 435178 467600118 414797513
395549271 67556 107328987 254688375
394586429 452903 330911715 36027379
476211162 215924 85906827 270068268
145191765 242358 149750636 351523833
200374125 238532 47701139 296744962
251428700 13612 54478387 390920098
301720494 226038 245677384 6688781
212712055 79121 181942424 308406826
115688830 124127 472784670 245329296
165383263 223856 359019698 313551863
52782143 224057 84014875 458514397
34029215 332358 295286873 365363838
331298342 272854 109257731 253870505
435863047 181550 437345515 322827916
40852458 15523 499755821 108533696
399771470 48500 341674823 175377246
155308786 87011 333703058 246981455
393982495 476473 97243592 315018122
174232428 255443 334728049 309388423
381578468 250873 78322467 40783856
19005393 481500 14884972 378135110
148608985 71860 56690136 120827376
65732729 68178 124555282 19367029
208835968 477226 245982292 393454247
307437450 233923 350791473 49218250
23108516 87173 152135482 419677488
65395982 287501 236354923 40714110
479103514 118757 8637168 494076502
267901874 281351 349664185 244601227
82551817 312759 441357513 196675155
109870998 151258 404591985 201940268
218828345 70012 150005195 287048984
5275419 110713 433765850 122472056
127505382 72427 472678092 57250406
340548290 209910 453654317 403709814
357552403 337000 193632167 183376288
98426790 371320 313523635 272074239
409069861 176847 162319274 266348281
303644145 327619 200500451 253562797
313417738 86610 355791172 343907614
71004125 309830 225820520 88482677
272443449 279988 174876914 365772637
101559074 143836 344163185 173725906
228356112 16026 84832329 426009134
194633176 161317 345543103 75076613
433018542 273024 302508790 392225449
114986660 432114 486575297 75113333
137484943 425070 473776637 434302461
461093385 184762 129716364 486282302
358425561 181651 122723259 267578054
368758854 1241 461658769 483181554
435628026 364922 127710272 346637990
157920227 53788 417822287 122845264
339018069 193782 160481441 290129472
233078938 88475 158967692 136063328
279135774 111168 24501546 401674479
410403867 342298 426442431 475298538
82509751 484669 432575248 397292404
430204776 322260 48985174 301526033
444034261 279431 374990281 298397235
329364015 430523 189762464 224738280
344676829 197901 358720438 493659582
54457029 140287 96030349 276263667
331565919 57458 106350221 377735294
91717356 52356 287538993 346631473
4149522 101216 57658356 76327520
344872814 431189 156758026 479700363
425518801 375310 488387011 410520348
102713553 269677 300948651 427264126
144973683 159821 473283751 137293056
29435313 384653 351140887 66581956
248085881 131990 295656123 227442197
288454043 53123 459807578 226683567
81479770 348501 225391461 454284602
396413193 334680 421887479 228267675
116162256 90378 306604327 304675137
115871830 359520 45295889 122865012
206430496 413035 20661960 266968715
119101361 418441 228929938 160701496
315803034 365374 186466491 316708598
173125949 226830 229106271 29985689
240924544 466726 483435028 100280785
44768342 367089 316677719 315378095
148637523 214509 40132949 387222969
252959857 467361 268426200 301903660
351339277 210509 294388779 458500385
161627223 369268 124562644 198839199
155936934 407583 133982916 136460154
272043205 251464 169151851 246905289
441032720 434974 416636113 495904675
279658855 40620 114669992 219116469
124857046 79347 93296416 482356168
95948013 19567 200279842 103332591
172728080 456797 339201404 138364647
30032526 239365 143922382 387696191
362517822 432385 209083848 231063540
399004854 89685 77955214 442669586
487130800 180102 461388358 221909833
200438402 364081 228002637 257504825
305520743 120563 219290116 11240716
362842937 77210 291461902 432496436
362333199 200820 262775039 385193866
110054777 393228 59712616 455710058
485880155 126202 459380599 126686440
301459573 26395 306515039 2202602
231226195 126138 440241431 81546443
171464691 207579 394423525 244371327
372575677 11860 348150560 46277339
342796705 117783 266867982 358840883
345856727 281925 395763979 94260695
352495307 481657 256826205 272620567
407900527 186720 202363239 232733274
63013632 46315 427036801 403578140
311966190 329301 300712045 392274028
410324274 494354 253824312 490805121
32339311 39088 451670028 436686048
359947443 231559 14948910 476183546
407835186 398199 95797291 271539273
154461984 482138 279263328 287233139
183570694 346486 114888896 376921953
186074323 477542 42085618 243322393
218296161 49691 15485216 53242418
10694202 148041 387555612 424340512
224227643 153576 423032244 22347281
3244864 495318 435977320 273315712
339637651 249297 455161859 396368995
281937389 402029 461696965 284993141
210179842 256762 330986539 63671847
235596820 377927 165679336 445220758
321830448 318881 327599215 298955402
85322967 144519 11181186 401142100
260629442 89489 260106574 487902578
219813972 344103 436082441 138528276
214316973 75634 187625202 139205849
372024601 53879 474221861 9265110
393786141 492379 140014226 26238898
248419786 467272 82747700 452260957
195483975 383977 3372519 82620343
43586151 401895 154424631 141569719
33987457 360715 81928966 244899790
190926731 104550 485776053 486734741
165134322 206240 150829655 103836457
247914459 377532 139642420 353372081
423119147 133491 275399714 354590726
408368165 406945 430445220 313120316
412902378 157013 89669357 491895826
230426638 391190 76984851 147279940
419560602 268280 291525029 200072965
255364393 384843 122921417 467615659
75061243 111377 295470097 341031151
65805537 108430 219206585 114212471
70034449 178197 225533197 171157771
496178954 447153 137512422 222879705
330243535 258070 416082538 73343052
140675486 212160 129584468 355983941
454989542 418384 304023741 330386728
129573603 46302 337558635 117033412
182890360 75328 451739635 86981415
197786827 48912 194047184 235724531
154685547 160500 497333457 310702209
197297648 99082 20271671 208628428
269886400 180646 83979819 148015365
341986771 128461 16399913 288695568
469771072 214759 213923952 495605442
350675191 175157 88801904 349605788
328931533 349271 230782378 256385582
186907912 285713 80319960 72991663
325214130 49181 78990880 85880970
106861293 277413 335079203 347793447
237371217 455014 362421552 146340937
313734913 499586 339861726 98974934
289724991 287974 37859644 442599028
322204880 90496 477078476 474455660
227661304 462846 153184471 84050313
485814833 317765 31914166 365421239
206126760 193380 75843090 45456161
175988018 384922 227937812 83390175
372364761 6760 357148408 437710902
231205610 347567 116669958 156634882
441554802 50272 317290151 304955937
372967830 347238 36814855 386710374
312270515 499678 57197269 399220246
174536562 358800 50070293 238594732
408542289 355758 91029856 477368671
446752941 198696 113758340 50474291
470754980 56895 328829364 260708532
410820069 138227 77253145 409302750
401786013 482379 292683123 314914722
82084400 424956 278877700 351808379
170515187 255300 53607648 83333130
170105876 468422 19240352 353109676
410071032 192370 486351791 454555276
47119523 15635 36889939 11892130
288029630 342246 333063615 86846720
375955324 236882 271570173 287283458
346305 90535 287506901 333213933
425983649 352451 187749330 133806982
219486809 454758 402566617 358923234
113002494 18691 447042086 327340472
327911574 278934 153787484 258922312
115260989 11405 54758129 230684460
366749875 60439 78169869 282592245
252553368 214501 332982584 105557087
237703187 104694 365499731 491854605
148574732 423246 103352252 420651473
391150052 206637 487884932 314153051
296919803 458070 258643908 82618414
189907868 345921 263926167 360243967
407501470 254233 68770751 93131489
32269920 141682 354749380 122869329
133092694 319138 253736792 7532332
26895804 180430 308526933 430514908
73676321 105667 188721070 493649259
38049052 47281 437138771 169471787
172285271 192751 366855530 21511424
52826540 243620 418265571 407505773
431739872 90245 37093170 224629571
196246797 260998 172913661 165575465
324997134 17791 37820992 264605482
489744259 334444 183586091 180303118
155021017 150323 101492464 241093148
214153795 60042 310850524 374566719
199130092 372534 374465616 371653814
421850362 133387 412512928 254695108
114963388 375728 39166850 13335460
74339181 362533 461177555 443544877
181572593 7823 371022894 11914781
30565260 334565 90473770 301717568
199567498 35878 132384223 101389605
145718130 221652 406539780 37780969
469304646 237324 466611101 395851801
114422049 195770 402271466 81213812
457115688 272862 461134732 79315758
229875842 149403 412695695 341778507
192438723 273012 42079576 287942095
45976152 332683 383641914 216302913
449323331 149252 302428767 374822997
331651130 402066 278545129 58743882
100634783 251665 488129792 353571268
54594993 224513 197079256 34798485
495385446 428281 494436135 41969192
309579490 50645 69579973 2479454
155887108 261337 363150915 225979738
76144702 330199 360122337 34551977
214786282 209944 38384139 115179565
162008779 55687 368585087 178227387
226044463 335056 21901215 57474937
12035833 286025 227628654 222753373
127520189 224373 282797001 104859123
460782195 449396 87244406 294667443
326477759 286051 335030593 87403780
117108081 332604 496170726 122182187
17761886 439381 239034128 106166615
478144039 129285 246264299 207998983
91719950 382481 113634979 331544563
91565614 100405 153805320 123332792
289924217 436793 105545699 401864655
300912606 212523 192279932 418132701
118050901 326838 239058935 498497819
32028799 39748 300077392 387726418
461360724 221562 347018002 304504980
304717686 191574 9577816 465290682
260818956 12638 93516666 486229971
250234959 3153 324962413 80992229
241110612 494157 273927 94284245
220907575 235434 141449806 286600763
437597583 227180 136403183 417227931
466135735 411239 109999166 162449036
377827955 258934 102264978 194089038
360491412 462524 69548384 36073295
496322061 131272 176291976 136946517
81824496 461722 441082081 206716809
374651458 475406 414104658 385083413
52747719 450638 244120812 156608873
211614992 16752 23612878 15045400
241668586 255704 2098535 395467866
291629533 467979 40572449 81227972
377964746 373656 438094232 391525547
278736352 74687 49390348 306781237
335739048 302390 114874903 51358308
118252394 19598 116624247 416475594
327473819 357903 356328318 76955684
93772317 474010 71896133 342647017
282895706 102755 252759030 161071461
238114228 494619 109491128 313939360
106198710 262917 213421796 323118522
45538859 109826 315130578 59341579
474068475 43993 251848996 64453560
309814956 223747 329478373 358162170
240620163 327710 375215238 9529007
461777362 390709 317118677 482543181
380221896 340773 339209219 334556881
264953836 150083 312383770 155943116
105140428 404601 130852817 399134980
216622816 84842 259047526 219173439
188025191 38524 399545131 401580702
325221071 449905 156105227 148723014
340219684 168872 21179816 287563434
96310637 360438 406730822 299310646
337178860 436007 432696413 218300938
145111834 444840 65670704 490656608
69251176 265019 358371216 433202133
263282274 93234 405007505 498160455
216288346 167060 28298048 336092245
266270722 387364 302893754 258015247
228906142 350099 478833787 384664939
379836234 211412 115912895 179382782
499203196 231761 428828622 381798281
189606075 214201 422871246 31039032
168453122 101462 256845034 181848140
52565819 232027 439491182 321042139
205622168 389440 403217729 494807083
199463913 337903 131329307 36553781
364549203 124885 169939976 138669628
441801107 389712 437753979 478326300
381561130 271034 270724556 53801862
29840249 349768 494421245 158874459
453076131 420654 709469 29555262
274769469 161658 3911294 54044904
21484055 378616 433301493 445901066
280396613 457458 85485250 172250947
6543923 297742 133402945 140225069
274695467 355571 163468092 34192410
316950580 334707 490801782 65205052
85114989 153677 463731650 375282876
196034808 279474 85416983 158602096
317923436 174349 484862222 149203037
209828780 108043 88002865 427650164
262631737 24469 396034930 306696584
391053995 151642 466046223 130052521
233315486 262460 491853583 309121092
282472857 67441 219043854 334433047
339336169 21772 471372831 423918125
36868308 207051 251301426 443348008
420364606 172073 296346351 451325366
475093583 480671 148730137 461393947
66917566 125731 428393758 182755919
169806283 429193 47918773 396488514
390266735 367766 73933702 150152364
354486244 216970 261636699 347136996
254681915 145572 208340351 180018522
162738535 381281 209171690 99801525
492620197 427676 149094886 490851756
257870369 455588 25401858 273392493
445516563 80741 426162259 193400529
347870517 230991 176875106 68708134
452571622 297305 140693620 47719884
436584536 180636 34338723 12262244
171421105 199324 116845160 385372877
491287569 335870 227028953 442471468
377801007 76477 461405025 422055962
148626003 182069 285558058 400553544
267902968 27283 438570262 6638391
266724362 91456 406369829 465951699
54422187 254007 56889673 356873763
249707703 21576 186911095 230331643
91635660 461900 110814052 344456597
365640654 448070 430882169 363302371
386236692 194681 272442656 219385263
327629399 145294 75083209 33698093
494871 206812 464412793 268437327
307272403 151506 157265017 136663875
287682779 109225 442935860 342660227
404961026 253269 298215264 495316106
363803497 456793 329712960 58152034
278105044 401093 309114213 239062868
204684465 99909 477900561 297089800
105682836 468836 498626639 49124987
6930980 188202 457141794 321309112
74830676 204290 196884792 63974236
235275833 37595 33951672 54585584
86419135 263421 420408086 378309932
197138872 473169 176878817 188081016
161999748 29878 496804024 205413144
106372996 80212 99487362 89468453
52290006 23943 221509002 166052293
238785038 305626 252316017 220523066
15818217 71766 306305610 466226485
7525912 434404 39282292 451893527
382285360 96834 336463026 480103416
314355156 266753 117197716 449338484
315560984 282057 255595625 29441800
104657681 493134 364333078 358312388
460014762 295588 365937392 82808809
339635139 274229 193831257 269866811
456722962 285019 219946642 307396071
54270903 20099 118553728 220611851
179856890 44119 474045000 414996336
451319454 467828 34985307 105236420
110035853 177940 287155511 296152655
496532122 191592 396574403 499185872
144684349 281719 301133628 220230954
205562082 345325 264260827 110243777
294929273 159922 64103251 306685963
497448972 383555 468372927 267867314
102493078 72317 157726862 29852566
360770742 180009 138714399 449566648
119480679 440895 62735938 337717851
487481960 447832 387300804 293739597
317137919 482986 256142531 241835542
269212637 243182 370425147 28404450
361932278 270260 92867855 323753387
467961380 300963 113146950 51126495
31199124 495873 68887150 16617745
199101729 38199 144079208 235959301
272684728 156019 137393851 108513484
30187186 94267 472394985 260225295
4452550 261182 310273401 428492822
398449695 184470 359360402 374785723
30031146 198491 330272299 338704051
496041558 353600 17858106 129751747
491622581 443879 493632554 137574636
33549382 165364 408679064 426115929
341488319 30141 6885237 167533878
45157898 132794 12856844 297635832
29225154 160789 176891371 237010939
50418160 338202 53129623 393843863
290928569 480919 169563631 468573784
432123064 332914 264933130 266738098
380320775 316089 356975952 338258746
165712755 218446 6749243 83520715
300040968 236860 220795086 224365331
243335623 272057 304357615 450964707
406096792 389396 372400810 179829441
482010421 198680 391701084 480255060
351774151 461347 433319600 402081670
269337150 194620 73310926 324812179
137132740 191112 46056947 143497173
463963835 468735 283961273 486042318
334489410 135137 265592140 378770678
424241694 312019 381066996 76875805
429239551 425198 296453105 389333327
283201476 358209 196149301 207424829
130626135 77104 302033261 457926634
36529307 192919 147290444 46696434
144900866 467063 59549372 281049843
434684701 354062 351488146 446502368
446250114 345134 245250379 254498492
495189811 475228 450849408 43169478
56246498 156328 469863584 238453681
16875422 101038 93652542 83154776
245801291 402957 82229147 32582214
201016896 464557 414626208 322126583
296815338 75409 180169072 89087727
329871764 216466 235844746 347642041
165462258 432823 77708160 471233573
452888173 211014 322958334 469303038
272619091 6227 103424350 118993382
132535280 33706 117777173 271001724
443182054 426268 342319354 432568425
347166967 393833 19558742 391552763
297213434 151940 123859099 473539071
73597127 453390 55191697 298157771
320618478 207509 338964129 255811557
345404926 384451 87190468 19969783
60604387 126431 2895843 134197266
79436623 142548 321127033 366411956
422104466 138592 326357514 359216358
261169270 336297 19081747 232407515
414451180 47792 441548659 123967572
455439549 16519 328192221 493793310
380402656 73568 474467466 415087275
192677598 444364 213205949 426322124
447150689 439428 12811346 18903463
60170618 233607 414503162 477556099
488872396 170218 30261409 367516029
262150678 16573 373143722 141419538
490960154 68075 475027794 345469862
299895070 9800 488618065 40564102
340612027 355733 169760330 267663702
351942336 429771 165729778 416903947
450160899 330815 53043712 197412875
339268515 232830 481560688 346329552
334179531 21704 163916187 434525204
453840885 240960 438107050 154003312
119304003 1558 375882118 118309641
446414936 248394 350953015 390132968
220195691 442672 453057365 64554716
254563163 283030 157211779 290077184
326579449 164425 401473629 128192448
494302504 22497 6869646 360603435
89570253 443128 285430172 420119679
496417785 434381 354061680 215624131
265231164 259866 450094269 192407909
271737534 86273 81044758 11706194
429308034 171039 80685738 332158432
248306039 399783 308623720 348743955
392075225 445170 31139960 304630258
387787358 228502 377605325 338288584
401810314 283698 291076016 292763649
271309555 71734 459113799 435318384
181013699 190864 139718735 429620128
281946750 438801 332670159 2225595
264566170 368517 301506174 287031282
35618088 167385 85994726 154380033
75164479 458320 199133463 100825522
8205719 428808 273676680 286208121
426649267 331155 392458172 347695642
457164032 302756 170010782 1400896
147502947 225809 140454491 304307671
218408778 97047 370691003 365477592
131218981 83208 226214227 220493457
335551986 400433 77398244 82474447
140315983 182850 418406848 65285772
354959011 448120 114429003 150877083
112966296 444126 10759957 757473
336789798 200349 87700008 162821963
360326357 200685 134242502 309833416
282506895 454679 462312625 464804952
452759286 163885 281168761 366556232
287843374 135616 366979687 225750571
462276796 342045 364589673 313615408
126336387 147970 375998866 24490674
497747919 70627 181021355 490308469
146462833 275561 93321770 181130866
8749621 314613 66026595 18929508
146547650 125976 74142651 348397437
188922893 425224 295727281 126916296
468862598 194645 198230166 242003829
499772160 256987 444090016 114547349
307071460 17062 24789919 395087542
70213387 394650 36528908 211688433
92843155 108840 141475421 418214831
66474483 48085 137988192 70924111
119983336 419985 380748028 78523945
184601713 269530 4219402 390954879
346736454 161013 175755520 451051020
487939805 363891 126139159 149192131
243644517 425759 223078547 375918350
107676259 448710 498342274 172604918
485919248 326561 67308092 397093543
307869251 374862 281812646 448520258
124770429 193383 123662955 396357887
73165665 177317 2145791 322247281
