2000
345301643 61818 48321544 238849435
37675433 484060 429161155 92674308
409709524 175555 72865805 23534665
178142373 31380 457869184 77995492
274937024 139856 337464463 150901975
74912656 487567 417362704 96373732
395586921 6944 251118224 462288375
74167249 213980 222647188 430276893
93267670 221134 153894084 76372340
169115189 493507 421173805 105661960
121318328 139577 119035860 172866725
356533866 82159 128540173 151885631
318064273 475964 408246318 112098562
341775922 247134 413920356 25954896
58080153 2565 226528004 464672455
86422898 132331 1432848 240755734
467293515 189637 371470228 76993297
424784720 66902 405140653 180556921
441114973 191950 355695063 138147814
430164987 118241 411655421 312843236
392509578 174160 265693486 231919976
360832056 32075 172231610 322340269
113130226 79573 5337248 418863708
155950925 189066 85289148 93771906
379965170 82507 169237040 377816101
117829864 30837 194169783 226560905
157978395 126009 17350476 322318007
395372202 38622 396949533 320263126
367902130 67715 222213638 115405707
117371971 219853 60505129 58072104
131268029 176631 14876617 120023551
123137835 245403 312194084 62292611
216235116 95395 357604755 321292403
152926524 216213 226535474 325555563
79672005 464613 422083492 96412293
286884529 81764 63178559 84202015
264151610 178734 365859508 18225606
160268089 167397 445811583 323441428
262241088 14040 429861593 170098005
415232180 223265 491480617 256922161
408291513 14463 412975590 454919570
368084303 114727 397844875 466279388
40794272 207824 422851191 236887860
335174462 478686 416698600 109103916
78871640 225574 478160038 22398753
384206591 121890 142406742 46836995
381587351 5859 1814323 56142350
51333446 103529 344540394 479890675
324029867 80230 218050513 173767641
102050809 192402 472525029 425174647
17564296 148122 457281992 375868892
457044556 45151 482073933 423748981
46273335 119474 260908433 258335789
473036108 36660 122325190 261978867
263820769 106937 43284126 175444394
169463756 164514 171956412 424972678
86351824 90357 328963171 403997590
467610864 17159 421375419 307253929
364250853 73325 365363533 348170000
274346863 36899 12303405 457494332
168838560 151101 478896097 99346478
98897350 184176 349311159 118024205
433226996 204902 31160633 112202171
445877109 207592 15969755 270114062
409806455 40036 490775321 324950129
226355923 229720 139294061 491472020
176543260 153859 5398775 171790284
244038045 211303 319837953 142219255
73574413 28821 466342697 383836350
459319287 142626 297131514 430650097
251275127 239776 339388533 18300327
302020109 101660 52255113 418969171
307045642 455948 404110287 115476801
258953863 126159 98782432 85167993
52052761 493348 425472652 97076092
434103725 79237 428740919 191354159
413708274 22207 160517849 492164737
52905751 23130 269587698 196014856
324126047 497530 412694431 113712221
306148336 35813 372599400 53231329
1078708 35576 140294822 96143504
149193224 222303 258449285 82801544
231484015 11707 466419569 434499939
61333478 182023 23261665 251180225
216303129 216123 494576769 491288591
435759813 240876 449002618 232385866
224073730 44805 26846103 258724400
86078269 32505 424326091 453770492
175331734 51763 80181562 372050252
312089927 28238 79355611 147054853
343669642 228041 432228741 470699601
491502731 135906 56058321 144797601
318217491 108164 289800964 85224850
321554693 199572 297612087 423955684
218291947 243057 4261836 180148709
22476694 6611 438032644 371837213
492491046 18125 278697014 434656945
56552592 111180 416265660 323855450
422445620 233430 190238776 196231333
496920307 102587 234316973 481211680
469586126 194423 21419109 186851449
235228285 41009 100657110 390113480
464967273 138156 402605675 375431986
454368208 192237 191814368 408966955
47401604 89202 163944578 228277863
281779424 180758 53981930 127656827
154745530 99356 198151485 478462839
410669657 196954 71317793 77756429
320294759 202154 497254408 200331914
175129993 64109 325089762 318137865
304772918 226228 76582537 204398947
229532373 57295 198426810 477428354
394023814 61613 25459752 272450537
280647568 472050 418427138 115239331
119527789 66836 285132157 271593411
312263398 5763 348365275 212321753
131578541 227302 248697693 252238384
354196045 184888 361140021 395624054
203307176 97382 88043873 174017595
172548985 224699 94912081 414133362
477804589 63662 140321152 459409847
36277131 191311 378258643 303437717
427583050 50428 359687394 181895368
439778449 1860 397059398 477337286
229933979 117862 198272735 178399339
126586986 15386 478827483 297266357
210443925 116100 322744102 359532408
250606139 11962 494921957 199287305
304888767 66000 349524644 317811077
213518886 79436 299234487 373378038
81628583 72906 128271223 89446070
216138427 54945 40846579 148535238
228952403 200164 114820358 172684407
169723622 83805 446701849 381356936
273878365 201821 339874470 362710851
328053601 52726 24823327 329196894
18572358 209200 254292457 481847749
472137179 244369 424053034 375952725
193019039 223262 72676002 337975264
21016445 201388 361459191 64965753
301960033 186116 471669156 466296505
17494834 75707 126123065 97083510
211991978 139584 194045344 268647826
261720154 1874 408109622 262793298
86102383 189964 194122671 342396726
226896468 246216 401402005 382780589
211335447 242928 253075496 190263745
355230201 240816 453390345 245832242
186141186 113859 376841893 30675463
189190926 73236 64992446 230451913
216886514 127566 140757701 98062136
24291124 69452 228057242 154711814
292381709 122147 94824991 106087652
329633836 174889 196431102 227382768
348967726 143423 121964869 218654362
220425443 249004 234154449 151721077
271258918 196692 88891469 473099159
461844116 146609 400138784 373838924
309091995 139881 217164692 201251451
388901486 103473 381622429 214130111
361022600 87959 241474042 13305064
233096954 191106 128279128 452985087
260528109 13740 56040681 341579877
395658226 236502 467141356 27927434
322645995 474785 411357811 113568791
463357566 245053 16091180 121729069
339429571 15481 305801157 170131865
279280605 186136 10975911 172315225
113555379 116398 53379224 201860306
455038455 39398 185421216 30347424
95720846 100108 443498458 492146196
197918214 485011 421822615 100104859
85282572 73209 463483654 363838813
385183519 38235 442018616 115906557
15049163 494549 427255317 91644130
439493765 135865 54577618 276405464
84357025 155807 151685786 274985064
58343002 193333 241784861 163276474
311546484 213310 213885466 465588922
427151914 131073 482224598 380314465
430259224 138688 121561725 122801488
48469863 155451 870700 397758339
202762702 471643 426590327 100028086
347084707 59540 300890148 338073967
184806859 2391 495917208 69832182
102727540 225838 4633406 117033831
95786236 242226 19082085 381954681
170839168 56955 451347976 328738912
165544498 232604 193515872 195038293
142393079 242436 77494726 429631525
195969117 472538 422887864 99221012
465099906 141945 438553220 420104177
312133135 144797 117126781 446119256
319925280 27307 123683305 16201893
125945658 181669 67900454 458700896
384816489 182180 171779402 466632899
363094831 232725 195629378 278256967
2392727 45163 165885402 426127171
183435502 457285 423027182 105992183
258060998 112670 1515912 320631314
441462524 188046 74897807 180270457
118153646 66680 121880642 432817077
443646578 1782 433858756 298698944
441825596 244998 130329007 51218152
34850741 226405 86648384 61771424
350717249 173262 154280276 474023841
199240532 138556 136158404 358683977
197369011 223901 19949582 291250210
45540750 47703 9777766 86137998
358715513 84146 138053552 496141661
130195825 174594 457154139 295203032
400400977 18908 82993084 73547930
496507534 86644 81957163 19982542
255048444 16936 429675383 420424745
48822732 43869 409418904 297846825
144630847 78992 394545485 487533054
78019426 20439 50701661 450662362
11133886 129299 478500118 346254085
309815222 121981 132415400 285970582
375435135 11827 315275644 143733110
91216521 213422 420244674 456306129
191352609 96083 122840641 36087105
336833258 71204 293659776 493220893
488543257 38323 414768055 101944302
391579169 202020 285233004 72971640
1651732 79830 382086882 365384821
115018037 144010 470202162 173463594
440706837 92533 27973988 411284524
230076667 85570 371680111 152494692
207264134 494953 423713384 101652573
35673445 242704 154585605 161431281
204503560 246557 24215576 365567192
219053978 146852 410890707 492009856
354406072 181471 194355129 263582890
302309954 32133 455741098 274476965
170610719 109259 365013417 306220086
179522926 22796 420276410 317380084
77659012 8861 24546579 298772291
458830379 227553 167191922 426900621
444814519 129210 18148063 85598405
438870340 243749 111658304 252957102
325255846 86858 419003051 135125654
483775125 64356 45945756 321754664
414855625 243400 319630561 472961071
140674171 152101 203511244 266012082
56155440 229292 279054906 201570674
410586621 186085 19015367 422503661
354009034 7692 480622834 391630333
490911828 109888 270426757 140351385
242752924 50255 299438627 495431468
176876005 170317 37948033 379635797
113274974 123383 345417199 355866464
259345959 189546 7450515 135614546
112339073 477629 428295921 101693407
41729020 176775 338594421 6112559
215446992 184081 10052366 493644351
160350669 17313 278073387 418901143
330286889 152822 320173397 282565515
471826825 150717 408540602 48018760
289466589 196451 499732387 25850805
319714585 33081 52371379 472226881
336567447 225472 432871117 427557699
26104022 27776 44524016 345128569
71657876 139234 329880810 57486664
93697832 11881 247705854 421207642
11174421 30011 403434848 467425375
89700828 202710 103491934 374633422
457575928 80847 244725776 130689092
392883932 53410 497468203 47882870
267812563 92529 499366495 339454345
92592787 64267 92678051 345697331
376245015 247789 485446587 236050476
255282222 238010 43654730 251565878
240099906 204114 103042097 28626297
101666603 69700 138623746 166970321
99240494 39119 79203990 322024459
204591740 118370 45669740 47264895
395107710 111264 337623159 163584913
226283639 238894 441181940 135529898
236372519 67546 184034893 283672507
303491881 74157 208013900 32898983
151031218 21998 457526261 333857220
251378383 25059 456992742 265264460
227527484 53995 282384153 361283995
229076036 249970 460924580 228633061
205152917 225630 414427991 338727309
160902937 159463 131776938 361505104
109760413 166402 6687889 367954808
264861901 184713 161042586 279781719
241821353 102686 201526217 464966191
260701122 99715 195478578 423221556
391064890 213291 303621164 66700714
463353469 96040 309338503 215925194
214016460 48503 137769443 446149032
100845354 10566 325997691 493575200
271145883 171034 365915070 342257488
189225348 17140 99813507 322474915
478645395 238946 244134914 207894755
75908200 25055 21031618 323804477
334234948 30916 333302653 448435853
462977716 208760 370827329 120813500
332908835 210089 18164288 342383104
137947315 459459 424354617 98808958
148224461 151012 340562845 237942062
268889000 133439 173113006 473419575
467528291 3936 395881237 318328106
427623583 246888 407568584 499223872
247934391 38251 111015793 255396584
239601446 158178 272875114 226297985
277645140 22793 450196520 219322865
484525020 122631 175060043 107018981
437464098 61400 473849396 318493020
61628679 20423 332903153 440411107
345743078 202850 426213245 282702242
29808908 71562 18158728 161329349
263279093 193958 412294753 133866552
333609215 32959 181836324 240080348
265803946 32764 244669629 447195906
279727884 172951 164953223 344921751
74212173 99366 497048964 85262212
157894606 175589 312511953 388332449
415944364 118270 357717316 102222458
119435000 114848 144955736 345994736
412981806 169994 47589952 459941225
372783850 143675 234684650 14768108
284755239 151957 336644752 426861517
411724093 227842 380707377 443705285
190816166 205397 133588355 366997003
118329597 5468 137732720 199204580
12490743 19167 447893553 132441442
51049061 107339 492714047 363541766
396715256 48779 308504898 56472539
429229122 235803 319773469 3814771
444714260 140382 151165786 65713483
130783781 40111 274762914 179563762
54005960 148340 246288202 26107592
269990558 65399 250980344 453886457
150383575 107990 367247975 480610139
30309896 206441 105220991 209404550
454666326 101742 193701869 143435373
283413858 153469 416273724 81155670
422040881 144466 22188775 233957876
336370138 234361 328484223 459269106
336557976 239077 250924630 139802299
493617931 158209 298559383 356897737
371998001 243024 278436324 91142670
220817221 120749 164040893 172278672
123768330 235348 219354200 104485571
443968208 204535 7888379 260287070
251896769 112913 133308729 23876633
52057056 49805 147971449 454662354
222978942 173798 71085292 167199780
64173955 481012 425090258 96896357
454863819 171901 474808061 464306231
434173321 148626 361510218 416838139
126587168 77613 323241236 245874924
422441577 43604 199494849 447687631
228204646 11031 345149069 163733622
166776249 213243 235807622 31574177
247826780 138565 147572761 168579958
68706268 189825 349699375 67362071
382943786 7762 445393080 86708239
11048976 174384 167701495 292793335
365614657 479795 425253033 116221696
282220313 242750 260752516 27966510
375893405 97344 54707917 329648498
218740505 212277 132504277 40155930
129697884 453007 421086131 103507292
69289583 164219 392848707 281938450
303680161 480627 406702941 116249628
74687994 77559 438158653 420820361
14774580 173205 481283917 206311424
282601397 192996 8181802 194555307
242098036 132939 321201975 118098648
412493735 52442 289129045 302469888
414634157 162763 362606089 50411977
66339552 211831 428383102 95764508
40141954 116262 194795491 226189146
202928370 45051 9477409 173050005
18538344 98236 382656077 80693954
78156855 18895 466782369 2651869
449836415 142174 69868830 91629706
231948685 135461 480684129 472094619
443260086 64682 57126681 48339338
409055840 141922 331581305 304278428
183114130 139604 85482030 203747518
122501033 25359 475737974 407599800
344337750 246982 471240232 155472631
418928168 42788 443778819 276002968
18411742 240132 48466944 264408035
277213183 22168 140458301 226297097
430868065 81746 173482203 176044900
235271544 179204 382725154 418784741
224695769 68214 133127807 199995894
391578979 113226 245400033 192155690
44222238 155221 238748854 408837418
239094386 155629 267071197 47570740
294855133 177147 156540170 214810262
54614181 230465 144632336 263668031
224288400 497582 428051447 99733421
232588424 53665 495736925 334298977
369818073 221714 66636667 42292891
367285495 12070 61690445 200383952
262607556 167433 99107417 320986189
220806687 107343 296774834 492869768
274298330 183614 221066962 195939110
489178204 50667 24446676 252131893
379498842 26780 384446513 350514750
270826453 75283 374668193 469764588
373414047 201405 270329013 35322515
27446332 221325 499084007 385496819
82312514 149274 465324223 300532492
78014702 157470 417799109 324877626
463320281 160710 363410564 10334364
498949237 177828 273759467 249507742
96998026 121106 481161689 101619427
441247314 135369 313749665 486728615
321177025 222171 414444414 325606150
283709858 468196 415416437 115290920
133607640 218941 490029361 499386397
325819120 208629 413398806 98266022
248587674 115881 306839971 204044394
414571578 40817 357603108 67954681
284379586 124133 142056038 246201121
162241282 29224 3190036 61655276
470925128 19038 342616836 191530018
478539193 197293 65347312 167890770
465353426 169072 345436572 231798138
97711614 10323 475779046 456911974
4261806 44420 434773048 377357442
216419336 92708 166180472 32566324
5317278 36969 29798609 206903239
321389226 103499 119764238 256847951
250517022 160341 324578362 352846688
285688169 200813 276974185 382359352
468332105 109210 232318046 457762189
213573092 12751 143536338 107760648
401483203 133645 431883436 171769100
327783057 73457 16990435 181158475
273918404 1644 344193656 479146420
420193110 186719 227652305 458960368
338475286 62242 203255204 491594496
122820882 212652 315267905 354984312
387243298 141346 306679836 466866693
255682693 109891 45294245 357665783
213242101 234691 86229228 78080612
267434710 3510 302239134 454281569
230136232 121873 219986903 106859314
248018894 39563 446447159 107944746
461171981 214397 364216085 484756791
64635104 84028 172622044 350883046
360819794 51094 172951899 159130459
304485232 146786 478164385 217410486
499726172 222618 282108789 88996906
30667421 132171 287871666 176422538
140317986 27298 84294128 385820759
331529221 216782 482639150 237126500
250332340 181151 368418198 192613168
53072817 209340 405330657 371123954
227319689 120734 248871495 443303108
155779919 7511 411472506 42895254
398419056 7459 124519982 396286420
478996460 13070 283632502 220638445
14259975 125802 447690121 114169186
438881144 44476 482834061 266054440
435672487 191060 465811948 340629307
353034596 98405 380206113 361415752
174410303 133908 336472214 278820412
170409790 493332 421261658 104455215
246783481 101223 299311330 292901292
368713983 6226 240331576 437567953
2107444 53254 248011336 65296071
272486159 49266 371926120 162255256
279623678 93776 1591670 456717978
431441411 37447 89994159 329279628
156656362 219357 153228237 494329537
125835852 32608 332469403 50816186
55806877 7856 145152320 434664155
216367725 115260 155813964 352198366
55938146 69810 450947376 35400496
10446681 112087 378585111 467085288
489090774 158803 105196275 211406240
433837726 143274 57514780 243387916
88073150 96480 190398320 321905887
417981568 52911 117363898 453578824
319761309 167257 27200882 144477961
454660980 161574 283171427 454298509
376978265 74487 452008280 275303297
211402260 46378 402523116 360788901
88401105 59729 429400803 400230848
321172121 120728 41962276 410953793
141255465 28071 499191260 118568415
164373247 71774 185529268 322224776
251609550 141489 497235570 323992760
407252829 155399 490292065 203907616
361288461 26415 135989300 255108476
283827336 147963 158910190 324025100
33227170 71622 168371845 295384040
466965535 64795 128883366 221708483
103868329 174676 427418792 72395249
176459644 20395 407380098 349202822
123514391 168412 128570584 240624887
234068252 41845 340806634 403710272
334489676 190252 461149415 17452439
120123917 48019 363423431 340485971
476776298 74280 475844401 47390840
462389387 36468 442320303 141337538
339975871 151199 406601053 358171043
126244882 166721 126556530 446843882
271550871 213822 131343970 123935812
194072935 189126 430271691 346622912
245301471 455731 424671188 100884591
343222656 29724 358943764 186011163
34935586 120551 290774231 198915288
443633394 184476 295480522 131280968
449728412 216228 488739883 433564375
256605741 248189 237738358 344279500
55622004 193776 457255717 399463020
467487756 62924 394723448 370010094
479029629 212323 357758000 400633892
416350973 104939 479831860 375679818
166294744 132830 164141426 21253212
471117106 124692 381213014 8050955
438112220 35419 277593693 438203221
328063069 480216 413619557 110700327
357309531 12352 154257486 476726925
263088358 55042 39041671 326021321
174752388 37072 447467995 332258903
211767606 170831 459035375 322657790
17507982 68664 184126299 209692474
365832672 27603 368375432 424621613
114360866 21230 383141536 401423490
391015516 44992 62956801 166495703
60284541 89644 413862997 286959372
463111093 123413 11269615 192700793
317321775 121041 262935495 178706150
453831901 219038 463256074 44721693
217408442 76046 48252412 485605804
369576427 178410 256810331 67497223
134537524 480939 421041789 98711996
71906172 29590 90212956 492814911
34551473 239473 79002284 195759156
132305063 236237 19028284 282679607
216222130 53826 24088125 88833350
40230462 61384 161278476 90338078
107595420 140549 262517823 262302531
26213368 75321 67494512 441042601
491348905 74388 372116277 46449715
474414167 166083 149990121 44114728
263935314 210405 425935035 298215472
499964069 49476 455614641 155085762
424286357 46049 250007507 44022232
404234813 56827 148934256 443616795
428978249 123855 9060761 310042141
296523015 15735 105887788 157839872
397216108 247883 178556085 4796693
261403481 117814 168278356 142379191
475048289 215277 273346553 263873561
163884742 39137 27450334 469920078
337605212 4889 187907081 227470782
364951309 101793 368049983 113873343
398708090 157519 148604037 268632713
49222085 222783 276062270 115283120
320623689 220662 334102653 483392994
183929982 58240 493376974 193513722
89901048 171231 258027873 100555791
142362160 210788 20851123 67921922
73668395 492641 417070786 95421389
355715850 33345 142950593 122896822
400196483 224945 131759659 316055489
468922181 170263 108481060 394504114
396669562 157516 469831518 143456301
34636629 179883 276065814 317825894
470690907 3620 383942881 418269680
129185127 13762 109688370 321414580
338090375 126078 204595902 260924062
387270939 20151 271899579 167348895
238468486 230166 312384843 82135514
162070450 76503 455107175 152518701
255784442 6845 254444995 283527804
8366294 206151 176198610 334113942
249822302 86438 252946499 335231804
342660422 5423 488303688 15479713
115305085 231640 344349034 332633246
147019259 218263 144731393 39514935
159135827 101092 221704813 100657735
57447989 186554 39057594 426113453
387772414 238615 404386153 77755323
373526621 8826 101579068 69936189
606701 117625 471253911 467016294
427343745 135157 463506471 311023437
39770175 23721 445598759 436998766
250882965 50614 331029997 210597133
148918758 162455 55789354 327354534
443054726 195475 366260757 112903965
225880391 244712 72873689 363787497
335970810 29749 330270055 299014804
132345189 41211 220073673 258125757
379401097 109320 191330538 91635717
39231403 67189 168729406 76751304
184830361 176941 281984402 381235220
89892312 229201 191229111 232717886
84511234 496895 424299274 99035738
256501199 152106 204442844 425037748
97656742 154577 23090359 71300794
412403717 232805 264716727 439371400
229626506 222982 255437560 345497012
372006928 93595 386957146 380081511
296937526 113809 467306410 20201331
230277756 174218 232760372 178700603
83586781 105262 105528781 329543213
189469488 70733 171939061 328468797
322614539 23150 293378877 287060614
233067611 14069 40113950 95477658
133331852 182620 87199678 257696207
274402170 496338 418691772 111182287
73915520 101372 365857127 100271697
444953089 228318 81714607 360415393
3104036 86494 477058214 8969787
308019174 156286 145770776 80808606
258801539 57422 135730899 129692152
44026743 235071 86628380 252302059
267296377 452814 418889040 106529411
84232447 193915 273973492 313557350
434125703 231123 251734209 23125102
39502092 102773 490142816 207626234
27078743 226007 65158095 194360052
478933341 236023 437187318 162785790
164757831 79942 50448924 362506830
26866153 467208 424642942 93800183
55732300 201796 237511051 166560229
127062650 194362 163679944 314403322
301241501 138483 36092947 54159812
288104979 451168 412078348 114233890
141476796 246173 264578228 153809985
87266404 44877 70568356 379259564
209406715 227106 107179843 340764573
10477151 486314 427562920 87379721
162606650 6302 323633691 48368879
311432445 182090 194828398 235525342
333555367 8416 306637032 235564456
418471126 166669 336889894 471820240
292443056 238577 498826131 141389247
102049862 23687 144432595 36197524
145792762 184022 457166926 336538561
88211459 241887 409913190 448464983
90199369 161761 481104460 451144046
261393913 175514 454702628 229779962
404877971 116753 108244237 117579777
467364893 24802 367970657 284093608
211315834 160797 284557424 174364143
351367822 41514 41183588 347921569
66999179 191851 55550973 328327432
325967603 126825 422991244 191062316
315161724 67428 126216408 107346521
242133362 146688 223656337 282498465
95696190 235635 256942637 257224854
154679744 179621 34241462 29934722
402159155 121378 196820717 87606010
321387585 8375 215810135 125637198
336765658 129143 359050150 266518680
175420778 247291 104114492 173888118
322140970 189144 72075925 424065715
266903863 52417 141852090 213772175
166854121 88208 100769970 42777494
207819627 22353 294861865 452247218
349776958 192507 202431139 369747651
47498409 79962 162811987 292355677
261557773 17554 77374527 205078535
159187746 69908 290283268 479996476
157031737 14733 464644303 257271745
169524207 46033 175040737 146180330
13216579 230135 19716140 31935224
269267036 85844 148902065 246364133
157487697 457314 431181393 104042061
105751181 172009 86715884 278328288
341834401 118763 139079772 388611262
431674622 103165 215866522 124864181
331488104 144311 431745879 158026766
473386696 162833 666629 6945432
51478407 240541 152102813 33890232
176246870 37247 221819920 101738917
86142404 145746 392145114 394564483
336715276 225213 244629971 498654493
464824040 228712 394715606 311967934
240208858 37304 468165917 144087550
406866524 111361 374239291 238365724
468418263 42997 412937143 489918801
125173998 463918 423426600 101323875
109943634 209804 389719282 259413936
494552194 185665 451631999 404484127
220956139 155180 366318608 102875580
341066240 144450 1409740 457553345
116586602 482647 424569267 101172534
369387498 17787 366604414 75388873
597935 111780 218137456 268311720
91032268 165603 231370606 200685289
463690444 167811 408754387 338653650
402976471 37332 372409137 256129648
288197469 234244 45686516 208602783
474227159 198797 492387730 381329011
170095717 94064 187173682 439668273
242359336 176904 244583436 328205367
126669992 17538 211977203 78007159
237158110 58676 136385092 490508802
236340175 45769 410671869 15661567
463093079 26079 398046594 259985197
133146309 124629 269909903 47448189
84295464 31982 266178710 99293615
205010863 210026 82790430 247457998
318874189 78281 321363987 10544510
95263098 247719 483006491 39711224
121191328 45461 107633415 243032823
214083048 166031 487808094 492613891
474416818 12617 13056531 283572078
474071097 166692 37677675 383383728
443436907 25047 73975394 34892682
171259835 110451 156564 345712813
57858418 31664 19946213 31170253
120826498 33702 244694841 383241838
257005634 131767 57642150 3199206
316237554 580 161022796 389417201
384304659 234588 364264589 423716194
391175101 236977 225862303 308803463
408319298 215258 184637577 77429145
475938124 205926 164688471 13002663
360917649 151804 400049084 170653309
370438075 5481 357884181 311197325
478809488 141135 186711793 345499270
130020159 102391 327370395 498879999
302128303 106735 344037762 449620886
235061669 140758 59124400 281782006
210767139 206723 327016193 250504282
289535944 157749 130111183 304410931
220578796 9443 218835388 40729673
336062308 212687 219913589 84720301
66570166 229706 299192587 357835040
56611208 45682 115972324 304177640
66995447 59615 108192914 321195499
127242702 38990 156763621 310929527
187805172 235036 476287594 239825095
254215176 472647 424866081 100321969
356722592 499659 423183260 110413350
493097162 42484 29214804 51619118
17218002 96087 136430131 51802377
257496054 223466 139124432 246399661
194113410 192477 31849195 95033662
199208025 195723 424854962 171624745
433411898 145498 189384191 177789538
178624817 494837 423083522 101237841
476140883 85291 141440314 14142898
249359603 38287 253138273 95754256
159800152 47441 431190085 378272817
371713096 19278 324179095 211149598
248349358 86490 398256556 360825599
402196978 72291 12059203 455618478
12796712 69916 358790926 326624995
172595908 183689 121607022 336332795
151035944 167242 131529070 448514632
260227396 106872 341160915 14384305
13841988 216942 149894958 221840463
293438824 101705 44523151 63564284
170510307 70727 184307127 127095962
186094336 53310 481354577 255648662
285989481 221960 435793288 402745311
228034579 170138 183561237 35693239
150107287 479334 426030044 103223079
457805398 102094 195079002 402497299
311758057 478792 404143434 110797533
465699606 65777 257159152 108580322
410545539 102952 444654899 123944869
441448788 98272 416294027 117313453
150923706 16848 444613855 291982797
485728585 39751 80673050 430647991
132009510 122300 242955768 62661387
395819489 125545 404120455 106994009
277199410 86358 246849047 243400831
497707357 236379 22219733 332621232
476220754 188670 28651078 301803138
486406908 4450 53312619 389683195
225055224 222198 233992877 326254404
294085094 27915 151872134 174350537
316225553 15701 137188834 412791073
339770381 136601 479664798 459736655
106423220 3587 150964281 220413391
305522195 14893 449107712 191738214
271962311 107381 55760548 405091583
88760548 128490 58520704 232598952
467891951 98834 427994687 423135977
470961620 92602 92712688 89009018
55066520 187793 465098865 384903642
233583357 47031 235034918 146270085
46822457 476407 428839124 95212265
3755673 221550 290188945 54472535
139007556 2668 67143160 77322640
420470760 210687 472801108 55043250
219872333 84019 301385173 287996702
399543556 103768 439042928 151005215
490548864 72630 363398409 157893844
143566159 99455 399157777 395252544
78824450 141192 384624855 484475932
253448023 147985 159665176 144835251
229355899 221644 245649476 2465676
270476750 58224 354042976 157668945
337044630 168536 420673600 145240077
474086405 176157 30544625 360417977
144083367 60295 304954548 157355096
332634340 98091 139870053 26156315
204956407 143592 190430621 333212838
468103850 54807 123497636 138604753
174724548 202090 484258978 101683518
7715773 78000 149924585 159895452
365791956 38458 143857755 106335160
361435642 489676 422676288 114619428
207463714 82635 315331844 19019864
157586298 140459 380606784 431921446
493327070 217647 421210210 208994194
437637060 242303 202004113 58826941
271950110 489655 417563949 109858050
138926012 165172 377846696 406014139
206907351 181945 25484186 476968758
1156661 38414 470601724 237247638
437548752 94742 159457562 300083257
46144452 47759 144167717 460940840
307953833 244967 485029569 316980071
253907712 50797 153585644 295889910
403765767 96934 179091083 375822472
235817032 229371 465094708 59720171
174645855 136159 497223024 443043818
418222794 52990 194249334 269156664
274548489 173159 481551488 395118166
396660882 13534 351013625 135969156
48192073 54220 4352260 5313522
221457710 141033 309185552 55934550
101131066 189942 152860138 307157258
424327907 168209 274861839 70600093
254043968 116097 420578198 221515339
252453078 211767 171953501 136551366
252608763 129876 427655854 406329072
361747974 228027 235268164 54996323
333295435 57526 484606085 226260812
108981160 48507 264483318 108275135
75808604 112001 173782512 290385530
322549748 157387 51971599 83610481
459921047 177468 477143967 215383613
250962079 68631 157281219 415857553
367164530 173832 141914511 425268260
475047927 231570 391863214 6180665
149459146 134228 454205409 476863284
452445631 114186 36744097 282774065
45254223 133166 29828510 280597447
404441442 33795 249075505 88266458
420691802 233202 46555124 108202965
234722371 454235 426447321 94259377
200182695 91213 206738227 387719879
71547639 131792 356626213 476256804
434356667 173382 333268556 103485777
236607429 180058 271650667 368959054
468655015 222415 239272045 201161888
24315699 212073 232475440 268854377
382291723 170682 99077879 43058521
162339914 215629 240933526 435717727
494124812 43203 345042010 317836301
458481541 146163 362484895 147892306
332947048 227518 265563598 112508650
132639021 99649 419391445 46583423
189453333 107935 94511198 223997464
45235182 161430 125783850 195890176
78173744 41527 401933716 410032528
123039582 21368 201771937 266378885
224367986 89840 113871924 463258866
329468106 219215 338459749 366278326
65687351 147662 321220907 357528265
287687485 119506 212974826 488198152
173630616 139880 66290186 3158094
335640364 190615 1144976 235318638
268498110 15607 127115559 291387258
365494244 193075 253593046 215325007
155148436 208643 182520847 296170988
307959322 131361 478158772 448153066
470988459 203212 296753570 373137545
251932336 162672 2157595 487657147
297092260 34382 205113027 465603908
484881427 91998 332545944 48608537
111738672 247042 343509977 385028627
405554956 127751 60450890 53294524
270258474 107437 37333660 196242972
293046588 186037 129980355 288739177
137906474 23514 121697553 495677711
104402961 58987 84574282 356515280
431443554 205525 220116720 83980044
199987798 241249 118079568 85758380
107571066 474195 428469895 97099374
21431445 73841 282343605 370318761
144884456 106299 160963918 229726364
401475643 191462 268726267 330068498
433780311 219077 196979956 482456012
110757203 59645 171782674 290578056
212193380 139194 74798237 340048468
365521026 35383 442907687 201994754
379166498 30669 353859048 334848533
59446555 499667 423996702 96262281
315351192 48062 174872346 117897767
312871504 170020 159487910 375204350
359372964 149144 237759160 492831261
146479284 200436 46957251 70343545
342016621 54842 427621357 191231894
209961244 199765 193162734 324626263
255060012 237757 99551892 248149483
292471523 3430 392048337 57373143
369991803 466288 426843066 113434583
45023771 69287 229826353 158476020
110625899 89995 400956780 158159024
279573711 243580 386974183 211663722
268834056 176180 463155521 34683023
155008389 227785 322261537 4394998
106830664 18169 318559032 79271810
86128631 201063 266886591 232401260
435453531 139957 18816913 316074143
487183123 170564 327415121 202386124
358524137 239268 366033861 293306830
458425951 226425 419801128 181049238
449624623 35470 362365136 440745654
315131385 245329 303387808 332037149
339487444 476998 418329436 111786060
450177369 246184 440364953 282580571
209078423 1494 231833252 433593679
249800839 72975 469709327 495854384
215711413 234321 19216263 398582392
63716374 39215 162361487 159439831
354734895 46204 305691647 323491875
56754978 28543 321034320 274253025
227593689 141156 370484850 471580209
29523518 83630 73626606 173180672
165404219 236138 388966434 346338235
476004978 84524 494087541 90789403
441650437 130112 344745448 353158603
312282425 46643 331161266 471138090
111100242 61361 290982029 177419067
397574326 120567 209761685 54587717
4464429 236548 356040581 235648936
273069699 173470 89283742 17920099
494480850 189633 213240318 359780119
13786610 80235 106244807 67263995
40148180 237234 496964585 98300978
258885251 474099 425118846 104739277
47424159 34978 321183136 176291248
328981862 150751 5453050 183885177
397818394 173352 105984849 220379942
58019623 31268 403754024 336571333
189927783 6793 269232540 266329758
70295690 5033 99601992 357754477
184042754 114909 463734766 84853107
462837260 49900 211479692 462767204
468115305 107599 248826266 30990071
481884830 155990 429814130 429746728
199074947 207420 340733132 169462486
265002776 9745 97081955 10246455
188937820 202794 401390963 238659768
82278666 130442 392552485 121248867
322388935 34888 6001322 235918566
12829786 223986 17096779 71416466
138136730 83418 215802400 82744456
489409056 190541 310275619 318092305
466446193 59516 256760567 31959651
498395087 222934 300605263 313008075
191044943 227653 457766870 49714097
62006190 56018 249489899 298136687
111611690 89278 380504987 127142388
221884306 455860 430181917 100007045
358268869 13705 457706642 85371805
307261700 17093 473375585 389974095
19888961 487315 425223968 94452579
7845840 180950 304678176 19173117
148491675 220378 402408693 2345422
253160719 7537 281935536 366511769
272416414 97070 463538439 178762923
90583607 54173 45043322 17334075
378162138 176746 226349024 387624789
337849373 202592 151377030 315303800
33035344 153997 240056928 324746037
200045968 234877 427551224 411421094
257038707 180460 403161937 189043724
44173954 98800 433429428 474743474
138239277 110202 468645009 333714941
492236433 181753 85761185 346372860
265456486 27753 205980874 87739921
309911920 199670 137222747 371400902
323597799 11444 142475402 9502160
33555071 493042 427623388 90091715
191968081 104564 38834048 332473754
145737288 136414 294067916 256231272
345893451 216074 292775759 261776350
340144871 35273 15212782 475423605
304523356 29042 98383520 432051995
460144191 68753 27314948 181274568
54325712 119188 416033549 297418893
237018402 121666 363691535 312545519
181439196 208361 132171190 252427486
304006027 61427 333293769 228305047
82680015 99054 496578422 34822422
191914953 16405 492731221 373393663
169826811 105067 248799220 94552942
91997892 452180 427114995 99777924
101901284 213458 213978038 211213345
499456549 77718 225416126 219533974
126511240 120484 392382082 209053112
442571279 74488 74144083 426090722
8422586 137587 440591212 78460243
183377915 34507 483540275 377483095
262117204 190441 309396341 168660666
287293896 97984 350256814 143876901
444750251 240064 426049004 368632250
72975318 208873 94233637 450323426
237842503 205977 372975453 94086380
351345508 175999 172969159 11655185
61026803 26103 81835082 289430273
381108912 92171 274334477 470516430
170802255 177106 401275472 45583711
73920677 33387 227541078 31034861
329074628 56708 250578427 346531341
444017087 20974 61357249 199875220
400730753 66828 222822918 217885864
424810073 71326 234801595 251417695
371795026 147503 99453698 426071019
281721497 49674 148865047 303650503
83530882 98799 451292872 166182686
91300487 170279 319513779 350086670
98887500 239493 151273168 54368893
313362925 37748 140135252 215022473
133817712 62520 92676264 463277405
140892038 35061 153309122 474085668
254494569 55938 106207563 405883688
446584935 103492 81785166 296464530
254970821 219016 42457583 74276890
368200258 243642 28473104 126880109
58248922 123010 492606381 453324486
140494826 73064 401034567 212185831
246807211 23865 158225521 243197665
293637287 75490 412111054 389665603
50120958 40192 361697746 300600212
281571616 126372 313789285 23641529
226783094 10382 398893728 135552275
91448280 141576 381226220 447631899
173559072 78808 423490253 161509973
328118593 244017 137640168 162482653
376370907 20978 332066699 263190037
61590673 464736 424006859 98396239
172446255 61903 43494072 290460018
216786281 77712 283913020 466433467
242730963 178944 15569906 431676026
394707170 115841 167804638 174518249
483299702 196289 498195367 221816798
229280138 123787 216090640 124869824
494167159 41938 170894883 78230724
403417258 109716 242146329 199748211
164538273 36756 474740269 127183398
131640141 16200 314018172 975212
308633896 142231 105962831 178983827
325013243 44911 295561315 434841039
163310587 112377 474233150 207496550
214772734 181515 350692354 111047155
162084299 145100 460602660 402067792
352804796 194079 39585809 24157156
272704613 33370 2299660 335272985
114719491 107491 263397264 85602821
281504159 11420 325646038 24827305
434451582 83228 142775570 94214309
324425499 218081 457636884 396375759
462138339 89659 261656531 448371489
352794492 6043 162327065 487385115
73811203 70366 255814807 369269416
137691222 158780 193659984 129267291
44052504 55913 368777404 201200591
373469391 12778 272740504 213502954
160989437 5935 443105485 179469802
83660977 78909 304403215 30850449
267070583 135650 291222075 493385653
29568656 487695 426259445 92714186
75566714 227564 487705176 317521538
435828282 19675 320892852 146437164
271703973 235671 74812501 188435837
299538910 130010 283501516 467752848
310135415 150766 341729827 264573760
186041436 164544 195524436 436106277
235153185 223342 420196271 319990590
187923725 26217 69051371 2695760
244080779 100403 183178185 96718823
335387561 7293 9647074 102563066
103651470 91187 26823172 316967812
48973132 183419 344347798 426722731
339181823 38613 54496857 18752627
228623150 459977 429729346 97076571
84219940 47518 170429534 171342168
284591574 10353 23400433 401499762
201328213 226942 428189818 185394936
284433561 22537 26757902 90712974
241882153 225204 445706347 445938674
150277397 39134 113102833 130728306
975738 204736 299886086 328346097
284151327 44737 286585440 190601611
74920014 72398 209045184 306909506
166886254 93096 280003527 22586931
354513076 180579 318428725 372781673
302714543 61872 422091478 452500165
297595681 156682 197488242 115023737
127473909 182992 85443002 402180412
128121823 182525 110705139 351938159
40996757 8186 302177189 318963896
1337530 23199 62429051 382559283
406386340 115850 273653893 317449805
212180026 198466 480974604 181883778
445172028 195810 251716663 144411641
64677184 178648 218026861 53678943
353413353 140982 32098390 333181666
237119202 11672 394081959 338755110
331469538 168066 202522903 138497809
461977664 33709 163056237 164246827
34168899 90687 369491956 166177681
397222341 76963 398241184 367558952
19931287 237040 498991526 493921526
219019047 482921 427572624 100263011
245972376 119272 372860284 129344191
267444198 212250 476641433 377132065
395729384 207319 101026993 268934454
103181811 465628 429033032 100925490
230639972 27569 264622302 378919553
378116481 181169 303831276 306385375
463222955 211264 429542005 416574020
477227528 59464 307952149 8275245
263548834 127426 317022466 395603645
19461288 1287 289843422 48739186
6056657 149773 245603039 56226905
324875121 193242 184700191 368964552
472124537 124145 443789414 53813209
190239688 179768 183850254 41234445
265838842 160878 299420303 345225294
207436275 111170 304764482 381191895
132911667 144706 317446717 419134385
141299338 22521 376139367 166395585
474701978 192939 318054792 92687465
292272431 56611 96504092 297299594
288547021 100238 426694097 136189149
413793002 77597 205548802 318452464
173031929 68786 133097161 464864589
264866234 142669 429199363 4238082
434824355 66539 103203546 33602156
81668602 21607 73889911 135461730
434444680 138556 12224582 319088392
300678574 52962 487536796 281030768
400931766 195927 496955687 249269319
21346558 212186 249576864 380348937
168671818 110482 46089516 472120017
18096701 244223 342103309 492946466
270933226 132523 465278321 181215179
309896460 161452 408132827 427168291
422363226 149163 467939795 208320433
165039560 79793 206444706 69576949
469184422 173085 206343537 250471782
45625867 241017 445375047 417633795
299270270 241575 252787320 407317919
53614082 2478 338832473 394121760
181390000 247652 141257079 346413559
385016775 158812 81956313 391223998
343731160 188586 331674398 28721067
368675497 153164 251483417 215505912
439068956 222552 59469237 458005708
230157743 463391 428607488 96663838
439529083 59960 320803466 332309929
42254769 495554 425808673 93675028
20474570 39849 29729261 458929062
165388327 12363 330308110 290197564
160086268 50231 378765940 200023944
475566195 84876 426312516 126996587
163848126 66869 455505822 288405877
78158466 2646 494639127 342668500
241253909 132802 452196119 373127411
112244530 58142 354381684 148522743
466608700 15047 38843435 234368611
120384638 457923 425226280 104313555
362663653 83235 125240437 329004173
408281858 75641 442211375 161858200
155678955 207114 135396623 160894399
281496565 105268 496730458 102293607
135465476 71549 241832709 414356898
17803669 224130 139870153 192113724
83437961 169926 340879817 5871441
443517337 42801 327697047 357917411
209949504 495232 424225271 103826056
33904191 81376 353793286 195969240
40059481 202173 93008912 263197380
288399277 234743 472456923 260898540
353211254 100466 41745522 224976872
201717412 175454 208631401 109376757
178828412 208362 110024810 30705406
293571957 160650 16280859 32264883
169942318 58546 411178763 386238250
110231186 35973 494857506 263533912
377198084 207203 86838575 402328180
454991923 98682 229274941 272130733
408319158 54108 194903719 132933668
325637627 160361 377540085 420746901
172361966 122982 303370185 296276581
55368636 226456 126572389 302766216
315514530 188474 413715256 156090277
101675379 104325 234587110 176065833
462105689 211719 229179674 129238504
265822210 207798 54461833 51752460
310463244 131364 131860599 400109494
22379948 239572 493396182 449914021
421058486 16701 292853418 286806108
327025338 46851 362581839 322673852
53481235 213303 54119066 297541413
49898544 225346 396480343 304027077
308283870 52956 194803138 68401030
58548213 180476 407138893 250771578
195000195 85443 225369252 372802547
31687142 36186 337751431 89315244
118461517 211357 288984998 223180293
263686813 468099 420512877 104543686
323406057 4551 381701039 97967280
275959325 61456 310599172 304218009
457264916 71523 6055937 399195772
427924385 113912 123158925 108817736
352791717 453632 426111606 109410823
13468405 13787 243049122 8611065
27396801 219703 468512180 397543609
372259542 207793 346280183 487757072
218479477 171746 111054798 217556981
453900399 146924 272678485 346579895
163503012 94438 78772867 354987431
8763735 12653 287265933 312868762
68901866 204562 106394475 82905839
148950262 115818 54585696 264768385
139539011 199267 12957477 390897223
81805841 50478 297964983 478704906
75434772 131722 122007773 181694005
214878362 120615 103419057 73379139
185222093 152783 237402209 454422763
241220733 14414 373903282 63784471
262635568 149664 401470519 95854761
93533829 33409 177050998 167009666
336869531 97888 354259993 379681038
67106304 40549 493388853 335607066
478570437 78764 396737314 196829382
161789337 216110 233060300 307014113
436391906 246087 463757250 244986121
217836739 189286 208472907 274632807
164867107 491266 424699579 104939653
235353923 41222 293685531 107063927
307050621 82299 220323568 279411088
238753637 452653 425984491 97827813
147411193 150404 230861118 303067200
356868141 176082 305747210 365275266
279672580 57864 352655748 5486101
492479438 181991 256332393 97596721
155875051 66207 312216630 9629381
390852629 182799 123926864 192888951
49607205 156433 446294236 1973456
278541644 75320 118188431 282564348
382783391 128755 32721891 253826199
98802836 463453 425925050 99654497
294257090 13883 403205471 258232931
460011899 25596 460290979 154146821
369542755 118514 226595253 316987244
191880865 470600 422170161 102591561
124351492 193767 426524761 64783297
4380194 229099 495560167 211990015
328498186 122660 80280814 270778564
490064315 104726 359551031 294498170
149799574 156057 76791232 239808716
41061729 31498 361310209 146104494
225351104 50016 310375404 262124346
326105532 18601 362605193 102284424
448416709 168917 180867993 372860327
330475425 11210 405756529 452469003
268078847 99778 102138347 49674680
247393211 140357 406767034 394222453
258484954 84145 87016987 61783698
471623143 82885 431961707 411111782
4641140 18036 146672198 313388241
348659139 487014 423552461 107837391
394722873 170230 453716358 342393405
454691403 96474 135752755 24480113
299012837 104266 330517675 76161436
397305851 48287 432407908 25709377
361474057 18914 374994313 18201325
190931858 195032 205998413 7836169
173906706 120070 63530552 155842193
249574459 458897 426930592 102898175
329724725 137582 354091710 158310306
484799294 198978 480867099 325696271
389234579 139314 433318645 214085986
62195698 243220 361094537 419462579
115372776 216594 191348211 17860680
388282376 14431 316794729 296677352
90995289 236525 111144028 418183070
112281851 51471 238959288 275295974
328921127 219585 406080604 426786539
407805529 25742 187723570 349542984
3056000 466715 428732975 86325591
266019841 53127 262225814 404886910
173361704 103564 476649133 189770666
322751272 42757 143616071 344149747
213882869 204126 322871707 17435960
380964555 139234 274086933 37307580
478295 216301 471240724 226864730
229386886 112616 323095648 478518105
123244983 14554 358666369 63228349
169576748 52343 308670566 495068418
275462925 167069 464252261 49593102
145332083 484619 422690780 101787141
350051256 200380 464160231 217535921
53822603 26886 275186054 90397763
463963794 219952 411999336 461853149
214302342 34326 11195827 162470125
361996795 249539 40873507 389862337
34764998 231161 420825421 194911805
236281913 234180 474556328 44264151
348954626 248357 137163295 93644337
73809120 137930 278775596 95952712
290083742 27928 161581378 366733087
284391343 121368 253035094 352758989
152295577 98031 326418477 304973192
429589360 232749 67488667 47978276
383072823 13324 60818229 77713685
154698415 223273 99684055 93280740
137660300 218334 435652482 458492962
222550430 221510 443299172 289066053
107004151 5797 70076426 347520282
470657578 249654 96501200 435664647
335499829 96932 298313104 145855506
25448910 211001 108004804 451989123
345699519 173654 28086696 244821291
155835505 196211 23033892 473778739
398414456 79414 493917922 440632189
389288802 248658 209056133 250916389
3843325 172802 166698532 448791100
452089250 132701 105742923 475349885
203265194 167127 13639713 63743064
113871923 88347 134927600 417486677
496492572 140628 136159560 497569669
132920838 84199 225592657 324935930
325883198 113331 46242237 311316504
466228855 137453 89257516 18643445
440607363 191530 440521103 124338345
110823884 23664 411144714 32451180
455814160 109870 380063013 429827521
168080806 169545 22002666 367124963
393901784 226807 422809797 303652401
36524901 191966 124819245 298001160
187031870 498624 425121040 104489675
474181795 227257 217095645 466460680
215259394 117010 210967692 21306094
188971230 95212 370572943 404074552
301954550 116014 284844678 328043536
408065107 195790 4831829 13800195
259508156 174993 122713905 254767704
49140100 186658 259207469 57870314
251589624 29561 195002649 318875196
85816815 185970 336562464 24029234
226419199 128549 256780923 25035734
457342920 175833 162283686 394551314
353769460 172918 269301503 287240609
300927640 12847 242665374 476368091
204184613 160585 436108524 351708926
285007140 225645 380555062 297334000
471883255 11638 94211722 122280980
106113603 155073 441104796 432017544
144868414 146141 419988979 88837681
12076194 51890 325164941 398113315
116300011 12147 364149234 464965855
455614527 106351 161089156 128002876
470031892 193333 107581926 380469455
8242063 95251 15947728 53850469
395423871 135063 382105328 372224445
422694564 180287 241880273 370571007
218702553 83513 287773479 238154909
467660982 170055 406149693 145781825
246814105 214542 427921789 58537106
329386760 192882 426406440 50386775
309988787 230078 399563298 476549945
491981946 10566 242360253 353501952
44826367 186478 70703353 296069446
287685998 2230 115845106 119816161
360687174 228417 459945487 265342750
112341665 146290 181549064 201753857
335808929 104832 341375382 22787728
53195792 59175 407097906 455467647
66197530 238539 4361177 278338528
164452956 131583 112234621 190337506
345792837 243955 91204066 170872681
56038265 184825 453040533 453952186
74229492 130686 455884053 145738568
303111429 15000 161890493 218359007
362427965 25041 391008310 197799560
178467939 87806 350935863 80014864
195133579 98403 127889406 385999932
235212388 2275 405706485 188939369
174265659 61656 60046856 353156467
421439593 91102 222950148 478506275
70314464 119789 204551688 37293771
333837388 50765 186614435 348418202
67129770 110512 487606044 445600068
370195655 105592 222149583 386164876
485694202 38366 441377968 211526474
65936491 74632 432125629 7079673
130191915 131141 88347459 30430970
271262149 195312 325889903 121332578
404111699 98960 122921729 472022119
415305094 224069 57874505 296299878
97778399 202248 205332927 479279270
60637646 238005 147024434 157035441
265993747 223839 497223168 198620962
323301262 99720 460923385 427775880
457162792 117690 459164059 280050931
137795397 9397 227097567 183111624
349038952 236075 52238430 19165341
292955081 480454 411980531 118986174
391477679 122267 362438316 402054584
23726379 490590 424910832 90928300
448612682 187646 478507333 373334402
324231221 217613 435139910 300324468
187294208 178493 252890664 392549146
376866400 211178 43154682 362066526
419722270 64461 388995522 79060717
253775246 168733 71777091 298100716
12222995 63008 176703901 481193956
261265008 147132 434819276 269812727
177134719 181497 225721960 213638527
317313595 35418 36190134 63391119
15504638 65718 61079775 26906208
304948722 120690 141683476 483366561
69949659 200711 324384142 423166268
65338767 33551 23631301 145262855
127395975 151763 167903499 325238413
439408017 85102 365030855 155713415
332360082 461765 417656714 110960182
246179696 193458 274193586 286940210
433169164 138053 400535337 264598876
316930964 10018 70787780 173469181
3168392 103832 427020297 139740662
276331435 178708 73810202 34830550
141922398 467065 421319407 99748831
216295832 209700 47811338 192828825
364943312 205525 462697755 274628678
305311806 186023 342114265 393753965
442847128 138046 110142442 307787466
407413414 170045 17134605 291580069
432942296 191884 336680778 473808927
19957062 144448 106997245 402337362
411979274 99280 140203048 157296851
447724213 126118 409199799 6035072
437209523 57546 138775777 172387111
495989736 20740 101867056 332619430
39400775 183172 272530984 91237518
124531879 231987 498342888 13464003
370848191 66607 166784807 299852842
17368945 113025 103370204 218476139
124448400 62505 193400176 404864566
423884213 6420 184151146 380225737
357253028 1973 1576790 63890046
295457497 90840 301936507 257432782
351502024 214291 402778255 104104588
7674091 470221 424964439 87175144
495959247 2706 129397624 85365382
163586488 113711 51121072 164887450
497945046 155812 138982623 489232606
368890073 198388 480812188 104007000
52435785 107030 262514428 353344976
31059143 36573 207083478 462329629
413978351 59020 29576873 187784699
291886702 226398 400808077 281426671
230398693 129405 264517875 215353022
103432799 36532 473250743 193064488
231968721 179060 490737030 223820490
188623673 189614 191710829 184246057
28269126 176833 393467700 371196335
96187893 208413 44876280 442122700
285305749 166807 419618334 434042106
186682833 55451 167652146 164731260
46319235 182830 155721279 447123359
388049614 72135 425652173 47823767
132410998 37125 52544690 492377339
155178843 129260 413539266 50155800
268244135 71076 292177959 297555147
392681018 189318 228917508 458887998
178781968 213100 144232792 180632302
270472686 166818 6854536 314171277
368513121 17975 330753757 484208971
329467669 69111 263930197 346653478
436522593 71122 308437439 389205965
123813309 139948 171995330 173621926
38732086 209136 97384874 423598071
274582701 38111 253817869 274527519
251036877 21581 222271860 23507810
6448598 138994 427080567 211202745
353523423 112344 96804746 80984466
264395777 194492 135441073 44524703
279073046 97579 132804000 221130055
267821264 4617 250295565 420051575
299120959 48631 419722266 188893039
155462492 176663 493073535 367629704
200239949 9310 141715393 159264889
80714328 172702 367170133 165942561
7892542 35515 1069663 402962241
279124709 8204 433116338 489345222
205079000 44692 244581540 69354023
355931002 180586 411853533 236362603
241155817 453548 424553052 96857074
116028686 198744 241080856 359700390
269946725 175373 381500879 304363907
65304730 118119 270386706 350109632
369115636 99013 4495406 289244467
387274247 160189 305018054 275541824
259639253 128002 114355882 170542853
374885246 242106 10567240 444588777
122406045 82368 467849719 118077766
91520194 197505 383081460 37682870
388354365 129166 426723149 230567387
451179994 197193 240755460 363106967
216583317 170391 388316025 468219839
115683090 23287 289667215 231419371
316996171 120528 288555087 70657600
13725377 106879 348290828 37392506
275697575 142311 78123278 262396137
383775605 13241 229481710 138220761
21552173 9902 35807000 233823773
77864403 207646 268726083 386669619
477627167 240713 321416415 84751334
495654696 178684 193699979 52215725
85743548 14985 234613265 75386991
92807569 184658 336146243 1222409
207156095 194297 461773933 321104201
466316101 218163 265679227 176600540
48792433 236183 306524343 271551172
413303730 52302 183919222 202224755
398558118 36229 259608331 216094121
253061229 2556 135046980 384984811
142945881 149704 3422739 122702713
54105536 204496 424559874 275180039
493800160 62184 142059592 447661698
88172754 134470 85193700 414066112
338111285 40299 141513359 242716515
20500516 121686 151338652 17451402
273610095 151741 223924431 459675847
488057659 6409 332276429 431306452
357844042 125538 161444403 492085597
453856139 45556 418851411 312210152
206540549 186157 443700424 484887008
66067809 151394 367054469 39575750
374626204 76039 22252308 455457903
426198711 67543 191873150 448308372
398501379 119922 178605840 251171210
342054219 133518 94043871 195168652
149200736 38775 130319060 354036354
335148607 165662 74259091 309542680
493264576 117910 95316059 64097475
374003371 232339 47110873 323750448
63983780 134223 355066009 421051870
343326417 117256 170353672 60937160
97606991 1487 357857840 242813739
428442041 237667 409626717 84024164
480778408 111356 349261466 154665218
231107897 61460 351188681 95718214
321792332 122992 295620919 126621421
209441059 34060 102690142 288500952
60032576 219594 425749077 100912076
214800170 473031 428652195 103402315
480590490 223147 269816698 338496777
336023243 68808 180720205 304505402
260489052 96630 452610205 167826082
263013245 2968 303002394 218316101
435693189 90194 47149190 260832433
302823811 174998 415727285 299716839
471407519 229299 496280974 309587496
44796276 12410 389719012 136116606
215197297 141926 26488314 370170241
324999446 82401 263506689 199990427
405118222 74760 66303879 330304130
318327544 22588 490634432 352888891
55878520 128150 118589669 458430023
256629947 238373 209974217 85160458
397053419 45234 29668374 15508072
492488661 33760 305139611 455626623
246152845 60621 112554611 74728102
114325486 216269 62122123 57594835
433207195 54368 433510621 205356278
405429940 224503 357207647 217269295
162490797 213862 182237 347956208
356345963 207644 395813575 199745545
475288294 105793 482259512 129431655
57939863 211440 348430231 207359766
51856718 208770 473016787 406607245
494471140 186850 35509680 354547813
106914977 230435 178688921 377715377
105286422 74791 159969198 86523730
251317071 102285 442474642 499773529
146256968 8921 221733145 194845302
355946288 219014 361445406 444400529
321574063 218084 440345802 115746487
45221393 138618 220361916 470112060
280822326 105109 280801557 443029206
21548144 153272 467402762 492230124
120457528 211078 451800010 69565364
325097020 45526 17983768 162169459
47526775 485726 428608388 95685847
358376202 190650 106668615 478269049
339842559 33032 352234693 235742566
11353899 301 103623691 406867922
393531445 51417 170289973 352396558
332150333 163282 372266366 361448317
460504212 81045 67864622 43032823
427489844 179385 138715256 58961772
343240723 61128 20319616 341837407
485246223 73927 303233142 119285041
180428914 117662 485385468 156804262
406934781 101009 473898226 272979545
187637062 186132 88412401 369569060
456275158 222348 101821924 123446101
247056600 55749 195152038 38190516
349100930 76376 440160613 18021359
397925603 12596 54020390 384751236
280276145 129360 390909734 169841170
492455474 26958 17690538 140025508
106754631 186472 361530052 281456437
136052106 50133 471269760 20239374
456074395 18659 458562620 94048477
151277448 14730 301087955 412378382
194682991 231297 196680858 34565198
312948641 126059 311146612 36926995
4301970 20178 393208064 352860772
273160941 103089 203904464 212251922
386952095 159545 13495971 4186890
301754218 476258 408349787 115970534
185444132 134806 5563244 365951418
169343769 138658 114561734 129082068
173819549 469673 423217766 105908863
242912254 126476 395918096 3187027
70153781 166880 278234880 203499641
415386347 109376 301324625 168221253
279936079 68049 166962374 389473661
309835277 142527 76615734 137732848
254517791 105168 143209942 110889716
413717393 198625 17367245 474940997
162198040 143357 424774259 362328750
172962476 211524 76004280 52350109
187181449 74978 70436938 243626179
157556199 39035 365179508 146765697
203756713 32012 306780603 210465068
156358773 236175 162715620 374618644
424148704 69250 27344830 27064960
53087851 91740 220577027 119504577
412943309 44997 407706498 429060930
257211556 44474 494792545 197788499
199262455 212663 363125018 263923170
354697512 210537 178185506 379675005
229698330 136633 144779880 222861748
441823077 245880 266015389 390253465
290577779 245900 52722462 181758055
81019325 169165 144308195 201618794
112142398 66017 261918757 316093436
161892327 482857 427019531 104284826
312194512 144637 129120997 97278991
238595342 232657 497169009 386451869
347528172 138308 312629616 361555280
262969566 16125 331108838 75598135
325573452 154870 291697353 26928425
345651156 50791 231124326 52984253
120694456 49779 251296975 495036135
164350616 42645 441191630 334476577
369087048 169886 91618992 342928089
27576132 10368 59253475 161464139
96019633 458948 423179266 99691913
20780145 64889 139635903 51170088
482799831 196354 492460582 175312418
59683251 206542 254373024 444563688
402477548 92688 272066280 324463921
213378635 113457 454535677 93946163
156333201 157777 372159051 403358100
72576749 65937 479796670 465894957
315291694 21152 173410394 442525906
103911016 25111 472959151 36345575
199646393 150595 183105350 163998613
497153442 158659 25851161 301779056
9268208 108415 246874350 116860613
37274268 905 317645598 37225954
7471722 109117 303835193 273422318
211991911 151993 256109915 58334620
349827378 238438 435705329 92053018
407301047 131330 299780778 127076553
120383412 154413 46634613 300365239
99342702 184955 279251720 396980161
88111905 490551 425193382 101742298
78866574 158830 108371937 31544100
451104840 596 225541983 197201490
82383685 16193 492387923 296629716
169240844 116242 427591725 264154874
116064282 208242 495408019 438763541
131715414 49857 481644149 206585881
145160237 12149 297379707 290053437
56095548 474508 421444687 97061271
314030980 248479 278562941 155929580
125144702 67490 480825760 120573738
144960116 136693 123925783 18770430
47374979 230064 322160036 312943336
161143280 169877 298374852 369190204
160622899 77115 104154690 142545295
381604051 64774 222693785 81992916
356981421 33241 144874857 311066912
161623745 36627 7377581 216371000
302682317 32357 223507670 431123586
308667275 50717 429330848 439382359
313597475 147626 184862268 210632875
3266568 86231 170133029 343747608
406305745 200332 11852359 192127616
434835580 196120 489239790 484859385
179960618 249386 100285818 362571922
328508699 43659 295898979 7107713
327501075 98315 98295473 34278161
455154878 95341 81631246 497678914
309114619 72251 392292055 243854717
145625154 165933 414724181 221859898
60566164 99729 256788303 19723462
81029160 193358 383127458 479844294
179119028 78398 393147647 54522307
52555201 151782 307746948 297797927
281821545 246729 105310646 212460618
343531020 247584 181093550 407928602
319905273 157171 442638422 393521930
284665791 115262 387588820 410799328
79861665 130807 488367128 284103988
354138718 105742 310043332 341666502
467428527 153964 4800608 109646243
48948140 42348 170789833 414664535
155372604 223406 344190645 418559773
242116007 177261 359436402 204470719
329100864 795 361397491 178551145
266038258 180010 404357197 265057210
164915115 195674 53802513 225157562
11288539 201743 366340646 361461319
152327372 169469 459464102 339289790
407793977 59613 351769535 167041459
421931914 238598 194926090 402727320
65675630 192614 286609324 472626651
76809801 196440 218018341 256943841
261029873 17396 199233407 199160537
436836468 38470 493431659 489489781
412183525 120815 114792059 313628412
147996005 149917 99464699 23417379
361539313 182082 438637304 259284282
458279490 103004 197742646 354015024
396692621 171408 91823477 26609960
40975415 497796 425974240 92561243
10628635 135675 140310929 60124596
130035496 127452 170538393 4390925
367952660 247493 309328819 167114378
2002059 55280 421306905 28494070
191575193 152089 227843289 272499477
466807090 103243 487201918 466786028
9422915 24634 52978172 351957964
266712370 81873 479881032 411100494
490373287 72837 2716974 332112715
118359380 79792 189190180 226451021
324826566 36118 13589464 467575695
43124362 35122 358753508 243617889
125175770 34229 185187733 109483291
282578033 137057 148611468 127464037
153391533 176947 402875374 244966193
1178737 99597 163399178 2682785
354240782 230691 469582399 124339979
12061366 145701 400450655 462237548
22820879 173317 414104813 132346890
312681510 159724 122599792 282141755
491228034 234326 363080933 170032197
347783407 3514 83702834 181167562
445340696 205764 42375688 371657847
333582543 113011 390614773 309652100
342568177 27525 12750539 24968027
272770316 204861 155966563 198027752
138286877 38761 372269216 371366348
180611707 101066 55481139 487850918
194853878 51441 139051185 239855262
341196918 220640 154519274 273304882
450786883 55428 440858598 101560773
457953476 158732 276591492 341044016
90978511 236363 369715303 179992396
397760354 47164 353829455 235744864
461169093 191365 240954159 46126935
449098677 208864 459159102 454563383
195054444 160203 47078438 312543022
318430859 157952 91910927 38625619
152870396 463768 428318238 103697994
202223241 116449 102707043 148638859
17450458 62000 123261489 268635211
320592636 12558 86823116 438514452
339388613 115899 420470668 85781341
389354759 22522 151964046 395224983
274692468 129587 442376108 181049264
326424958 43017 427189784 152604016
349747117 182427 79350077 434131089
327477645 31770 487455320 277099842
404191776 243959 116918535 381076132
472557253 178696 54964613 148228803
76627797 247071 374817295 422912431
493893609 168307 21856005 49788872
241369048 244926 165819909 31716892
378647144 172569 259485845 242954209
355310699 68928 64588230 271137338
428539990 206006 108349471 422474414
360836504 230773 388996722 9301738
275967926 185794 120605721 439380999
239963870 181988 390681616 100699947
257233145 25768 259511289 206693460
137052639 172275 230554639 261937047
430358124 21228 404940762 367347138
212692675 209534 487783849 154418378
163341666 96796 399737060 27672250
173518710 237814 314175506 329533206
285339918 39448 422916404 395221302
108496546 138379 20918880 230688812
457984543 232753 222662535 218334481
35494112 194487 127709551 381777308
183189825 124900 258753065 192410237
45480008 195707 167814923 134003387
657740 145613 96001237 287557029
411526841 38147 273137917 183657988
48418337 163143 215503184 14368463
344696390 33079 259020485 485183385
476218890 148976 34943038 31234282
200335862 102378 248409290 289862612
456825520 200874 22613784 333650136
478122720 28932 188222544 123529686
470227223 178773 259029066 176068412
467695588 127919 30150172 473410896
419662390 123074 150934718 334382800
60537732 101538 252952386 259152961
108969549 41444 236314461 290039647
414814574 31581 435576535 315484382
111485187 152893 267879503 456240532
4258217 165716 285960846 80753114
455312910 91344 136561508 69679004
254878740 73104 477443188 285844973
231462122 196144 420928789 44138914
200307661 63729 28988084 400126488
208824512 161345 454257332 417940014
449536060 85425 138521889 277974688
9233420 122308 372108534 339215221
440179558 195709 284919124 485759618
8293127 207726 276387376 236439859
187112643 18342 205115746 25954507
412490362 171020 393924561 172796811
410054809 118948 174032996 254069392
471124726 179357 160576617 107338605
483945743 41790 149086971 124291023
95733933 222003 454122737 434562053
496551420 50123 167886692 494875943
63553129 179678 299692107 472887962
346466587 152044 393224666 187906030
474038211 186869 100465222 412725286
217342208 189491 305777884 7951809
192376560 199596 417647605 238748145
123893915 135852 132654691 92414373
376441024 77568 235514341 423290034
101294180 133586 324676274 265059766
439577042 45309 499867458 196037703
319225212 69767 45906262 359576201
30393748 10125 123189422 231445438
470992004 225800 89794086 395150816
344337442 463097 423086090 111692717
318552058 115337 321394497 158648224
285494757 48108 173176383 187006367
378496441 9360 412475837 77382855
75669108 166283 394061780 115348114
127129163 210240 481337282 461472352
435640305 41558 99901081 214622468
324849567 188142 187853339 343350377
71383910 38117 246615680 56309923
71164484 71606 58773530 185641341
49885199 452980 427349244 96785124
356122628 204814 442571420 174251335
247691299 27674 31250852 225932638
218992348 172027 182743396 121729445
30483702 200446 308512863 182147042
263927231 45726 244288588 338914035
166216426 125025 235522514 36304046
268669428 129348 409378120 137447484
127266383 115009 400091118 117094193
414012285 24152 396071217 45648755
224179930 174290 370041699 338884133
499507325 90123 90667681 268666747
493540537 201444 281013229 229045183
417186375 232238 494825036 456042405
46179894 222168 201473993 88062952
4200936 180400 396013817 285605621
305046510 233627 404919150 140054250
3185464 192593 161580127 473810971
436233418 178569 485802799 109502051
159743103 61566 335772689 124230874
200263200 52872 313020015 13825824
356178119 79463 188646737 184398878
260751513 159523 332346749 124732362
188351447 57269 291409117 45415929
67874424 102286 318902024 178349628
10761589 88851 59975185 102898472
71386122 218370 340918415 152551771
203953562 173588 116917736 29001109
196298552 40078 478661627 108385715
315777337 2091 386207491 141660842
420226176 32765 476544487 319368021
382402649 14403 487013617 487380613
4939701 160893 409817734 431263549
457199012 212293 393662527 219502127
300643855 4601 39562317 438983154
68822320 466998 421542918 95795332
105745205 1104 240319504 186354467
310620986 102070 197682982 361536230
291863954 153455 68337056 207222504
317331703 176300 449918228 342769649
338321294 211803 223147672 210012667
209526845 123486 314301918 380793073
314395406 467139 405028602 112549712
25665406 27056 3337670 108441465
494499770 198885 160664095 105279060
286740685 129044 280670390 11964946
337042393 240444 267035199 144666945
237397483 105269 304632612 152838146
2802463 37813 139743614 333425518
68869209 244915 11751761 347106633
187944979 213658 266229685 256166483
252098062 232291 300864918 97457199
48487953 164977 328825881 337143876
451337785 115182 406221191 463804726
276668256 454658 419653632 112486513
36916007 141751 367687104 326859076
424617840 81542 436971216 262692574
408142134 209280 376056611 359671363
302611591 226904 65097012 279006683
332643302 43399 369822386 415060775
283949399 180696 346397792 497957412
265367239 156381 273784483 121237587
468928468 26494 156717870 264901557
314007154 108043 99990675 240302510
110882359 120070 86213856 214246060
350567320 108047 269644904 437347326
8676100 146839 370752044 270281754
422289321 107471 13635288 247815387
62291656 211980 47848503 306281489
327508601 205315 447606910 68386539
222090797 245601 207132979 239922372
156357784 494860 430756520 104747099
342031148 134203 102678103 411797713
95620693 108009 87988849 68607065
317125679 185317 30429308 234647878
126396579 18467 327315663 122624667
6911652 219699 490280597 453820179
69655783 99979 113441740 152526502
484806386 220764 172169456 124496793
201317832 212044 192807964 43099157
123838243 175551 94144194 484967449
385619261 125873 423190096 304484990
132382629 130324 413260729 267252474
124201569 193238 15124479 76217865
455192204 103171 252705611 73178911
427947475 30607 27968920 240612775
441225479 75921 292075716 339816938
155274460 128604 24417384 464596929
445405084 149127 199893851 178538877
104979383 163002 460644983 19530569
33818989 177153 290251484 242437962
297662201 496660 407431547 119144309
146049648 164792 499203626 308439873
261127559 69627 9159688 487864873
62068741 43670 148406491 182660929
196920587 10953 260623012 231899751
144635194 125054 398697961 143401284
393997511 193989 26169084 276494762
43215981 149810 463054926 299418461
177778268 95241 484279535 452010836
412361320 72637 270285950 440678415
150580130 100416 490789441 463744914
222372467 193319 30456235 245981640
194437300 232596 405248258 174980006
177735608 122541 354861726 124468492
123448821 100946 393731211 59269161
330677591 120630 140263106 370059279
155336156 46820 64547961 20860049
326764528 215745 64618794 81316554
465967918 146941 631026 25980166
117806022 153209 2930570 360371292
381478402 51867 469299753 492195360
57777302 160902 230329934 384624921
46186955 126109 182155944 219382420
120688381 165407 79097312 75909149
118735343 38301 268415258 280865432
113679969 47902 73065708 188016173
330602546 80287 32498493 127244657
182818967 107573 492911195 265354847
442799303 69921 299285144 300161128
224433774 236959 309558818 486678901
