2000
34801140 481338 480883600 185558834
153581795 232326 378435289 230183487
7686440 240270 307017400 408033480
419750242 74384 478056418 369277384
412807 470373 484148199 185757660
252935656 119892 142606211 61945708
115228477 111772 33391805 474838660
245537511 37551 99073674 426856
135207997 64464 442567829 30535038
323647002 68530 376150345 465370173
461924944 21574 208090201 128712867
412095602 207171 171952343 191389979
231506817 107559 391669083 417685429
37443996 468711 480295365 185355145
294121627 154237 325264960 213636301
429155746 249702 176069083 217654102
119376394 100959 151015115 357140193
316621195 217445 391229123 124176752
309003166 499328 492623185 178469299
94246012 488668 484089389 187834275
296124867 464233 493485517 175985502
244525612 108273 54038536 27292526
147435831 451525 486757275 182077405
419607860 11627 113146725 427712016
24019372 493841 482316202 184935641
428979512 158022 250834509 251587972
297241507 87383 187123675 432108429
132586845 495997 484936650 183645390
154256102 148869 73288841 166210046
221813867 133111 369253179 161764620
162252823 499365 486133670 181189572
64502052 496267 480200978 185512594
301952158 470119 492888903 177674530
312319854 26252 178271390 216416741
257439338 477723 487311576 178748176
288167282 202386 495944175 71985287
426206915 22537 119736799 348779032
86868309 198857 356760109 300469486
302378549 465277 493083330 177442568
17425124 133649 47276605 318748292
9917429 113640 327906398 287676194
382245683 53828 253308837 43746979
107166650 499007 483575514 185769910
222790832 203919 197785028 182088777
37220340 107217 61729552 304855606
137885929 471640 486280218 183710366
470858842 241672 364391986 435306618
193947400 463314 486100542 181003835
178537287 469601 485447545 183020364
15815953 478993 482956206 185279184
8711923 141014 233370469 492084814
436346412 166073 97838568 133141633
124856732 464396 483605218 184549878
362075890 461442 490247441 178994900
2832362 88044 53705123 30876252
281096782 467929 487405744 177651514
280663652 452786 487618973 177431613
227750550 467376 484665837 182497822
222584833 196171 345415752 356757952
104990844 459515 483366373 185617528
65817375 17842 307954568 323289087
232573622 497361 485055347 182365222
392077463 246433 183136970 18371643
211652733 240737 424930279 381079602
240153939 469982 484711014 181475685
496792810 194560 165478050 441270818
102909503 116215 309961647 154554306
172409583 152467 376940939 36384210
116864364 458096 483742966 184511957
28457412 9217 52264870 387854002
94095291 241868 453488835 397847060
126387420 472523 483188385 184140307
412989668 174638 158799209 364782308
57171248 63902 82586201 62318896
135542525 468492 485223254 184092529
357768258 456636 489998883 179307267
232156092 471091 485388276 182449821
58213280 464966 480578525 184690029
109135814 479534 483419859 185533994
59075861 134071 365500552 147278495
448496721 113072 35849172 442358676
195697938 477062 484922894 180430947
328116034 452351 489994542 178104411
66025797 195643 440330930 60630361
259464192 481629 486776226 178696802
310136965 88286 388063227 130670986
237852424 486667 484917073 180649420
11057183 463765 484375502 185356761
78642632 482793 482555592 185671429
76033440 57494 467822753 103251628
462698724 164730 47827445 54825007
214010589 474096 484915761 180751801
455174473 143124 173320369 143545170
99963129 496799 484221034 187518284
128169057 461569 483722633 183641417
273950681 456453 486162405 178997871
265925962 237018 478074731 372119056
177243388 78825 388998871 241883145
278878310 481143 487247718 177456543
293088260 481436 492276516 175102548
166731642 173896 310437768 358225502
159370606 34743 254861796 180494506
265833081 166565 32230288 48589447
81799838 477708 482823421 186120044
220059273 477151 485649202 181530472
417963124 231823 276403113 210392036
311386276 81632 176769965 407815555
88294966 155567 299687652 403446743
45388693 186399 390962928 21867613
319005936 30665 450452744 119728392
236941148 494544 484484177 181031528
239408976 119891 101184641 59436652
149781959 246452 6710609 334365070
59276117 481328 481054803 185087404
346827993 479514 489076104 178830296
453641323 212605 102082234 4628252
390684066 9232 429728554 120998209
75338057 176067 398747406 151440659
237357688 498105 484436043 180663123
363801077 484658 490059394 179400721
31140251 13724 331362503 68238863
146954773 464698 486753548 181600076
316395398 473671 491069106 177455673
40092515 236196 266161968 444066059
353731235 460220 489499362 179221924
25037313 488616 482691961 185160708
351717325 242207 134013488 304810141
472680839 228177 72029889 473138494
184713895 244712 232092535 242229070
344278081 498386 489588643 177988188
312897367 58999 381015452 29837766
140540803 3360 70209126 204879571
384855257 216376 158958554 324089935
182801691 18603 248718900 188849510
33332046 452873 481153186 184986566
149869822 494658 486746172 182530379
132141592 160477 228055044 177232912
72901882 451614 482288479 185176383
157969040 216495 35444088 351572225
394318482 56645 284796527 312027482
224379413 475133 485149858 182281906
85477496 473199 484243284 186692609
169097709 64600 233340402 19636211
369935896 124478 442981846 252304184
131988523 124111 236072421 78998601
55912977 480086 481328005 183394033
355150541 468359 489608512 178909534
354087811 473781 489377454 178987258
305244772 494006 492968484 178213002
411766872 195759 242602226 86433361
170261786 6856 299678523 123739053
307626855 472793 493171597 179297192
54070894 462153 480880027 183430043
124468408 461337 483921368 184477706
11530731 468363 484435236 185770575
340075925 224068 219303468 391708040
276419155 496383 487020467 178825762
313419384 171618 477488126 119083842
167952414 452067 485839783 182519159
35045758 169376 37453070 431007970
391766094 234457 375929818 53213360
85284102 460175 484076481 186666021
52520319 499755 480757537 183219500
81181582 470174 482832733 185513704
26333081 453200 482084545 185136877
56529235 493860 481165263 183818294
259118090 487232 486833712 178985417
159111997 498820 486371941 181117406
228290304 474093 484594926 182912593
76351639 493759 482398794 186154030
254901134 494656 487043680 177739821
53895295 54930 212395108 279253324
315510057 477883 491203058 177565959
202970036 495703 484910625 180107009
395605090 220161 473972349 374609993
156436116 79450 160382637 429108098
210685626 473974 484869982 180574270
409698615 48543 59632331 269154712
193198596 480486 486707023 181001756
352465585 137504 246937034 449530198
93844657 495724 483703751 187818559
140785722 142108 481925367 247573154
234433536 480379 485615925 181968231
265149294 12864 468564068 460004069
246270820 460772 485818121 180181638
457802411 190026 77892716 128480598
207883183 108591 267520378 455312039
317644665 487972 490692844 177575505
207003833 469247 484201346 180283911
204952776 493276 484700423 180818841
105908152 484692 483579293 185484017
341168512 7047 473847295 100545072
14204387 490363 483662767 185326861
368864059 2690 16583630 335065655
366101617 459062 490185047 179042658
143898893 495698 487081854 181930926
331410104 454685 489910415 177508784
429534560 102492 193721703 81388077
28214690 138158 73575073 121845710
164824684 495914 486499074 181314320
423828121 3612 222168573 329348952
79332019 465978 482761467 185686170
169933468 144110 213255462 478388457
335029177 496777 489419854 177419617
260330418 453417 486788174 178683333
298409803 484832 492725669 176942388
310882028 480438 492086354 178105479
282085171 481689 488354827 177668303
229911407 476461 485654331 182575807
120179004 83848 79976300 483656425
144904788 474645 486908706 182486783
377919339 499022 491759038 177085731
422726176 245629 3471262 242130479
298108741 238038 303066156 460051603
374442981 486931 490040683 177467847
194385007 490251 486066358 180600412
35947243 106266 348698797 399560532
198861868 163991 319445772 232740243
121838991 249021 338912580 46127494
99926941 42028 313523497 690586
116106039 491212 483589916 184829627
306120154 72602 150874328 108987934
113421904 471314 483510299 185833354
48160370 492401 481253139 182995433
155025998 452474 485696283 182749253
265525735 68852 251513059 81401006
363456332 486901 490297969 179506888
110011894 486008 482684301 185393475
26767912 453547 482041619 184744974
487632381 166087 163004245 53588434
226797474 160079 71240915 474629008
190264254 464406 486303959 181359600
347825032 484105 489374089 178918564
118657754 151757 456077959 257964985
436970565 231327 439573929 331770290
247599141 493629 485518928 179424491
175542689 450334 485386783 184331077
186088075 470643 486258359 181749302
306725170 473135 492805990 178810564
141823946 89835 153741915 231884344
240427894 96786 285967460 29110909
385472355 153366 397869209 148531016
188912834 119975 391248156 254610887
22102543 473510 483104762 184717369
345490587 7065 91786931 387069661
389599519 223840 184433601 498799407
379366923 122982 134684021 18985337
408322721 26498 228880638 85779248
50372246 457105 481632981 182971800
62889441 471048 480145033 185817414
364646613 496676 489627430 179176147
178353889 477334 485353327 183109542
27264006 495956 481551331 184739168
264972791 455982 486455678 178681484
82692118 109900 417195152 264837608
83446929 469647 483497983 186636967
183497811 496000 486166643 182623774
135757885 104923 272915151 151178869
183867887 172009 381654547 255681492
324009333 31941 221319154 316290402
372772987 155923 1553595 48959385
340579606 93 256167512 258488500
174340753 175275 351191852 479983689
430971440 186988 51213791 303920296
206517929 493384 484046021 180614489
347464536 178361 287079629 459418666
287485248 455804 491444357 177114614
179212752 105175 24929705 49832575
358109435 486811 489759834 179205139
221424270 243497 291131645 310997381
102145108 499671 483805993 186039614
350694417 200578 62728402 145735744
155474000 494191 485828974 182433944
14605476 475075 483393768 185194771
192715457 464930 486272438 181050309
318017323 184072 278647056 390218756
142344100 31995 14739417 118620844
243775667 165055 430983214 78270121
78888411 167700 131053005 347759816
267798977 489767 486899686 178835809
44720780 219411 22010688 340503089
27824537 2083 370964736 37660983
4151404 489384 484350015 185289138
875431 496443 483749669 185693569
161522303 466814 486721128 181260392
258219143 483686 487240379 178921038
44538929 92446 236198099 58007113
471581278 26002 229635340 472486012
415603284 19579 397551791 216767545
407190417 226844 189091849 248501331
82794575 472119 483523628 186414571
62580773 172694 15961342 117307803
257624811 156654 486998863 188676508
266347191 487867 486929824 178640920
51315625 496139 481288994 183187795
372266689 461887 489839636 178142830
245527140 121572 331260316 339035930
432285404 110959 425148547 49414415
102558818 24705 92550459 30873092
412776657 184121 255185237 119123180
169998194 492882 486234198 183069834
54329140 471500 480887429 183680886
210390637 85959 446757830 165195991
200850360 456466 484272195 180050696
21852024 226044 179322342 496530593
283340589 481461 488766320 177795422
177899386 115049 56339797 479777140
206072017 478808 484479431 180626990
199178763 470504 483265609 180162447
118584748 95340 44873274 278045379
325452989 495538 489650383 179133453
271878940 485495 485792956 178550586
70735136 231152 30160824 359030456
104638723 459667 483055682 185576098
265825165 9787 359096384 468273779
243708867 496085 484346465 180745358
409452713 143392 106571235 128344744
27297509 208926 304563291 251987718
220735837 450571 486258989 181463699
203688720 151481 390453082 63927134
286266492 1063 348358646 376835201
77568305 492177 482089221 185919181
47684727 475613 481287589 183436626
66936270 499030 481097085 185381852
358444789 113611 325748818 473966021
244349198 458313 484304912 180309637
234413759 218438 235789910 313914180
301625648 222801 221789295 424448897
284522449 210850 432285602 214529297
385021973 30370 107455843 98756513
240439455 48797 145578524 382239236
245606433 480747 485443605 180283438
98186709 243446 76413960 164228621
277938693 481961 487255519 178281004
45806057 160167 63641298 481605192
223705743 209488 364595644 227435252
49430331 462434 481353595 183260764
98630877 126994 464466502 177705724
243038911 453046 484763126 180965445
64020862 481789 480414355 185780406
393734374 153803 496363759 261368373
95141927 458188 483794465 187233286
72833481 140819 212092738 62203760
149222168 236085 423486275 265374156
155325564 218335 210937054 250423277
189934133 209450 17090557 103440292
109238776 27451 274852955 7553355
435422398 123741 90695145 388369388
148609127 459447 486952763 182630599
396641605 80324 85280431 488004283
264756265 456139 486447570 178473066
371588078 492941 489865847 178395161
177277931 463245 485310244 183618557
167492927 452351 485774166 182125293
253158542 172435 272172042 449692191
288364867 148512 419154535 300668104
142324675 499117 486689619 182747220
85274767 154726 211523633 7755443
375563610 220123 3804400 208376270
20751480 478096 482939579 185009208
352779729 468906 488838236 179453706
73115760 456182 482138779 185240561
315313427 215241 224832631 97579041
369965348 453880 489149404 178675764
193619155 115776 351583939 151151161
74464328 484640 482028400 185633928
179319702 111220 300991617 173712060
118511442 241679 206147795 28294563
132879023 453489 485141521 183732696
223677333 151871 436381744 454140784
89672343 61443 194676368 467214121
68209520 474160 481814578 185183176
380725958 85175 183237248 63143827
126032927 469928 482957753 184079589
292627839 476735 491968214 174950430
265910711 81937 61202579 257238958
222975544 488460 485740390 182142671
60046689 161881 448058692 400152231
152791827 497641 485927398 182715929
213595682 465165 485203083 180879384
232400398 113090 333159245 353935008
107000096 143824 452907035 180851780
330789621 473302 490012639 177478539
316683114 466195 491165295 177647198
384362074 215927 2590342 472879229
306370136 95398 294765044 199852403
127567799 129676 489733414 171815324
188473859 235951 90615937 350018000
432683964 197755 402049107 377896185
275261990 36199 210257924 1444730
329346350 454585 490130431 178426372
381277088 117465 153537577 346710037
12579778 480317 483901508 185255259
262694571 464914 486994840 178406007
41977608 204460 326343928 494052367
242337662 486303 484538289 181441855
177865018 488836 485366011 183087237
161333879 497364 486866928 181217768
104738522 149892 244781596 19753625
341606192 456059 489457814 178887066
127722985 454542 483738918 184071202
31868905 450333 481304467 184794914
200132094 469357 484006467 180070292
28961332 496987 481720069 185743290
204475930 497231 484609141 180433277
35897237 140967 373415218 371330512
59730174 465393 481060546 184639091
365840666 247343 414935168 47122419
173788584 485248 485225868 184330442
171884121 477672 485497713 183199657
128278061 120298 238965638 216496307
186563549 456987 486699646 181715115
229136545 493346 485381879 182853308
172937507 453208 485493156 183964639
5347975 498501 483756000 185063891
82078115 18328 98300660 158166618
51126784 469004 481420513 183245116
221959157 464149 486321757 181723882
30714278 470500 481843078 184992657
52947481 480370 480630169 183519293
273044879 455548 485693542 178632793
378428017 479027 491711873 176624224
85249555 5742 15329424 388024471
5802533 491319 484207993 185061328
81089714 70092 428950303 430064512
169062654 462499 485818225 182610627
45859998 233760 273426790 444779629
287164197 123961 203036373 310487551
423248785 155788 27475079 48276100
342485427 20514 49996856 322070084
315680633 106314 220573161 32563615
191907559 487343 486456608 181321769
92768214 483556 484380999 187824158
407194892 61981 269729446 412612083
192267864 457555 486100221 181325684
138629615 50349 452268914 350473001
230670974 132234 389499268 236605190
109571569 494945 482987199 185530902
395274727 140132 251679949 67523193
426226751 82973 398682238 207720808
377065550 465742 491248875 177424298
272755348 481626 485783666 178433388
297463652 481536 492441572 176280336
365305630 459264 490178820 179148628
354062829 58655 43907153 370183789
50808952 213935 353161574 279730395
439289180 58804 326122147 182396556
310037988 146162 164542256 258995988
466897953 62291 37636703 466236899
351154358 480009 488439648 178811601
136645199 222460 489739974 154431557
427435122 180471 307735261 185396032
188917212 478507 486311158 181156267
411753544 235688 443451360 454182089
15010907 483066 483030005 185236439
118723363 235264 206230346 291907245
475170229 217937 237109552 330680492
235230589 464265 485268302 181709571
37940408 495871 480783992 185347362
233044196 460805 485315823 182155125
326830321 451502 490251998 179050731
258472136 202228 99487668 82023363
396361750 149785 122725591 144066581
136316063 456099 485720427 183828723
288500114 143658 37852370 465529075
271868545 156187 2996350 373486866
22352917 450049 483323651 184685887
18860576 460940 483576000 185000875
254478415 48762 482978191 130358431
395224026 72487 66180948 265686514
98755404 465916 484185831 188336573
15397903 454640 483032141 185621299
226118462 460482 485407505 182520809
45843289 480864 480995160 184724199
123158377 471208 483473001 184578706
111101730 87449 128993312 222151510
288479552 458014 491125810 176716685
4218378 12125 466651505 473875479
264452878 451981 486296408 178625289
223125048 118461 479842839 248440403
77020247 78865 355921147 142703762
64799031 473686 480200436 185216159
298211584 57527 205651106 404078112
63081011 135431 26056087 429246388
215174108 113758 270913703 497787718
42140326 458938 479578645 184348519
46522956 36348 288979775 174818022
45050268 205090 352719710 241616166
54823828 473656 480953916 184109086
60401729 214742 2194179 63292475
108099920 202852 293253287 371273589
74421681 162387 82328443 474023434
298623390 63345 401624871 313963661
139396093 465922 486423732 183093267
201598033 493992 484169769 179909367
442056729 45826 351533575 332624894
24286621 460591 482374893 184727086
242563176 498152 484643678 181321732
83941505 478571 483475041 186165334
336674566 474578 489680810 177370156
224536288 462507 485134695 182140195
349635611 465521 488814671 178150314
248760567 476377 485618639 180447996
143537429 453167 486756078 181895241
263560463 93945 271881305 465408236
268756255 478708 486239135 178800989
342822412 77149 158416617 272576411
342854142 468437 489701749 178638703
358525177 483313 489729295 179590341
492453803 137554 20185092 181216828
168439183 461179 485681697 182847842
219920117 492056 485589498 181451023
387892692 182449 287769583 107729970
357275794 153473 195008176 135068005
202109918 19111 5054441 390216901
166748633 477186 485749068 182044521
455806884 49463 196983918 374930962
339655029 464360 490018245 177844658
177705154 455658 485324994 183206084
387431831 80717 113531115 472056445
212422151 238764 329191960 82175025
360008178 483039 489654483 179527112
264194581 20635 71010733 212015918
488382240 119749 200543704 350674303
295408273 455001 493154081 175600347
301541713 484341 492827782 177325209
373171235 137731 461714227 380937018
282871604 478752 488774704 177334822
325930731 489120 489783586 179477992
350027435 464346 489039382 178317424
250316783 193505 91114723 29511965
470128373 139219 24037557 157992256
139705235 209105 464381596 360855105
253924390 64573 431765278 317901582
279991487 471056 487025835 177479923
49014893 475274 480970181 183228742
345116930 476368 489713408 177961348
77088365 497003 482506288 185856310
130663585 467257 485058084 183569291
310705606 459924 492132964 178235290
214480442 481208 484465620 180771512
307726006 77730 62306860 333798056
268220164 480127 486644272 178670039
256193321 474837 486454988 178376961
248395037 480048 485505463 180195643
213395089 461104 485394958 180888100
475883006 24836 355494692 306427034
226593152 476770 485235511 182823502
118142576 455441 483455798 184867267
371257088 459279 489615782 178314238
135286679 141863 175932830 490775942
62234161 57526 326478263 313507694
324055634 140512 153211213 137815239
370406281 497495 489565145 178650574
263994984 494821 486064536 178399269
135295389 222224 186231132 24851518
356821431 456486 490316194 179617045
75101248 119441 98997056 259468954
253107851 467853 486816196 177921399
411572631 68865 42449607 397418391
316556647 168572 199667702 310466507
146686281 481100 486607439 181477693
388592497 80368 396771056 62468160
137072733 490365 485768996 183461489
187638311 484319 486955896 181717733
170561977 3380 212638563 214450266
207406378 80848 469530530 159724580
315050531 163158 139204583 373803579
354055572 131107 311065064 437360987
200523872 110341 353987113 384998119
254918422 179722 197330850 133517824
42130912 218865 59888802 470277456
403131217 101530 241234096 91482553
95636567 479763 483777912 187711372
3672168 456388 484794215 185324172
265085718 29686 266163171 442447074
495863102 232250 365816071 336563469
387012185 182079 293406416 410885667
391413314 64140 383303524 182378044
355998048 463754 490442084 178919556
455572842 204989 99003275 249352148
233598117 172468 19215790 475357230
21775168 454582 483199553 184484785
5168052 461176 483658329 184981640
86525647 159201 78414384 75280710
79148853 85275 398408655 203427760
281624188 453021 487905100 177679559
84802214 481622 483611423 186649194
166275887 452090 486173405 182092930
263031784 498052 486839311 178587691
153100970 148637 372431726 238353467
103316275 490385 483359121 185879866
59398560 62230 220419151 381983262
211498065 458453 485170813 180142107
323614947 50443 272626644 351130843
154915787 486149 485794646 182737407
32265919 458109 481094370 184981829
204369445 89691 318951194 171729169
441188224 141127 201536478 1939163
290910705 49125 177440330 445611323
79320014 124460 318794119 246572684
38137895 490223 480602565 185363422
314781380 192949 266941594 294795288
31868421 10282 318651497 369933096
125841332 471600 483136006 184092930
361115621 155183 497572900 275505199
410966687 22574 61127630 327383397
188096719 139039 248961327 226572773
459322281 56151 372975783 306907651
351444281 38833 177110030 149223614
340886607 480543 490086129 178795800
195357310 497752 485124695 180569774
301284323 487863 492808221 177563038
33602865 472701 481127959 184740977
351727356 480782 488416047 179236057
310445752 183806 64429715 287817535
25317794 202306 16018951 13838830
432556834 64876 294664640 463120110
221534078 465048 486082598 181537964
280468981 486505 487487971 177495280
216183373 96767 189891132 94147081
167173716 483593 485776907 182441762
17956878 158170 145783054 131123859
89132059 59369 44547756 98232270
176198855 464904 484963580 184098115
315964559 484686 490891087 177708490
274595340 77289 457175894 102960903
269633049 8305 192448163 398998092
289288845 87729 88055012 420203932
285294006 471065 490034849 177114911
298762741 487087 492641892 176673228
385754359 101307 469076441 433733951
9626532 482004 484614198 185664395
136021351 459190 485695799 184098807
359572689 481626 489825140 179791942
193558800 164384 239951903 112678359
360492165 189534 276853567 268586118
35565356 235748 279232394 65526339
487226259 151783 63103540 370665821
132106778 461118 485089217 183317891
88814950 472305 483668747 187707354
408646935 110827 470178330 89608118
186480722 109069 187848104 13823062
70526710 84400 261079824 124872360
285759336 458978 490406467 177208621
12115555 472808 484136822 185484168
79338429 116156 146956714 208250312
93775269 84128 357514202 316029996
8397261 209061 441514973 342113410
40781029 170151 192237532 261476872
181845636 491427 486035838 183381349
91117624 462250 484643277 186977131
256571341 135884 294294280 11252555
225834721 495243 485274697 182671740
205758214 460743 484651986 180768236
183014149 496022 486156134 183096925
370234164 99646 352698503 398895865
145231449 27253 139082197 208700581
319641722 155955 430671637 265574388
68602250 486918 482181932 185157800
66563632 249176 420399830 485324131
217935315 192688 487029141 349576863
134114146 70988 103740165 18711763
345824730 7346 30556983 401643419
380460685 58518 480952984 361786796
338723305 497597 489922582 177689787
9215647 455375 485017454 185672024
306307109 460623 492445823 178752673
356377223 464282 490408784 179265428
121421248 243244 351326222 421044889
341575190 7216 94451818 279835021
225581983 148288 429353213 276792281
4873586 480712 483779852 185154581
453966335 170420 73896300 397525943
176530127 158173 365013692 3706392
101431781 470138 483934019 186377494
276743209 474168 487156483 178637724
163926819 232434 471454418 433096988
126738120 463040 483469597 184209795
59918133 62971 324459462 250608095
463783581 243764 66071308 473318254
29527499 218501 308346668 481120147
20301547 474588 482930441 184568415
283832970 492890 489021739 177558463
272935269 9537 38353933 82180843
334896990 120325 188226184 58341083
185165295 491357 486227819 182220189
367319504 490173 489788960 178741513
7585256 1167 458433281 382702885
142044067 80513 407729603 244219786
321721964 481307 490323616 178057185
219673289 482952 485355795 181464145
440951540 54082 31579408 457836797
294435144 458531 492609055 175853177
456202768 55314 15889307 265106165
128806748 234537 446022628 75537973
412589570 61331 154303360 21361827
21565249 462793 483109279 184365141
464965809 108904 271549161 406952453
263309459 101225 285170994 477273295
115626812 488250 483576889 185295825
292420670 33178 112015364 411757342
459469715 42237 206107789 32839011
340428226 485140 490192402 178443695
380239773 450656 491267521 175737959
141228764 459685 486013424 182719776
371697804 488753 489759827 178398867
296829434 245011 444215304 212820816
107292138 82562 333719071 180893538
246744329 457274 485814775 179711478
205405017 470824 484602375 180464650
119632979 94329 64453744 305241676
325242721 451572 489775143 179047945
101060248 471980 483921465 186736470
323571778 115855 397525403 81582505
78155136 482619 482076087 185663440
37739054 122878 59507545 92634276
57896707 482226 480821927 184616858
38349002 480255 480458853 185296028
256457911 488895 486513182 178583356
103975579 112434 191581386 317612489
8030585 204922 249794819 392488966
351233872 124811 125002685 162295499
209789780 465550 485171187 181168910
241451569 450859 484817349 181986661
10117883 492801 484160639 185626604
485753605 90888 429944382 438563979
200621123 474850 484488664 180063462
178180159 133112 454549695 250596700
459869608 241708 251005674 104527989
123532286 458193 483279785 184398013
149816141 37399 156742264 185371264
322178844 461637 490287690 178478138
110898568 450848 482438558 185922758
182753392 494772 486063796 183265343
250169718 476508 485931992 179548051
348613821 459465 489176321 178759556
303091435 483449 493105900 178083333
189833138 469283 486659778 181434896
78449357 168977 27212266 323449133
188057384 54226 451706418 159434102
29385102 205189 287016381 464282563
61560211 455309 480691373 185131193
346382923 450389 489037621 178423710
26637803 65607 188059247 448432140
188086315 496754 486520427 181730267
250531837 456614 486176493 179430434
360936019 461887 489879790 179029240
337572879 458380 489779450 178154857
907794 99585 304647435 33903186
45996219 470118 481089435 184665547
209462020 83047 252770597 138625066
165288726 454994 486611128 181666305
62483317 455039 480313898 185580155
459049324 14606 149604021 434972539
109473183 202826 154338902 116405156
378830042 188211 459063341 431295756
212986375 484052 485536910 180621340
211939832 482190 485455859 180298826
256959919 52010 179722415 62486563
355346931 71987 20675744 178734608
139535828 467221 486522035 183051835
178091960 486686 485418254 182912541
110410636 477585 482506830 185503100
27733703 120790 218858892 168064788
114374365 491623 483441761 185529775
425003136 201917 413562779 35387857
285803515 14272 318395084 335046322
48819793 7975 25431077 313705816
349995636 226753 487589726 349595787
53428885 486204 480504449 183163612
6216964 483722 483985336 184869555
243472311 179766 472321864 25579200
228762613 248730 135394122 110640332
50960893 44534 402191353 184582644
57336869 174391 388386690 298654168
161987331 482092 486363042 181153452
319416576 114743 132335141 310905937
77727282 468790 482110307 186057072
194473502 157850 494943733 94595614
286297585 112946 381635502 446895425
355104315 458938 489565235 178912483
368651285 489869 489829843 178432860
213718164 465660 485187174 180772813
259333643 39565 320285804 496727642
181270269 458844 485992180 182957720
269709644 462949 486351938 178769502
485345591 104526 249824557 71894035
210668423 7169 250620965 205031471
119286688 12409 159813341 75485888
338039915 499242 489773716 177693558
225342325 471137 485179545 182274497
349637682 71476 486934917 448963018
376141875 476306 490883121 177894140
153067931 222891 235566949 482358218
291737677 459681 491811035 175079982
30092965 493276 481495080 185265968
125776908 3984 187441371 80414436
26777119 247950 322858746 53052190
265868810 450245 486795258 178297105
373066519 61621 480872132 296919844
78916114 60840 155344684 145957890
74910748 22419 156070911 380754401
146534940 134156 169423425 15810190
287863169 492152 491450439 176742777
322634677 470167 490014088 178660366
217092922 485220 484137898 181149073
487488259 145296 332517502 133620737
254517652 471510 487187021 177979960
91501774 467273 484767444 187237111
295996590 29594 158407138 276224634
118843507 44119 241444070 393616389
303522062 478071 493079731 178487791
276327590 44166 247214296 346072099
267656366 451354 486804017 178882749
43898817 96139 423028598 348598875
98320444 78937 342060751 260839573
17755038 177552 259525090 337786811
269966927 120467 60976578 324916865
3537315 206942 307832911 363089052
131467971 470453 485471437 183227340
56286356 495006 481342631 183752784
217567238 481111 484611308 181149978
259066862 29496 346050552 490610509
319562496 471586 490455789 178266173
99640875 480682 484156124 187775628
179733202 120449 481753883 294184025
53894261 463172 480872365 183261072
207973707 483335 484029792 180494241
42877419 470752 479497374 184546599
129441437 20355 26949683 35812539
139931507 467802 486185303 182992889
266838196 495518 486442927 178645025
67716771 455165 481375275 185129730
341249659 453333 489753335 178826055
90880313 467694 484475117 187046279
34896327 124290 240336671 369633362
44945318 461253 480322557 184498834
95222683 50311 244248557 337082065
96131627 241334 231755228 84105865
260794886 469907 486325244 178684868
8718343 464211 484979531 185212644
126320152 459987 483219954 184104610
97494982 489583 484000638 188218113
317466610 489837 490846860 177599541
228689640 90710 414666775 262505363
302708335 41410 494168489 82313922
164343674 469698 486607255 181340367
354903885 467275 489484371 178792917
223444534 463512 485344653 182069418
153676555 489671 485770385 182669378
250978060 492734 486062380 179098325
111058226 42762 423423476 386051191
348580859 41530 344206101 166442116
99573643 216309 128389846 120832806
345037954 16294 440177699 17838672
144671429 69865 281066279 466407311
39669403 455263 479992891 184969535
474955130 57970 91465461 5588147
36646817 490953 480494595 185532190
111810953 480268 483081217 185767950
240499250 490963 485035920 181455282
288088957 151042 476296246 57751725
85037586 172990 55926547 101234110
197162005 498629 483877852 180359060
427303219 181744 248062081 345054329
482359749 48665 42953916 100581057
360233204 218292 483987131 561636
38626656 494621 480394580 185082650
96221283 485832 484102317 187730901
263178662 20976 155358115 494021943
313175065 49273 255314077 107249444
72470807 483935 482547676 185348261
251791662 465559 486060633 178391232
190645401 70649 211760179 66150856
174858554 102866 211315679 409556020
86603680 471779 483802768 186534949
96704106 489388 484194013 188122026
372150169 463796 489949669 178136345
352340946 463640 488485308 179367854
430526877 174611 33596738 401338714
133714789 450066 485556162 183978277
363426389 159820 441385971 181403306
252743598 450533 486585773 177983252
324762153 470996 490214006 179006242
434847945 143092 366411012 151766698
397495401 136469 462221970 273038685
70149571 467387 482040816 185606365
174741935 19352 362272287 258276448
194055304 205592 406316383 269809595
43582778 499964 480084252 184665080
115870085 33648 216954054 439392289
382638932 92323 301863435 101239881
369089550 475703 489878639 178822326
288346722 477828 490998026 176711640
358898590 481142 489819557 179873491
443718942 145029 219075850 336577375
106751841 120216 408987919 104142316
191499228 475133 486388121 181661612
19876671 493389 483011983 184911745
202480312 499152 484545329 180231434
83543366 131819 125561043 14737585
67404325 64403 148727769 195263452
450518690 169291 386891523 281532836
493987070 164382 89942876 179089913
236498502 461898 484499175 181459176
361774340 457584 489964310 179013316
346976829 239652 428580441 29573301
84284126 457190 483596262 186386733
220732532 40797 281946644 232071868
103555434 467777 483362542 185644129
167733207 184445 205406275 449591271
172440032 470433 485408612 183551711
184858646 488255 486045036 182096323
180499104 466277 485482983 182695755
128654808 467362 484207043 183642758
360459984 484236 489982120 179402944
98788859 141614 195005822 222597497
330293459 468251 489983090 177945151
33013048 498378 481028321 184792434
134103133 454017 485572823 184349957
119264046 473705 483237196 184999921
17585577 497020 483596984 184730482
375373667 108354 353792926 89614079
44538223 469576 480238977 184422288
403543444 130511 70520072 100041752
294184901 247004 497489475 11507050
17228837 462412 483548985 185039222
136326843 16727 66600591 222516655
128233330 156283 451784392 448587344
146977043 163089 144719882 452712184
301440795 199180 435674671 3656612
294548879 211004 51349553 313295864
468324285 104921 335298830 151042289
187521500 128600 26675357 350508362
207050709 234737 223166501 414599214
250040839 132024 298908256 354041266
117693123 486579 483834148 184796164
279557532 458898 486712653 177600696
160171410 21062 484227145 59727308
180363623 186470 85956197 23704591
28507243 463485 481296755 185712516
95327614 89369 299551989 437465031
323537681 493925 489708269 178648063
461622149 36058 346407217 185257615
172335681 467144 485455584 183609088
97013140 66863 427144461 476055019
56987180 497841 481160538 184271514
331166097 489405 489751063 177593437
375282785 463172 490537950 177686424
223903126 472458 485017184 181938296
100409429 497316 484108629 187184390
385571914 163950 105620368 163606050
238214315 467412 484889555 180983793
150890530 450405 486390615 183195525
359308652 227716 23341994 362889118
49285098 150436 24051939 155562992
75859141 474922 481945209 186192940
347106508 496228 489090885 179094029
293749162 463073 492294493 175629694
190833524 139096 212455288 40899172
343782316 474585 490010367 178062229
379744454 491243 491342533 176158263
291567069 58604 344644288 160751161
29651244 468804 481934726 185268041
423798406 129011 127379912 441334555
284317994 463075 489490148 177541848
315096760 484178 491533921 177648390
88349087 477567 483990647 187851315
160418138 489231 487177281 181457508
475197328 4419 347591208 328816726
443878983 196923 75135031 441081717
115053561 491441 483873567 185282388
174964166 456325 485497456 184204944
378883952 478933 491758440 176214858
43790069 486423 480002061 184539982
196232385 213483 129471524 280976501
162502670 467308 486190545 180996600
141382794 480861 486138370 182690695
355611960 477000 490057952 178921511
191228949 150481 197349741 149653880
230344939 238251 285131432 252799611
234813143 89892 215641625 263460553
69529072 477714 482050941 185782750
306520993 146256 413624753 359076163
351529472 494465 488502116 179124245
212184918 466812 485530408 180469361
27693511 472561 481503114 185120455
424198313 16186 1592038 463405960
154164381 489404 486141940 182785646
124022742 456029 483583125 184585126
168906826 235505 21542950 175389616
4763928 149192 312797048 279861328
242266701 450288 484600104 181432709
471739474 14489 114905745 105229081
9776820 240953 50307046 469173220
9119023 69143 242345963 254954713
427934117 221178 78727021 306056404
171448842 487628 485847062 183285587
332880643 475349 490015702 177295220
329515646 463186 490267714 178394359
131142339 454371 485495977 183528430
151343916 465457 486128539 183386832
114230404 461165 483330084 185562056
269278236 470966 486240764 178449270
159433794 464723 486613389 181037057
299098550 86523 481651068 413876839
50739611 179705 128231332 82028030
46806965 496309 481102711 183874687
320060512 453354 490004546 178219401
314877303 28485 224763005 60711150
130487806 105486 28157461 212809027
40507344 463263 480133991 184560968
68186687 120570 90207119 493869744
24766494 486716 482461939 185119911
231104436 493735 485491542 182501673
450101025 146997 288046608 496869815
29970327 77398 96889945 306066620
469030108 14288 174551418 2191712
329010457 452649 490142454 178102505
202065919 475862 484621927 179893641
489320146 76938 218651290 397239879
275637987 464422 486884056 178872592
217595881 93616 412848152 264016974
81301899 492292 482822121 185623406
252817501 231245 25739394 440631883
25851748 453125 482559425 185130427
234876543 487782 485228931 182024243
442418001 40831 261103968 324385729
201331759 461202 484184084 179657410
472263528 213764 239799664 310905322
260408312 72632 205005995 227073038
477595128 189530 249123969 90477966
318188686 181954 479843518 353719891
4386674 477753 484258032 185145852
173291878 454486 485247778 183855648
438877555 68968 351838004 179718446
197654075 464777 484350889 180378091
290886040 496431 491418190 175538770
335109202 127057 43211627 125600442
314158611 460627 491433416 177805712
175998131 461299 484986020 184276398
321284493 451313 489984511 177958822
458696728 233653 288356875 128638420
46484201 468759 481086131 184180869
226109401 472344 485403010 182525374
299703929 457843 492474997 176836667
486111780 237333 50099471 394171280
347590149 152092 180312425 47366988
357291078 473081 490350251 179181457
178992040 90583 125464507 260289362
18396801 496423 483112783 185000317
116454657 477242 483886766 184777862
244626810 463869 484582210 180309949
58466064 495079 480760973 184760362
90604093 219753 109388083 497205729
357189362 47829 447673088 396934781
327009606 84458 346511790 163209984
161090933 53522 313518544 7048333
213743671 194628 256600613 307945457
327319114 462700 490292963 178602906
147913846 468391 486724995 182523139
270109280 484209 486583203 178937873
151218153 128729 259739800 133716300
282446364 461095 488366002 177318285
247241356 490133 485382940 179646288
374927857 465225 490463580 177405868
278472122 189754 73292842 287208190
56062364 2220 149533768 164563214
11960723 472251 484185655 185590165
142755938 227844 414172901 230156101
331951188 493728 489976929 177243404
251733831 247393 98819931 345448511
93193801 490008 484010093 187769477
274336220 465797 486333315 178783245
281355119 457343 487650800 177664793
201781154 90298 333691323 485830859
257728752 506 328863189 499157844
396219221 23217 402552787 467565586
118489118 454061 483193134 184951145
430815154 238830 35043585 330558695
365846075 14345 144915537 378393510
378412504 204652 251953250 140374457
247017078 82704 410706270 256444285
126974359 486205 483623514 184127473
98300967 495624 484574331 188402510
170160236 495303 486282250 183183822
144705386 13316 299526941 123723449
135069634 495871 485235386 184553286
301648317 211772 452556736 130755944
316585496 182343 979441 226104007
23179089 97779 11367133 291152562
94934975 102972 497282991 395882359
457397378 75967 54930862 374494963
304966160 476858 493180754 178146661
239790221 491053 484736222 181137178
196551527 489057 484160683 180522322
273159751 474449 485801225 178639982
171198350 193700 382125750 485560255
261599848 491721 486719237 178273903
317445407 22685 401104080 164851564
227174486 5024 288709058 43459861
32729324 451253 481066202 184546594
262196357 461645 486972236 177930397
214211932 207752 380820403 141408068
55418196 466130 481323182 183883988
199121239 28683 356379583 434659909
121088408 491349 483087239 185280696
181533235 97544 134348824 123376108
215832406 457194 484298813 180888807
274754316 472385 486604959 178758216
296564938 8721 291848751 378490529
92302877 167208 128598971 120845328
250897078 9408 474272878 198017756
312949938 475258 491657519 178658913
328525820 469063 490030120 177730205
428132994 153863 148521238 113339802
80691430 462662 483166580 185670008
249238281 490088 485645462 179997105
83062616 158453 235545364 103134331
294491167 30362 86605471 443694223
108207665 479937 483291981 186181347
122342259 478732 483725295 184820804
266869491 141303 247405957 299947298
318944124 237242 128186622 392602463
332409393 499253 490319134 177127404
182141253 151735 343812675 441268346
418726076 167401 372611275 78459103
380425834 197748 465503257 405422697
297276338 459422 492445671 176097123
300142986 113482 447526826 140867658
261104803 458361 486484633 178534343
373040638 497182 489689978 177524955
148141669 474037 486772792 182343115
356612147 113191 319131779 436687774
149392879 475100 486291222 182508389
492962347 108381 143976849 298814250
320496908 486621 490245311 178023770
191320511 222251 446537414 210435057
95852687 80718 136060251 492234865
231701274 496777 485250420 182766781
481231244 87113 59723469 189361879
52199555 467333 480711040 183493767
272629093 13204 21024549 443982294
102977401 475340 483695627 185877501
12036476 94554 113620481 70111663
418779221 186596 344514713 11627468
207483134 477598 484495338 180469217
140314576 470588 486068762 182726362
245114729 468108 485024271 180355807
145814301 458658 486902067 181692150
260791714 67279 5885697 185665370
217995503 499681 484269755 181063267
188459877 494063 486287345 181589789
197277195 6255 253978481 184326566
252255762 452211 486515325 178400639
381310219 96133 417311550 36364761
274396932 499128 486286654 178797293
299946754 461597 492674120 176880366
305825565 499506 492660927 178486236
85884911 13409 478448323 6412920
494209628 189932 390430898 332856908
46157255 140023 275673818 242679160
150248932 478440 486568570 182731886
236016620 482927 484872191 181350310
113299903 177100 431516872 20190555
359277116 457389 490118623 179794031
182544747 9941 2933538 454581504
145103367 221390 398107998 423770022
214648332 105084 409421263 232599515
334166586 450123 489714846 177389832
159652853 225710 127455264 225357214
296551798 102035 291409454 329546320
204293367 182439 491755756 212943087
249712993 498109 486029917 179906849
277051484 240240 167663241 135268798
367794945 450148 489316403 178744394
12117600 185116 443251225 454464521
121682046 83194 345319187 476665944
324745935 51395 71705974 60969470
185295321 168537 257917011 358290212
8063652 479723 484590542 184979229
180295579 46806 332735260 62274519
84404360 497651 483521997 186340767
65266618 461101 480666409 185214548
405811305 47222 457971444 325007833
247325658 11587 493331572 383002318
214773000 162578 341351473 152950789
255840682 488512 486421814 178057499
94983601 232850 16064259 304827859
164666368 22347 219024296 352305059
323127291 463730 489813914 178952806
245128390 15602 234026300 369557224
253300681 470100 486787458 178085488
193921283 63712 135049358 70669839
71926028 231519 145474111 212013691
177569024 196090 58198045 433868468
310967792 39665 447227181 350722570
230000383 208969 15629726 464456605
129488480 122460 306602717 189224827
181724763 499094 486089878 183314516
477184209 145217 415377941 280308604
148080612 157376 94864817 335048866
373075243 145043 89973496 454304625
19613178 451385 483246783 184883054
258147718 224653 363606473 483371584
312584115 53286 149279272 57757760
164544243 460689 486606123 181140930
318120583 487646 491085909 177658357
211051287 69834 118966896 127758418
6237008 97472 86110908 114359600
80206200 456207 483205389 186116426
13110423 481290 484066058 185570601
376621812 472180 491292914 177823997
79734472 499326 483148980 185701110
34093974 476269 481195987 185164057
231798171 5951 308182886 191198553
334886285 147125 352755321 198157137
29331893 496097 481825385 185478048
270976901 450008 485904341 178752405
41184717 466678 480463091 184277360
313421209 473108 491723200 178253326
70799418 478372 482042116 185580316
190990894 111110 3088513 376630282
169508807 497718 486255906 182602158
269193921 487459 486249829 178374020
231390862 457496 485240250 182466542
213440040 91605 260936555 167929437
268733291 249524 109140739 109441962
179026659 470952 485113266 182865274
350977393 465144 488599090 178794078
247932039 468900 485499825 179738285
16293674 496215 483397004 185242263
420974968 234426 379759079 3178925
351963960 464122 488209783 179266395
13852840 479005 483498825 185514463
134704674 485881 485292431 184245372
4885489 214914 441119434 258998430
10198509 497642 484178638 185563979
140794582 239031 5472443 140551017
60625402 473542 481113226 184985022
187418819 460007 486784745 181766071
289589625 487282 491336508 176274070
191065533 485116 485973092 181642948
246074985 465834 485823236 180372358
106341494 493366 483801828 185694821
189340179 466371 486233791 181501866
233480673 471281 485165670 182441447
289967172 481304 491583007 176143024
209661082 467323 485062520 181148882
145852704 192161 145003549 69864434
72251935 482821 482589983 185524826
300916470 470213 492697855 177820524
163498718 496044 486202519 181780584
463730248 3488 352756130 489107050
104141758 464997 483547817 185571270
43692191 186972 179385082 415105351
9831967 51953 252998365 487326121
359456001 123392 106514059 26318337
319067089 496951 490849207 178368160
71284763 495083 482411588 185696187
371835484 181978 208068488 337454418
139143114 480830 486476369 182892928
85806442 107705 465564100 223346481
203724096 468757 485045763 180725928
118874225 496787 483472546 184845450
160653833 132138 486233697 439478547
83189261 497561 483725783 186607100
199835043 48544 419783384 301312776
61120452 493513 480801567 184801631
127419890 465601 483724299 183782728
101521054 43969 73144459 33574586
198523392 493182 483800703 180058963
307819919 160800 386806436 481306266
437589132 126489 271686597 332457167
82296325 476950 483112062 186327887
61986021 452633 480276653 185120104
230593507 459788 485494058 182632357
6660971 76006 263920431 21200105
141877080 451431 486465603 182523642
388922801 239015 375127295 16625771
114710738 473413 483613216 185364857
498359061 201166 337002493 486175854
369582929 451510 489509049 178698537
309738098 450293 492267731 178089822
468354741 224106 199351134 122508801
333821262 473374 489667636 177687945
471530362 246308 477355817 76394343
200080233 108535 278758105 256427102
360752553 109604 121191929 242840229
249520819 64976 51810306 228499796
210516516 240358 476395150 275286984
134329634 472411 485454603 184458238
116187251 81729 239675278 18711
155547273 168230 426428051 98436734
140118160 30007 159894006 370644268
303984154 478323 493520648 178466616
352659548 74302 201740999 483928498
362971894 223458 191024879 167820762
469241124 130622 100130389 148584673
240771039 459979 485137102 181625887
196916550 473616 483805913 180532573
34492186 475977 480990828 185357110
39257608 453548 480209026 185165194
254781075 203135 216358391 445434143
343335300 469498 489680211 178179086
156567611 486680 486046393 181877406
340064202 486318 490099130 178172945
2805272 194022 117775623 132875827
94742916 450493 484066038 187360723
138376114 494617 486289718 183229681
163923004 466255 486218550 181372330
211144355 461491 484830261 180155263
495904446 64887 290823593 275990983
376433977 113890 464322723 225507778
119966779 477812 482730094 184816234
238701086 474240 484409273 180977306
7635455 456856 484745788 184706278
150824092 88321 55424246 349134786
487579712 249655 243301002 134475505
232979972 78600 237207572 636782
106006644 207332 341742026 411439644
23606575 474516 482604811 184811455
287003570 457111 491054419 177022876
233938088 456243 485357543 182175907
144075185 93825 328043719 365122796
492404999 67557 213165351 434577517
243802768 167701 435416439 326035644
302805335 491845 493130675 177822008
362014559 178987 103180114 323088214
176829676 102060 349801885 406897781
154961049 32386 344005076 378351741
158658531 490136 486565742 180857743
292168944 478716 491525330 174934421
406553233 135198 320460662 21726878
57654316 44475 167420017 407275144
25495658 496174 482398665 185325755
144329258 485729 486973833 182253268
464749286 21782 261846857 95882929
91648246 492333 484780788 187103983
22368184 57172 317260438 419518757
119654910 474277 483035991 184810265
157791393 460805 486332400 181132577
70488169 487553 482222760 185449711
16750554 481399 483106935 185075454
228753188 455219 485020749 182875535
114601286 82448 314646903 316551912
208324397 488191 484301122 180573598
432755908 62238 94072047 79366484
152359138 139791 347178846 312099769
294164936 479656 492683022 175656936
170653366 484547 485808741 183203443
490654776 216297 95115307 101902073
66512812 451752 480920396 185628621
283235072 84222 339962047 146541611
182099759 155184 446993675 419219018
169142438 155995 67365732 185782477
214702410 168681 418129750 355141944
342461301 475966 489516866 178846661
24491836 59566 143350417 140412853
207468696 469952 484484429 180465688
348115649 453167 489590093 178843953
12906835 451206 483876133 185556939
65690124 451700 480800848 184925482
435005952 30840 102274755 49185753
185639963 452601 486017144 181956198
137561716 453094 486231430 183434943
146877469 205201 297926251 307402730
366590479 478010 489733599 179005245
184393751 458388 486253677 181840070
372467160 55287 322114237 349057711
385374813 194413 5166852 440536904
100687082 482515 483913600 187101768
73493752 494679 482430682 185154473
241148310 499881 485112648 181978702
254040164 478559 486891155 178161582
179335394 461429 485149938 182593211
149893876 22789 121414315 228928869
176348449 453546 484870120 184041983
1373611 494701 483706737 185238323
256953627 473739 486999790 178574251
230915572 492096 485355360 182448991
63733427 471382 480193957 185713372
273552510 453987 486158054 178604053
22842823 477259 482904570 184615065
211607830 48063 112687415 243641782
296590402 490145 493053142 176018659
463641932 33056 442440278 89413660
129483378 484523 484416117 183604933
1861811 493742 483774775 185658484
311580622 485449 491743438 178461153
68680797 471564 482218080 185115402
220467132 496696 486022361 181495773
378981684 1281 220262037 272865313
249077983 229632 112399476 235257942
51709268 453505 481199924 183492367
320841550 473115 490196536 177727906
85378724 107233 341262554 495538107
262099188 193801 267581365 289552451
370787788 191241 488743797 132743323
180985150 474558 485918655 182746129
42567277 490168 479602884 184751230
253580526 497448 486699386 177893716
127836052 187480 21019730 88883484
71705210 492805 482227934 185459397
214280261 181173 5165632 480171711
155781156 467471 485841122 182138937
314599277 487003 491734690 177945102
213587953 23484 482862818 141405810
44274144 234914 67649213 226926098
479104114 111113 141861254 20110217
482245682 71551 257679176 423126349
89312408 461087 484124877 187666028
267330333 454997 486913694 178666394
24413612 201869 136656754 392391371
453180925 160357 427130596 19368507
362571682 454387 490263349 179474782
437828331 220170 439447911 70969124
58779087 497999 480666384 184978793
133257740 473831 485186885 184066048
215072157 472684 484376872 181102454
414584293 155250 234991018 131047892
319516653 62131 152825435 21147825
69922452 492690 482221401 185559831
195399882 147817 276151594 139674482
254614562 177004 177882331 76917332
2323994 455490 483754734 185216345
127374777 171784 231327852 243868209
89698927 450322 484047653 187356734
462797446 62838 51255844 499812943
489057000 109339 153965505 451685118
292498677 187946 108270399 265372896
289113599 484072 491392040 176694564
168858552 94971 149403328 165062916
36165414 466463 480240887 185759883
108034641 485821 483185492 186247879
300245524 91856 42308884 100072155
49896500 451439 481635847 183444679
322842491 100151 388047620 224070640
434804398 136814 196835688 139912246
31216785 487648 481594343 184796542
208701524 474731 484465512 180786334
299235821 469382 492169571 176673985
365753495 489267 490158569 178721015
57460578 492651 480709143 184293514
350483316 482404 488600007 178300918
275202915 486892 486694083 179117688
184632204 52163 196994327 156781464
234380528 456185 485630618 182006543
90524438 125884 414013234 265448468
45411887 471168 480573987 184713973
176792299 469585 485281004 184074949
377483351 485568 491664147 177426826
492650399 124845 452226655 266212302
84827280 191751 248993842 362211048
215343532 167733 214590295 428749788
182255491 468392 486076202 183750837
25326015 18791 295157666 251352666
270709035 163988 228240097 488412972
38076688 215202 141157820 139774060
227478229 450554 484814509 182621468
163937319 16277 180325709 21128227
30479162 149352 341542968 119747709
373511111 474789 489726079 177959325
295737802 495696 493301158 175782796
361929688 232282 397966521 225859472
426919712 221118 486493451 3032073
235605179 458642 485275587 181342266
161928594 9252 47372696 314718567
195261471 91864 308636233 321994611
284812429 477830 489982396 177544032
499518959 130383 346164746 257161899
191438304 71325 239818843 395174594
347446237 461565 489300686 179223956
288918630 466171 491529172 176752399
13271480 36499 274698691 246494968
249136191 93538 211894866 388912124
33629602 151381 168982942 55992024
222539412 462913 485972713 181938864
426882107 245231 154404664 299249635
403367240 72998 169729965 152358764
290423412 462456 491657904 175761683
112434625 460018 483057714 186368045
120359458 455822 482626834 185105652
164008671 69122 16064844 43860840
239410745 86946 434631714 152314808
418867872 195733 28263995 162093628
293337590 55420 186965714 466838214
224973777 142827 298403873 402845442
172627321 76669 432478507 468035078
353276860 474827 489306068 179483005
304475758 485130 493510077 177985584
215776794 161435 8221584 336218227
102589443 497888 483803678 185597596
60199275 486158 481361533 184807205
251081318 487177 486073107 179005794
40940484 470648 480495421 184489260
362031870 62322 117495131 257885210
210272252 485658 485156052 180701574
331581214 474322 490014384 177575923
92393354 491866 484407226 187475527
216184271 498770 484157007 181098865
135164187 214035 344486471 104020605
170778540 211208 42154030 132120679
38890626 470636 480458064 185283136
291336686 463301 491804611 175474546
276102317 451319 487002592 178526800
300429122 473120 492700765 177336088
41651745 480956 480000362 184281657
310216500 468919 492085163 177793988
333498599 208883 247596967 36020353
345539813 461407 489392176 178062996
305707338 467920 492733257 178440340
127824360 219238 86740390 137211055
470250974 148561 18692913 259953690
342313159 105058 294784445 328380856
326423885 466373 489847522 179048774
74927547 482061 482382575 185742970
305068421 12797 396791035 278135566
368171136 481423 489365376 178417178
153328795 90784 81098768 323625685
268593483 462499 486337604 178736688
269100522 55290 444965610 480435501
471405873 150827 284754393 152036772
124754472 54849 478174178 113855015
290391230 50867 183509391 247623440
486931739 5771 245714122 392479595
160840703 471104 487223785 181081450
73988846 492486 481983981 185202866
175261158 487773 485613692 184385699
20521066 101336 141600593 243253173
24908289 117694 114813540 369069092
128697132 483257 484183574 183661613
67122346 154167 47808640 125875876
456994218 5292 421142537 434164421
287010353 132501 52240174 28578436
13516668 476974 483719335 185630122
103957922 13577 363877288 308892479
10633023 496769 483981501 185326603
230959870 34645 157403671 149077738
136534814 249243 446661190 863154
43085312 497118 479587645 184664221
306243515 12014 355393081 314497946
338014999 149997 166500180 68537993
316158738 163277 153958914 169132539
379343179 475185 491493214 176408856
226323276 151454 71186014 211454944
162708596 129948 27233288 150222266
246944072 107810 139345 367804559
156512874 6510 61056401 52145603
298627138 184273 143514310 311011188
369587921 9910 299878414 50358723
96005727 233468 387380121 411959272
463677296 239063 111776283 109145122
358405528 162794 168064845 35600912
344733154 136896 478113625 47520358
90055053 479864 484396448 187349405
368194261 180452 451508035 21673964
84070367 229050 148293292 342264296
291123707 12781 200278911 83900775
294963604 463420 492778687 175669621
222182255 458237 486326040 181942694
16483616 67631 494628677 452209471
266920642 49080 118192846 61874528
58041304 51543 268458916 429762950
242013846 88451 122499740 147375380
200500239 30691 448631367 2451606
313858869 467189 491589015 177949854
93113446 183439 252075825 239570964
167137046 56925 414537183 439151256
131130945 235636 279316264 11102978
139681787 1710 230045703 2962568
317092817 464865 490964295 177855899
139085020 488860 486516499 182910892
324032129 473864 489725066 179125713
15678160 122600 260629541 9503871
213102661 239280 45944905 321982150
324035505 106817 413858569 490207383
355061013 5795 81525923 300222601
279015801 52943 37770980 57165033
473520763 42577 406943856 215579004
197017692 142722 328070161 124729425
49241735 190842 177213353 370719032
310107228 1719 99897448 413687818
277031983 455018 487171319 178363786
127233902 40239 316450449 244755908
31688597 466859 481174773 184744300
199460860 57212 204999927 115363235
18061893 482877 483149262 184701889
162954059 451504 486177633 181435075
117304950 471425 484060831 184634675
420060600 126440 328786759 259923657
266378906 209192 244820912 466472761
139478228 153739 27310742 345353268
312036483 463822 491348386 178400346
372747446 482897 489842844 177665281
376636154 181476 463852118 420829685
3200938 456412 484531246 185115914
108627716 453129 483482158 185951476
416494388 42795 64193482 436484148
186157779 50311 195646848 324636862
32745403 209662 339049956 367846302
79093581 172166 236450431 190081750
180123098 459467 485421610 183010385
265443200 471755 486375169 178291587
232553708 14108 124604911 243802871
330138906 62705 250872549 276841647
408184735 156390 68148019 150397692
359284224 148135 135925698 480935024
298031353 475363 492524007 176765600
227308337 242986 126119182 485781645
187034612 471697 486760144 182125677
488871979 247149 73008737 394010902
234118887 222979 437512899 197963710
308121890 451311 492806198 179167557
237095981 83005 151051381 473303364
45136977 177252 326118591 93059958
69866685 60834 178027817 250134493
229606583 464862 485766784 182768178
140740708 475981 486493534 182727719
288350772 122888 123087247 253069225
42072348 173733 190474001 410145242
316334601 212795 10334033 168451071
223190446 235253 450183520 482431134
316443715 167801 261573021 458625803
70592699 111538 213757507 312683935
80301730 187371 126605576 382033745
294673546 486391 492521420 175702412
224876307 470565 485161273 181826754
336292347 460347 489687213 177745972
272371098 477098 485808249 178073723
366850806 471846 489934587 179064584
6932306 151838 178929488 31886416
151590176 126531 401102919 313624826
446709435 79740 357983302 244393855
239546106 462483 484541925 181186993
212405985 164967 401743930 113425864
80632862 15473 163328252 52293355
236936944 40519 321063844 85148940
377991658 492668 491712689 177059764
137698005 136173 435916205 97679058
121525462 464900 483385688 185142091
437126297 31019 373249861 163270121
63151293 173058 152253243 348518587
477744376 15927 276727828 460196304
285891216 235356 410426072 12731927
176032778 184646 378284720 463741968
384716467 71131 209686849 306229301
115927733 43598 426058189 478586892
35269815 458557 480675181 185298581
152321834 457653 485661208 182919730
183912570 453166 486266276 182308649
85565763 116003 166698243 154350056
13397365 134179 59865737 208463755
122745219 452133 483882939 184575488
297714490 495355 492506588 176466158
273518035 141284 318278610 115595350
348996767 484724 489004057 178548877
142993792 498466 486799059 182383371
327722968 490702 490227200 178264816
151836699 471691 485639466 183383123
53236178 84148 28173786 364690815
23282848 452279 482794736 184945254
76083082 52541 425240580 255504835
103792388 462858 483299958 185469759
75390412 492366 481923082 185746340
87533697 461144 484045465 187219085
232331936 99956 27316703 356765966
143486254 470572 486805321 181897171
365901968 246465 308350959 37144485
85845377 487312 483920207 186737410
80113103 186733 60399755 494652101
186298010 50824 122863100 391923306
409207710 46008 400893335 433996694
261885630 453888 486880461 178149348
245964077 231563 202801778 425031169
221057500 484670 486532780 181511568
289262178 75648 70937140 272684518
196192571 463149 484474492 180477178
158256726 450673 486343419 180678263
277494256 485910 487625380 178355577
322972042 897 325018610 258973177
490113599 61234 321589380 84153
365044756 482591 489958000 179108575
144085192 211323 54860170 318596780
361304959 481770 489586579 179104966
263920038 50029 31378759 229244600
13017506 42924 54739138 326066954
269762226 14002 12374467 317602854
386501161 234458 314696696 201454359
337098812 462056 489786934 177688275
227916557 462418 484567891 182565883
121896084 479965 483678360 185220041
188528861 228406 28746768 153878107
194862151 479807 485617643 180571983
286190157 482516 490836138 177207474
443352610 149120 452323257 159367370
464459421 174085 480938445 111519278
98268892 105099 244620574 213879995
67313486 484933 481026922 185074801
255376304 450873 486875634 178046942
282424620 43642 140808873 451143602
446048472 225308 202546240 435434452
78877018 469262 482511950 185480688
333938590 115283 196798187 299686090
293348261 464596 492352381 175286682
52426834 213454 392074362 355739658
111346461 457923 482650648 185734027
380696229 491596 490831509 175717518
97050900 484662 484416837 188245993
157313308 459752 486357467 181585594
148969405 480822 486651895 182571190
471337356 128105 255557444 245723031
282606594 75197 308755534 143310037
109573409 249988 69074118 366848700
111982114 479745 483081253 185939073
66188121 475509 480853728 185370598
106562954 248164 112328872 495735239
87036580 467891 484047056 186723560
262136628 6798 310021453 327440383
221112737 14149 188605737 125664587
467250169 157537 151052966 293084838
257905329 473065 487286319 179188910
236471370 25943 68953528 422573650
107589478 478974 483241105 185858329
435840704 63997 62133 440484024
364216493 498114 489738477 179495217
78548816 217220 274922507 422451682
95625509 121884 116871118 262666717
218489795 482527 484586124 181241189
241830285 462352 484578138 181847156
279200109 478253 486965155 177495776
230200595 477999 485654695 182864630
17656425 161725 205852516 385678887
136658172 481304 485549996 183657048
262691402 192575 254484011 479148880
120606067 467213 482651649 185327446
255922784 92929 35685247 61518960
101446735 190920 116822884 156876751
349320065 469614 488789224 178440412
156154508 475266 486206218 182130684
330420684 111258 177046570 4778685
386705931 163936 101387988 139639406
251416104 495430 486114759 178712662
67194993 8765 402578194 35832709
465894793 21665 468902253 69372365
227034588 483248 484925095 182954521
164366944 32403 40920887 28686107
344335552 235823 216344263 30217229
491213329 168801 351610131 360974207
175452613 140670 462665576 373697921
153178961 462671 486165389 182566788
101769504 482383 483800601 186409826
10336409 93322 30409000 16921109
192429562 470430 486143486 181207251
432152120 128761 484843269 432617609
28012721 486319 481289101 185225649
215520077 460628 484427150 180704815
63234951 471643 480016181 186034072
127522770 211878 37468987 66056441
113834942 459604 483151591 185779025
130251822 480330 484897620 183317995
17910371 232641 264475452 355336403
270486218 453032 486207910 178939516
263632088 188899 151128016 338550619
6687034 478151 484447478 184861628
2796582 494527 484216582 185205606
106925431 42670 268576484 241017435
360425542 109311 356019599 204118265
307182670 451197 492781265 179243339
448053960 122449 416063760 486151789
479122792 99598 309347788 172341930
50779938 476861 481723353 183289119
138761485 451653 486598165 183152761
174665705 4188 476818641 287540635
462246090 233372 398272863 349955476
312160917 459662 491317221 178493614
140099084 60385 370595886 33946368
456262842 173029 124612656 65367390
186390194 214260 321513700 388194190
124670444 183755 491963815 43278480
31017911 471948 481565516 184966586
324463152 476283 490095281 179186518
365580586 186075 97651333 323713300
326577041 30967 70088961 189135238
44053218 458535 479805290 184473604
490213608 128800 481689183 49746147
204143503 223573 50619199 269535012
162369597 170465 445712347 446954778
72192312 491394 482624550 185549880
286511232 491373 490630873 177091665
391630236 221114 417763635 179751813
218883495 476551 484843076 181377934
111294717 450179 482622439 185710493
459834567 77187 52926148 91049667
358438508 38921 395832701 362037291
375717576 23556 203684021 295954623
257212902 57981 80013669 181851102
164881858 452748 486519893 181350672
112336462 182536 94733982 214295695
316441378 3440 365248140 297614126
210081672 245110 218543533 276773221
55214599 132339 138219950 456111280
411869928 6005 183350827 493346904
93358463 484853 484157808 187786424
441779897 68403 490324029 75736792
198140464 461075 483928126 180314467
115198566 477839 483921806 185379152
310801188 75299 278740373 121405437
271382705 493246 485789915 179043780
131648491 197358 338027708 297736195
202403290 19225 80026829 324792466
380926485 495945 490811931 175506842
335839459 486096 489592887 177387411
414004766 84456 380023429 377051290
243472176 453005 484332479 180968060
86861532 163423 274049872 12887140
373998901 472841 489663187 177534430
27057306 164181 23297487 180444227
297084791 478014 492573949 176033854
321916836 209249 134870104 195370821
63178400 4472 306754097 383469760
76758891 497526 482233040 185912534
167695157 496073 485775716 182325972
389820535 78427 260942811 136756889
402520173 30533 302739365 357674182
148951016 236082 228429928 293164873
210336948 102463 476115115 341231917
163041191 453292 486167257 181358319
209176865 493949 484682216 181044970
62036427 69617 373603364 242719356
334583335 466172 489596789 177688524
156930829 498722 486004298 181556286
428311852 136720 258935483 341636602
456725510 8410 22442432 237494804
143408753 197080 95626315 486915610
174474774 452260 485243037 184439916
110310242 464907 482551400 185558921
190641133 467522 486343096 181697341
40135642 471810 479848756 184647432
362400648 180351 102590079 165168790
216667389 472999 484143764 181568740
198728134 460010 483707841 180170842
250104054 57638 196998931 388994383
371204813 16177 399499452 351915467
179832133 470177 485180073 183059813
236372005 147634 226440449 196639224
158428937 38282 314609824 393460352
108747861 486310 483405702 185907790
343953248 159979 103322554 94837490
358626669 242921 86996107 221686593
386690069 245045 348053827 195032764
95521683 211152 83181421 413102474
309418293 471438 492344736 178332621
165785740 499829 486602144 182154335
90385240 457959 484174716 187240951
131904617 496277 485208359 183400908
295809652 22263 260890943 253843295
278401832 499159 487309195 177871543
293006609 8736 482456395 298610561
60804990 227368 362377262 263739317
142532030 459498 486809262 182834929
47379271 457821 481097784 183552276
259220293 84844 82853267 32658751
228022533 7589 311416278 297283871
346020227 468875 489336395 178487629
243872472 485323 484427993 180663281
160162435 467884 487058022 181321065
324048305 209975 272879785 61199821
312642927 475452 491745142 178439528
159691488 475550 486762658 181145482
233589714 26030 432239625 47980888
293598177 70266 284516615 489794368
199336511 68230 165348861 222042365
96024848 468999 484026273 187851292
322565007 91060 198594111 274418609
290590009 27611 340543227 386781298
263498703 471870 486385612 178574474
174177832 463399 485129354 184623174
311234534 480986 492048152 178419780
125355165 467446 483107999 184551089
101517768 492803 483989804 186347294
214896524 227633 153144295 118074861
214794149 489342 484551632 180999206
180898944 25357 127939486 129962598
110458318 6143 53481059 316969359
129816541 459980 484666863 183522516
374368424 33889 48391923 264049466
493515097 23655 367446724 7681501
88001683 464156 484109635 187622899
344728764 468928 489695704 178331808
147990261 92715 283866009 289094338
150602050 470771 486546788 183063219
94979793 37739 90504026 209452799
496324019 243390 290625667 449355431
19115866 468311 483728780 184898366
491245558 183248 97647790 240127195
265543248 232897 412602274 300652456
99207737 486851 484008717 188061357
288800776 239868 286716524 267191799
48612455 463223 480913434 182883054
234848862 88663 305920711 372203746
140462905 227794 21589419 293780063
211379522 2569 253604039 8128648
258687546 485303 486985927 178707088
149000820 207215 5067837 215019682
316122390 235782 15193774 214340374
37034313 485787 480553900 185203999
58180722 184094 189673853 15459820
205159139 73528 405112970 265819587
251242526 82828 484267220 229920175
371641476 133313 369766539 447277768
342640897 103428 302106943 23710713
69119906 463203 482044049 185380478
92097636 471267 484445771 187218354
333328622 494825 489666725 177196218
339158093 466488 490016774 177349193
128952405 6627 155529558 150539357
199660865 485435 483595398 180010135
302054061 188389 341517595 156313855
363012750 468809 490173523 179826023
21160523 483860 483036999 184697586
417156518 194225 296845438 115873966
193621520 493000 486356300 181073957
23444161 164635 204472857 252714602
144718687 499024 486770262 182439126
353582302 31350 380136791 217799031
289516720 115291 134957925 85059577
60128001 220260 437242181 150013377
171073016 473505 485494047 183308396
363191030 166592 262180422 74166947
104585951 144813 309328706 94080197
161153382 183209 320625849 309924865
220531451 14761 399355520 391792981
467719974 134879 424445202 177234557
90748536 159856 294535815 66393275
370880250 482814 489333230 178408522
318575682 478654 490927423 177954970
134168523 44766 225167716 36959207
35732679 461481 480265911 185352173
193402955 62544 165757783 30635231
109931155 29359 428003432 249999465
46934375 461060 481018518 183917904
145391561 475607 486962824 182054131
153693404 233291 265682516 106965961
106829685 472533 483337078 185671381
354539561 488299 489315622 178597343
5687030 194654 434755790 452855441
259898066 472044 486674140 178365016
138616153 494069 486497527 183197452
430887140 168719 399156065 451843126
21769387 238565 315406847 327748143
20268611 473727 482942377 184589412
308509162 475029 492623354 178963131
97972938 493200 484270251 188426456
335363904 479466 489122824 177381921
239444630 36788 248666672 59142532
8261869 487632 484574401 185161303
239193601 450244 484440761 181438333
30583303 481717 481842260 185122812
490151046 221725 379177446 418661080
247422164 228647 158963378 403121911
252127568 45257 66232581 196977806
375747978 498260 490850041 177533324
105489202 452028 483849967 185632291
342024423 461887 489315557 178611095
383132522 10544 46274391 143286353
81616300 24700 184200272 305597111
252970001 474187 486776187 178019240
212512907 475340 485595662 180206626
489151566 231649 390218162 421402533
168801262 483477 485652241 182515221
203257358 492522 485036972 180267982
129178188 490344 484513148 183813092
44821834 464635 480351109 184593764
329807966 452123 489997384 178416348
154487813 486044 485996445 182963580
139084214 157323 82348654 183697721
338401959 476634 489866613 177424411
366692021 40135 407885380 352984995
167646740 238705 166206837 490701923
223964803 44833 127226703 258957266
406215387 60728 392076894 300661095
260217274 86149 67069122 498268313
86267040 480225 484040319 186435860
383459650 178575 499601467 11281364
2268288 243282 212230949 29426351
30552630 54267 469265941 69654523
219215852 472756 485080000 181282504
146290376 453056 486463900 181730058
462322039 226839 199376785 417119343
55213368 457847 481285729 184051362
112925752 470699 483171969 185991175
312481781 167251 23058722 449938301
204046037 451674 485027752 180421998
29740039 83022 444206201 299520314
7168683 457399 484681746 185109006
243451017 131293 413669958 272094822
425937101 187034 260084921 113081308
472052299 96883 354159150 48146614
