2000
46117293 472385 136482188 8924846
160541161 218075 496864225 338879002
76232213 471376 135687392 10072466
127439416 494671 138160341 10028078
80642783 454279 135274895 11147397
164519085 154085 326119348 423007688
114174612 493340 136197301 10512452
37457452 43491 299772685 419756654
318971586 452429 141431999 8111036
331999266 486568 141392445 9047174
96391196 458921 135202817 10453577
246167526 499302 139970266 9572859
225985374 492249 139666934 8610764
11155535 460208 134689941 7147386
140386499 460188 138515491 10110405
187856767 484624 141201174 7800759
88036756 480389 135495922 9669859
8574890 470239 134243454 6966689
6041095 477265 134793116 7805557
88986321 40359 279957669 379241857
234164166 462365 139420370 9254682
25354723 463616 135331504 8986442
5776858 453052 134619675 7714764
371712098 484419 142401846 8162072
318548423 495351 141453825 7756779
312772649 451269 142469947 8290578
172862885 496390 141656145 9572593
11677579 486717 134892592 7337632
20979303 494090 135640525 8025852
178836772 479916 140884147 8726244
53929546 454327 137390069 9706843
222682298 470726 139943134 8297050
101207931 487933 135665592 10890966
413203866 25487 293774545 290748154
333569526 467249 141479003 8467842
20481829 484282 135729897 7617752
184321272 491344 141420734 7682257
339906978 467161 142032629 9103819
114372182 70904 348496446 277539753
162262661 484675 139579871 9622887
84274690 478378 134901820 9893051
72179099 460487 137419266 10384539
274403836 494130 139931351 8571498
17953237 491036 135593882 6823908
229280348 464293 139377920 8508962
481298597 224720 125837579 496774267
169060337 473573 140201118 9774749
250565804 228860 175702100 49376336
8986545 473942 134377906 7139464
37132122 465166 136412530 8337680
12278068 470386 134940511 6866163
91474409 456276 135842117 9545118
41701141 472363 136539985 8330530
39161869 470465 136444537 8312954
483852591 222628 110341324 174265160
279851564 468968 140134393 8529572
173003971 488953 141540461 9597993
217171998 72270 429416164 249192731
219182484 459163 139420408 8289229
229921312 215273 404952066 361453309
359140420 493646 142615912 8174469
141184376 499317 138537313 9834983
179683017 487324 141138622 8618401
374513322 161161 99033561 488158569
119488946 456881 136810371 10122484
264694570 499973 140575043 9215944
37424116 491309 136371687 8086530
336900254 221360 437159177 288921771
130367194 462648 138228469 10357181
65734779 463799 137258595 10810968
31978088 490742 135050134 9596973
278791361 469701 139981578 8316355
118937260 480961 136937225 10024655
111779908 491673 136373018 10402957
323924510 480203 141527323 9058838
67021446 131332 354809236 85876750
81441949 68159 46654888 173250038
348708959 459260 142551851 9525097
343642708 461927 142693941 9573446
4106086 490698 134882966 6943137
95869096 489886 135265946 10220000
1293593 481786 134971964 6829610
233909820 496051 139168940 9257598
355518912 488970 143014693 8239200
305556886 488696 141845302 8986528
193325992 215481 137448875 473045444
109605601 470242 135716091 10427318
186509639 452972 140964134 7947676
14777937 465866 135317533 5849439
140714509 467834 138723506 10108536
310755555 468406 141863265 8756741
359867990 10378 332015387 61842168
333155527 101980 459093512 262675457
204312865 485988 140900115 7383369
66982367 130754 327667713 13213146
170828028 496190 140337647 9740275
324133792 489287 141528754 9266689
62573762 463093 138030359 10963751
136591998 468391 138382029 10183696
50813724 457612 137117881 9288666
57262098 480597 136338511 9148201
329053595 489201 141728172 9052621
299525864 488709 142030105 9432096
147393846 461164 139774493 9554647
237897861 212489 77108783 239509495
58889818 457939 136734694 9120110
24201915 484266 135127371 8877470
246351856 163576 351727297 446516028
21731223 481371 135518889 8176069
150101983 97750 137373963 260577854
210479153 458635 141013113 7911016
276482707 455665 140096780 7967376
119809707 457977 136595071 10031388
106043045 471490 135497273 10810854
254613428 461516 140091236 9098076
272704354 465861 140563395 8564615
182418195 469563 141268407 7892538
200296565 451689 140156282 7092871
295015205 483869 141653642 9558176
212472364 473043 141146486 8109073
384166246 34089 138217630 468585978
278015609 494375 140010842 8634075
79860821 499125 135556167 10890292
28904322 464557 134406558 8816258
160646342 484924 139889325 9743998
179473204 482817 141243660 8723174
237218607 477806 139793708 9215398
166999762 477485 140812152 9918483
39367886 456138 136493133 8155535
160359251 486928 139900025 10020388
408547695 32039 381257621 16004059
281373409 469466 140625136 8972408
253126968 497967 140216039 8675539
239178109 497227 139343714 9952756
114471411 456217 135903205 10509752
36937615 458353 136500857 8231501
146366744 84825 256421016 26220065
117862711 36120 427559950 246876171
154298863 453897 140244154 10459729
297069018 474398 141544430 9648413
142071493 455035 138189143 9839595
207328840 455260 140634828 7656188
33227415 493834 135595836 9155305
164434255 457667 139790672 9967880
67126455 452815 137510018 11623100
360351666 467845 142124381 8601122
327962191 127898 145513818 322114217
211792878 487085 141346582 8136521
218478839 485669 139557175 8273376
268353810 470607 140987917 8929688
83349877 146663 231643368 319751286
498030708 189968 305470645 368942018
283583225 6697 408749480 47873091
118294179 453963 136686941 9988263
203664846 480791 140730929 7032838
393439727 104031 217094745 72391793
102867542 450837 135639744 10893883
443910902 247816 297324980 242427644
347815644 451197 142266727 9911930
72585685 488103 137301158 10096064
248204034 481932 140478832 9725320
49049903 461681 136506209 9023094
150845020 499417 140307049 10533804
5332476 458807 134642226 7645513
167241469 456236 140622120 9866809
35940578 7613 268373848 38027628
192311711 454901 141345840 8107530
131093178 467177 138299743 10010071
231397882 498215 138690974 8233940
157662904 464760 140204907 10227894
62357494 494429 138019928 10757915
126186928 493521 138052849 10452863
155588402 468862 140573930 10697433
303424139 492184 141958894 8562420
351114939 492570 142979156 8559128
328757230 482333 141798869 8826956
203782127 460677 140666780 7085967
93587922 494576 135403389 9777653
27854680 103163 177957829 243208284
246230268 488259 140007845 9598019
322039639 61111 115559994 314218281
132094470 451017 138355885 10479132
363889916 164867 458842746 130222787
176761026 473787 140685250 9231667
178944691 464724 140913849 8648030
295215976 150658 370670934 269718371
224237884 456552 139782355 8321646
145424684 498088 139491245 9621580
295292941 451246 141860046 9629506
489819230 96624 458234109 148619962
76744362 482013 135451989 9795724
334395147 482481 141526751 8685589
63146527 498202 137816591 10734229
25074582 490229 135268726 8769081
79697214 485478 135427502 10925231
329548588 497175 141817446 8891302
135916257 454144 138701392 9891661
149549693 455130 140950964 9899524
151576335 454774 140099331 10627439
193894073 476733 140931151 8117567
4286229 460144 134856868 7097181
322237615 458030 141750719 8716066
110037795 483869 135738459 10441786
365168226 495754 142191709 7703020
13502321 488914 135061837 6287508
92882391 480808 135936109 9768745
15621258 54841 43365278 290209136
318045199 493667 141232245 7921896
221063532 470903 139932561 8155465
122734846 494345 137376216 9831588
48777786 495396 136739717 8984487
302577602 491570 142011353 8330931
175011509 457607 141252503 9674313
131629890 480450 138294384 10076460
371846312 499988 142356664 8073043
366152856 487980 141911688 7507616
17657657 473695 135302609 6819604
154957042 462845 140242922 10465914
300563724 471586 142280624 9396392
82817457 455063 135170788 10313904
359409025 490893 142371987 8199147
326445482 481680 141539860 9481211
58623632 470021 136694057 8894564
234403443 473302 139607710 9202746
3129146 488842 134936407 6701639
334435835 207342 262610336 406591499
330193544 459851 141572374 9047719
335686583 498446 141703947 8780319
212038542 484560 141472674 8016951
3389531 455763 134731149 6756766
243874033 496092 139267419 9529736
206751389 489145 140597447 7352270
392879897 206766 204122915 301062286
258328477 189546 461713435 356225561
143945803 456623 139007684 8920472
274985805 492829 140182958 8306969
298459407 464092 141740322 9595278
190538736 487972 141302087 7546587
229650503 474358 139187947 8457773
284991620 480290 140745734 8929483
24060161 459885 135203288 8882967
16194747 498300 135072361 6404730
362079514 493756 142339892 8404080
338112562 454904 142119153 9005893
230205697 39309 434652941 97495836
92230147 205966 446583498 335676655
107879101 473255 135816077 10952456
6538522 462795 134710179 8220043
306795398 468484 142184334 9361217
472688296 50356 210273322 303676678
73350116 452121 136843950 9978242
210020328 465652 140673122 7926197
123775728 472910 137291479 9861537
349311645 494722 142395996 9339613
290902789 452455 141090999 8741859
248021221 462282 140493609 9893356
206468146 482169 140804158 7428799
260394360 452590 140799636 9340961
287181450 477175 140500319 8129068
244918697 495824 139359184 9658662
109803279 466964 135705922 10239809
103866151 495632 135395520 10637632
190230314 249337 293323766 330090453
461780820 181508 99432915 470217696
333784417 490641 141469106 8672836
490848665 126235 71579946 233027717
342489140 494338 142350728 9730469
173891008 460565 141269185 9717228
185705112 479610 140964195 7719832
197891393 476072 140336304 7953998
71218926 452024 137423076 11010183
201630173 490918 140489434 6611025
276987675 456810 139833057 8208617
171099837 480414 140556512 9793217
142621892 486088 138589144 9704760
190130599 471126 141160643 7813278
247890751 492949 140381585 9911799
129826775 486162 138266511 10422375
287594143 499200 140837997 8204080
22679780 490806 135363257 8462656
163734162 455096 139616514 9833972
288281886 486201 140842495 8062138
286107867 2787 182913988 64743049
481829115 53494 152257990 414849402
117430881 461552 136207131 10181340
77277099 488019 135288966 9659715
132505480 498835 138444197 10156437
135440557 494718 138832213 9947638
55349569 499866 137026666 9269323
369934725 457384 143036677 7895971
53225462 471160 137197986 9772560
67797693 477156 137632368 11993569
4569712 478934 134974909 7262623
103606345 492062 135390032 10891948
316648791 463125 141808384 8174431
108815182 462059 135958670 10234410
295694908 473047 141589164 9591533
306358807 92887 407888728 181569623
95095581 461970 135221182 9898223
136298255 464405 138352674 9919308
202718696 493560 140209859 6724494
285254249 463887 140562036 8850553
229976668 174479 483151964 402974259
130110562 478841 138465635 10337715
131926624 461171 138294183 10372990
370643333 459483 142785565 7780715
255855578 485292 140661435 9237700
100911936 487390 135370228 10890337
173811749 57192 219030938 149759283
338881906 458420 142017335 9152430
334175703 482275 141690552 8741230
364168568 484190 142249058 7694988
254382170 101848 223023305 241794472
161407233 481485 139557249 9773148
251334012 85540 275885105 291588840
283679541 463053 141183775 9206220
80149776 472860 135554723 11177803
360646438 487098 141865928 8564804
308029520 491146 141996933 8925793
193255561 481707 140964511 8407672
149964712 486865 140874265 10237841
134643671 498976 138876076 10091696
35888583 7735 286001613 232535720
299943079 473693 141968701 9217830
286062755 466521 140805862 8558852
278987162 457704 139787394 8317970
231645560 453549 138685687 8476330
85184046 482478 135296374 9901691
87883477 486383 135446216 9566288
104701749 462074 135768491 10582380
136255972 130315 115841200 190082246
31323484 452059 134997897 9323968
41485888 492616 136476054 8179208
18478923 457250 135804831 6968554
471028394 183472 450126025 246352792
284189542 454909 140777106 9102890
79251373 498285 135287395 10619502
237492006 491075 139789897 9484986
86874891 461544 135350121 9822708
177580312 463318 140595990 8963496
141381242 498160 138709363 9810167
106442312 498910 135846247 10760566
228375902 482884 139439460 8707782
140445562 474132 138466050 10120025
216407098 120845 134663174 214057945
165200508 45894 481118790 273898754
138957 490651 134553624 6603779
216860031 491480 139885968 7818837
159603213 493086 139701528 9931945
109166671 495141 135886688 10158989
122323595 479704 137095817 9962436
18799704 464609 135941378 7061779
235249810 497443 139383523 9391781
252855426 458836 140198188 8929230
234993168 471493 139536778 9495166
332656276 470015 141468872 8791662
224910012 494879 139365883 8472606
19749654 454819 135957020 7288243
159798233 460977 139645330 9793124
439750694 93865 49442226 112611550
188382591 461444 140748706 7731854
153823684 457546 140439781 10308140
42881121 452013 136407133 8492546
326676432 490016 141590733 9301135
34229067 453355 136235421 9154132
227102862 464767 139693766 8331946
403060338 34669 329742426 325559783
112211701 8467 218865102 249870405
227351004 481320 139633609 8143962
301118560 464984 142276907 8847997
43444148 472080 136384319 8480429
33654330 490091 135849144 9292270
270541827 478625 140758303 9200894
116719609 466165 136065262 9930312
315713350 497999 141697791 7681016
345979615 493716 142125110 10061100
434856479 20228 267901386 373075542
310121511 230563 155717446 491505581
212929718 486423 140764111 8052909
121827132 489411 136850751 10213830
233231550 476040 139032004 9006980
292209084 463583 141249148 9137563
24406224 455609 135086447 8714087
143195677 495818 138996863 9538696
156868557 489892 140384442 10189126
36364969 457772 136465603 8215678
139440543 487269 138625637 10285354
238933793 496871 139314451 9737703
288660393 487545 140677860 8215675
220265767 453765 139610352 8168470
346548508 463718 142238325 10185045
429351323 204666 40678207 361310054
242882415 475968 138976532 9930277
105911551 477363 135412833 10763803
37689647 468812 136331817 8312190
209372765 492573 140594872 7962541
337453549 465635 141888219 8577950
199463077 461657 140217313 7407471
115050753 499369 136421594 10448799
265651696 499759 140944090 8903467
309294265 494621 142130066 8822716
241196444 496677 138669858 9838110
314219038 155552 330457096 97311181
79419572 473414 135289806 10785288
23515923 492178 135293285 8428729
116465253 466735 136147620 10102307
164679292 479072 139789163 10211407
439591975 216907 83062232 266358591
203419498 493478 140543948 7091203
112471476 455406 136424632 10870610
301264026 459154 142244243 8735197
267204368 462875 141004877 8777642
317216116 490271 141271685 8204617
85462017 474778 135416521 9743870
346954374 117437 114148060 278733352
99503275 469246 135194075 10872576
187580972 450305 141101468 7624670
67908949 217905 382773904 494456446
27260221 477780 134568033 8436267
316463495 464303 141624691 8172831
294081702 477610 141284679 9824381
66306449 485518 137381375 10998246
355220790 494674 142831692 8292952
58383396 474592 136638952 9079690
65232421 470339 137346825 10961117
105624952 462981 135690377 10754749
293235487 484792 141020764 9526890
134123525 50846 176224208 268575592
313843247 484042 142270122 8008415
168597839 486976 139993856 9996915
489405257 16249 44064 345084465
61538554 471400 137617933 10447195
151961171 202092 117536471 120649286
300307886 177225 141748045 67513830
399592194 232493 390470676 134089309
145076014 175624 126895032 23562152
202576547 464947 140316824 6689313
236910206 156318 21001635 127306266
91025535 470113 135745861 9613210
355305226 460937 142801875 8238335
269408191 452023 140702441 9290667
481960462 197378 86303463 253031721
211270522 483587 140997482 8267386
148599832 479369 140373450 9777193
188561245 475409 140810690 7615186
291949246 469532 141268224 8896803
340234085 489427 141830100 9121230
97974045 455561 135591329 10206855
363300998 484353 142620733 8030896
342947468 496558 142579279 9500696
333246122 114854 492714405 352896451
181097880 181600 86696521 199853694
68987410 460549 137692451 11551578
214807990 478335 140491734 8125110
366381162 481928 142130325 7517285
47143074 1057 2579543 453641321
133328442 490723 138463066 10057775
220552890 497295 139687641 7958639
275322876 463750 140087726 8169628
243308867 481226 138919512 9746992
271957248 476099 140519060 8780514
307161630 466757 142240890 9549723
277803263 450903 140063261 8793999
132825018 493378 138449771 9972577
100221444 450594 135619612 10712412
90438292 469317 135746515 9627638
150820052 132646 225986202 340303080
187190068 467883 140930350 7805128
144872619 491525 139328979 9231784
260550349 485205 140825092 9210431
371473051 488908 142367125 8066058
171953912 491079 141171154 9559136
365307578 459800 142288207 7745872
3543614 472982 134853207 6724744
153332930 461887 140331791 10446086
228483040 482737 139509555 8744824
106966604 4144 162733425 410695804
281722389 491574 140696477 9081866
324555730 463107 141517687 9000389
268752454 53500 404487686 389660684
39911012 475462 136620344 7957868
323677129 468562 141280300 9058481
16434685 456795 134942196 6514503
87655461 451708 135223165 9561326
320681823 451875 141903802 8429368
361181294 488729 141942642 8399612
367393754 203187 476512103 301491577
239389038 450998 139144797 9940744
172215755 496418 141096731 9616960
146360835 79915 81033638 332743944
213166284 457407 140835590 7887822
14531967 481685 135204274 5982149
250998557 452214 139644312 9424792
222286700 450741 139786449 8498724
286932464 488382 140452325 8330057
329928784 479279 141806558 9078293
65232965 121698 328470308 31242409
56033389 461553 136779862 9141112
440829867 226276 402915009 288337726
22887189 492525 135312350 8306157
130905404 480289 138132102 9989940
213440622 123715 336149853 213265290
322935901 462526 141588965 8843817
245398685 497001 139636699 9456191
96132230 472734 135378642 10370436
230892945 462208 139131318 8298531
332450721 492860 141390292 8918634
367389738 476044 142833841 7544577
249148780 475776 140236997 9666223
281135360 462114 140404242 8955256
275741196 459134 140171786 7835368
134898764 488156 138870647 10341358
280287238 209211 281162225 330885169
342251606 467007 142123388 9720277
120820628 1015 36136346 248961131
197628590 451710 140344545 8208558
226308834 465362 139555996 8800233
89672125 158550 466151704 284510292
38506366 486945 136166319 8690233
192560315 473113 141217615 8227906
428617292 12396 20721591 58039583
238409473 454152 139521713 9930784
164979086 472104 139890330 10189514
84736046 463339 134895192 9948506
16042093 495013 135077416 6312863
191773425 494960 141176693 7974161
320967 458419 134672152 6667258
30556321 479192 134789661 8945076
101347937 475846 135709505 10987059
81107310 460742 135163441 10794325
116291043 470156 136057871 10017849
423730407 61155 239900150 346551651
311279759 452899 142317217 8745575
43723394 489367 136149916 8525270
277243748 460603 139988940 8308807
19478462 493124 136036855 7103768
153595128 480957 140525873 10450601
221715218 460012 139764391 8459359
464879865 183015 86686439 190098948
345735857 470719 142273382 9965616
273448118 454129 140225225 8854171
182715558 497808 141254126 8175620
354468707 488433 142746775 8510021
331253684 454497 141573408 9218725
495103100 75212 44337929 471617258
226192894 462420 139660410 8811759
40905801 499248 136541970 8064757
366825548 477207 142413867 7590019
322523311 458104 141527068 8654021
20762713 476694 135675022 7843760
35922651 477932 136611496 8072287
211631282 470407 141333507 8285042
251913628 73176 378193570 28319232
287947118 458228 140742823 8144816
266487610 468248 140965802 8588747
7463770 452833 134429170 7579730
90091183 489741 135527459 9755689
455919649 128485 402348189 350510836
334967161 469707 141623162 8546640
370854954 464594 142626304 7833074
116964060 473493 136298754 9941270
330738160 486154 141785085 9136769
363509289 481771 142616217 7827123
261773476 467447 141030367 8699070
189509339 498696 140883889 7497968
45527710 499365 136661885 9075029
69463621 489665 137650809 11428075
168867629 458906 140024945 9758217
298909845 488667 141799609 9554861
288482839 468757 140825246 8245841
310476715 498335 142134536 8764308
141867247 494770 138297763 9743971
328031183 471116 141762039 9317876
185425518 457251 141233572 7709615
202298095 468293 140504437 6598475
151640569 79621 22661383 215778407
118938531 15072 254922181 240436113
155199629 460004 140451095 10431500
367219785 488701 142713275 7495193
62006739 200781 407286191 225605028
108315238 456655 135826298 10542527
185737487 248948 175933543 76960710
59365854 464594 136998517 9332320
309549913 458583 142033115 8664021
205364342 474647 140497374 7557403
25636796 494675 135204433 9141443
42935338 480917 136426359 8527536
200549807 491390 140181570 7320825
89255803 454471 135228246 9812827
295969723 490944 141686725 9414282
279238895 465754 139793125 8563971
8460936 456715 134346712 6955994
71427927 462244 137329077 10895183
310168214 452390 142240822 8630818
121246676 493811 137136228 9918857
293049282 458730 140966942 9659271
255588449 455138 140796800 9105938
294729903 471285 141467161 9656997
169251949 471897 140078270 9705985
139279703 476928 138557784 10378340
247271739 459537 140230805 9652341
158389017 456896 140037247 10586816
150548127 464452 140325208 10255070
358087722 491929 142334890 8313589
346258696 497238 142239673 9896583
310232766 465042 142275183 8661009
33391716 493223 135741815 9136986
136749817 451263 138351397 10056512
70698536 479316 137427935 11450022
272661603 49713 90548597 277934314
200800552 452272 140374864 7263376
38172455 482653 136172047 8635226
82336818 466727 135051265 10306879
183477138 486721 141278830 7789605
74119577 452941 136532907 10019050
88361111 470266 135474633 9366797
161606173 484773 139580017 9596976
71626090 490659 137494433 10862376
302374226 471188 142017093 8528565
156329971 499213 140426618 10163269
344995422 484133 142564354 9714723
215677852 175077 147892261 228204095
122899106 483256 137460724 9751838
332220823 457174 141552824 8985999
104659946 84345 312433075 129741876
12059056 462275 134887051 7031711
36758570 491875 136397875 8155438
352751635 496188 143205176 8814058
312569781 463180 142355051 8378549
404907315 97558 487856109 99675164
48320849 479331 136350523 8970816
83577054 457533 135130225 10362281
19117629 470996 135844768 7045711
162992980 84367 272233249 16295199
213670443 462365 140789380 7834485
169717798 466032 140216615 9681078
236043581 479450 139328068 9437176
366922557 496071 142418799 7497942
372359404 473991 142373059 7841110
369363744 455180 143156302 8053682
209442454 470318 140644887 7942870
2272271 497356 134746668 7159964
345443875 468912 142473754 10057223
129092125 499862 138272512 10128938
189049603 486638 140993411 7583776
215183726 490738 140234120 8041395
120921746 480831 137118584 9712590
347937664 498803 142243933 9812705
246845313 472888 140364717 9789569
28656036 485575 134634729 8796145
249417629 478194 140052553 9581818
96938947 457714 135220581 10404515
183010628 472141 141253596 7881082
352812774 83101 462197847 455742573
360060328 484958 142394799 8580204
63439849 451492 137538549 10749508
29812612 478893 134374369 9046895
251232387 496297 139728234 9280466
101986558 463845 135606556 10736326
127709786 490290 138168458 10290330
73078799 494897 137097646 9960622
49528258 478430 136694436 9309116
109698054 65644 430196506 381535441
15237312 484275 135263532 5709089
370175032 478433 142874087 7973687
32981188 474551 135726809 9270556
64889388 478798 137436327 10893937
13059903 464007 134787705 6455792
3749587 475917 134958849 6825074
137147470 479903 138497314 10020593
100690707 480997 135529116 10952676
166332135 487383 140327253 9919058
32725034 475514 135496903 9296802
26743174 487394 134647195 8592305
227645980 463016 139637229 8435316
338358596 495416 141965646 9098418
237743593 499428 139540073 9483225
183234357 480644 141453728 7857485
59700814 469865 136984928 9653687
219683641 471848 139832114 8378678
256860839 483947 140635214 9305644
198333519 472496 140157738 7837443
80210169 189182 358073929 270888965
18553824 30300 139006045 167178610
256480130 488014 140832133 9270090
60772552 498363 137162293 10154412
138903204 491831 138612617 10285333
79842932 189403 463716015 390832508
134131034 493745 138693258 9761878
148421833 454783 140314706 9875604
77806686 473660 135139017 9955846
134992016 490162 138782598 10346559
306671868 10909 228453977 250935533
326890920 481336 141650380 9146295
98739973 481726 135634349 10647899
274128867 484452 140030616 8747201
102224347 458808 135435047 10802606
95356108 479783 135017698 9955263
313096724 490285 142510344 8006906
206228137 108895 41916186 75930290
190936905 498781 141465543 7426495
19731012 101410 165966963 463220460
180696355 493909 140973121 8022978
334561467 485936 141559871 8818788
201387333 485086 140520782 6822517
95470162 51543 19493882 63049578
332937076 492626 141472769 8514762
169433921 496985 140108944 9857283
118786749 479315 136865235 10103176
52092069 48332 12636985 26535582
223598168 465067 139670926 8385103
162877859 496417 139560584 9651013
258620394 482621 140519241 9331757
96649423 465952 135253726 10660892
120133136 469622 136827536 10078492
57817072 492649 136516847 8937213
163912598 120036 269083056 149561247
314675721 454679 142015904 8080762
89079480 492526 135309020 9829765
232147909 460111 138733233 8691252
138996978 456175 138605492 10198685
110390418 492041 135393648 10447853
269684569 481788 140764112 9075962
66602252 452906 137529600 11145822
270962083 495081 140692872 8936333
119534739 458416 136817551 10083874
52413596 472656 137565986 9749432
47469938 480554 136509321 8865678
63952794 471182 137333436 10879420
312325652 494832 142503690 8474037
223677325 451906 139654789 8448121
125011113 488203 137459170 9960248
300209413 499229 142232681 9220184
217415688 460209 139857978 8346501
70924960 456619 137420210 11301281
214301147 453846 140684316 8238122
258901313 496285 140575675 9556241
24092950 460799 135200670 8913135
282890439 482904 140936559 9220414
492676485 193370 298410319 77706566
165503527 121888 425155031 3077245
127969771 474605 138162355 10544210
72824306 455196 137275059 9883545
119862764 456922 136573142 10062514
190343336 486652 141256174 7696073
306973007 496367 142123751 9478240
45426776 452053 136696255 9141591
138746175 482712 138512443 10342187
352199844 465374 143155232 8851013
45710749 479626 136791733 9021840
340354019 487681 141739998 9151061
305208740 472859 142156411 9017488
359975550 463932 142464391 8595387
142902428 454705 138866669 9701751
181218693 472832 141057806 7924133
241049409 3879 26499962 361222624
154089506 470836 140389529 10523710
224614920 466460 139650771 8462405
211005183 474723 140991414 8008116
125763107 454464 137890560 10191332
323099681 451710 141438509 8857140
88643134 462065 135519526 9603926
199753269 465037 140271670 7171636
131376069 475935 138532224 10060481
324901563 453281 141483149 9076493
16088272 482862 135105281 6331176
361669803 456838 142137015 8499394
336175310 243436 421683100 291294016
216590494 452681 139988572 7651904
110095071 489452 135688122 10448724
316941338 477016 141516057 8174213
304420225 497786 142513708 8924795
291388950 471751 140855796 8874922
303615620 490743 142136886 8548933
213414801 488172 140591846 7892592
377793024 223133 150521253 126897256
341986159 466038 141965718 9612502
267581231 487632 140841754 8991377
92251550 455267 135881370 9775518
328610714 484313 141756479 8931079
172131066 484905 141116621 9681756
306257269 495796 142136011 9282376
170552780 472169 140315673 9993546
292463429 461669 141241986 9384744
318736201 474721 141477363 7921017
150254010 498704 140610761 10263634
90346486 479492 135680249 9653176
125479769 455171 137883066 9915490
270835613 490265 140759783 8908589
325395820 463760 141590171 9463726
260627790 96788 207174152 109424317
123724345 198449 238209356 209117668
180992200 482971 141227208 7981223
345153916 496077 142572029 9865541
69744848 454136 137429235 11368424
289993501 454486 140596217 8564519
218218025 486368 139543659 8520672
248678119 463265 140401495 9447017
283421673 496707 141427779 9192358
48599330 469119 136588296 9011522
281945455 465069 140721465 9279942
299498236 166707 232374157 26679885
274591582 459698 140086182 8604413
186980094 487688 140894979 7979729
311936273 464896 142122040 8473024
304946785 488347 141992961 8918985
217690664 42118 181276840 276690503
322218977 84015 300682024 15503681
299273230 484181 141908850 9300719
67347566 488763 137420811 11755001
204547036 498728 140957017 7206101
36096364 482654 136514300 7995772
278334494 214135 255350958 3880483
348977721 485189 142573282 9277767
136857726 473270 138248302 10061324
236771572 463544 139408675 9200666
196452569 482605 140577432 8203272
313184987 56118 341817045 85271388
261044964 477941 141074997 9038168
35081460 496886 136292936 8381855
229926529 488968 139157920 8211774
350015474 174243 315634883 394241135
308777973 488410 142362884 9024214
225750643 477398 139877142 8586241
74579763 484250 136382984 10223251
313350629 466950 142561221 8209933
344699619 465713 142562395 9420879
93296969 479938 135618053 9789702
336160556 481040 141986012 8588418
106233827 121909 28411623 145646122
351961131 53939 465588611 287965440
94536651 471575 134984651 10220620
215694798 457295 140230400 8060602
166597532 488963 140517708 9993999
70131165 485530 137498081 11685889
264120182 455133 140931738 8998257
134758867 244852 407664501 63969297
202367122 53598 305253197 266134405
87098183 479749 135453451 9869504
83030601 483398 135006124 10265427
13982432 492774 135047668 6375074
372630577 481130 142268313 7674685
274711433 475850 140095009 8493391
89879726 455011 135396142 9835828
168159593 463082 140077638 9940254
303473471 204958 289249393 107609568
30150591 467937 134506956 9068097
232980224 485599 138869922 8917739
209174155 468518 140594322 7764484
15448488 459368 135257066 5913798
129609171 481483 138083427 10456895
108574656 464070 135988396 10445210
295425729 17009 332547612 305341904
211652588 205214 262918512 319507622
296654808 450991 141854360 9579313
254357391 461520 140038451 8894827
93359861 463620 135599331 9745535
163167428 489233 139563711 9937454
298111883 460511 141944971 9574185
368858386 479487 143310702 7702728
57579551 33334 186855475 291797689
193055545 463937 141150092 8393240
92613964 49824 482534658 9263776
188813757 481363 140926087 7752298
107129723 464319 135576324 11068296
331022568 496530 141693579 9329670
371946607 461317 142364968 7981052
99751084 463027 135375652 10938808
7102056 459794 134705380 7665231
463196415 64350 306489594 363192559
336920947 455061 141936996 8623131
165246083 492768 139857793 9955054
317937417 499828 141124570 7922001
22192929 468353 135404270 8125987
326309692 475480 141647648 9509212
341150565 486305 142079143 9427873
51481638 499724 137305573 9543286
206025321 494741 140589022 7406101
191483266 490757 141244757 7752069
175280482 462645 141106236 9551607
62099853 469919 137832533 10687670
83861889 120671 377855309 50048679
414157598 35758 485819131 371348556
212272198 497399 141246773 8009197
180347471 489800 140915089 8229059
13617532 486348 135032251 6201883
220784164 487968 139676911 8179183
156052118 491987 140445534 10422206
202380768 217606 146657515 275018781
64368595 468141 137433913 10933458
253325719 466499 140289964 8550715
259408601 494693 140618301 9497029
153071157 496881 140190241 10566307
199253071 463191 140167903 7568066
350834439 457744 142780795 8641265
6824457 476001 134712139 7936071
207020160 458011 140602300 7441680
272859767 453804 140590164 8693256
304138212 496343 142257654 8950752
254525817 490302 140055755 9045948
94056716 451087 135003889 9781371
174247684 86683 453938029 423384758
192856836 490323 141266432 8475607
290391599 465771 140954517 8524725
242516907 482725 138710421 10029669
149272732 485250 140846780 9726747
234692385 497841 139539118 9423094
275263149 484767 140095205 8117381
68345648 483036 137804846 11755510
363745421 476267 142392735 7814475
344187160 474209 142729104 9562355
296162097 462917 141659477 9382203
154585599 478392 140227056 10190091
81728859 478398 134820553 10543767
148006168 481711 139938883 9879257
421251481 183262 91049144 58860776
431617968 180106 477165267 379137157
190767841 480716 141522852 7538250
275965521 497747 139961689 7821143
93858795 477650 135165305 9744867
160092457 452899 139919964 9773534
194621649 497861 140693174 8433582
215450724 495377 140197913 8272186
181596395 492110 141225023 7713651
24805189 450286 135208142 8560274
56754504 482897 136289666 9108440
143766615 482173 139068223 9039120
164500329 146650 1811611 179941933
149004695 465382 140695605 9843608
375212308 70650 494792798 175100154
78326977 484360 135351385 10263766
195148259 494121 140649815 8451009
433764414 22520 461290250 119291148
303224302 485340 141764385 8557092
361931334 469274 142395650 8496501
14244853 455192 135179165 6244153
286314711 464720 140874852 8375886
62638499 498320 138058945 10999899
123947139 468286 137209973 9771633
121071375 497645 137068075 9811710
289231762 468842 140403652 8510812
340631487 491757 141874662 9293864
137661702 456662 138336878 10374388
38773922 498917 136362287 8618647
364740248 47514 405601557 202213303
226888232 484830 139750600 8489739
285801508 495285 140801290 8815526
286565608 481176 140795886 8306764
168888020 110861 366473492 386835286
221427258 494752 139726210 8209580
228697944 494895 139700248 8769034
12217347 492586 134910456 6896826
252377195 463803 140372526 9209127
256944668 455779 140680275 9344409
187409977 450621 140950136 7605007
7242308 456860 134623532 7606828
16705525 459051 134685465 6501946
36539103 453218 136424286 8348494
484056403 101024 239058653 380510572
362629380 471910 142234370 7959741
325772168 493936 141631120 9474930
56484181 459731 136478605 9189823
17250547 454994 134974454 6742733
32441310 459476 135276804 9360424
226757251 460667 139633272 8476088
283965451 489404 140995779 9108307
222516507 490010 139795961 8278432
168681414 169375 411287065 43541214
47763425 456982 136516389 8579260
158793557 479390 139887383 10434819
163626776 490104 139658136 9768210
55750776 485225 136718788 9362650
127234901 492571 138130566 10202816
249153216 59928 296857331 441824918
41245745 489625 136456266 7958856
152299405 483595 140075644 10778689
297648075 458240 142040418 9568318
357670307 471276 142500584 8489165
264411287 495291 140705488 9063109
68737828 478271 137780862 11390409
48058793 470262 136359956 8718194
160919721 469845 139617458 9745507
377162673 146519 204120223 166917265
371946710 233871 143862079 338807373
262915144 457945 140801684 8978011
152847084 498023 140024316 10508161
259913812 473790 140784295 9433787
248394807 461134 140538053 9593771
355759341 452660 143054899 8038977
132224962 465651 138440304 10433060
313643551 482519 142394424 8083809
350623029 465580 142678127 8750006
114759562 498939 136184800 10503196
273098393 478885 140354791 8696509
110638610 451425 135603371 10409386
444631115 90119 318240985 485363823
298398516 498718 141740250 9656094
26461232 484960 134826491 8694951
106691147 479147 135744977 10798379
347130367 470764 142485767 10001150
75556668 483433 135816814 10358783
146047063 469895 139476416 9367752
52160269 460995 137325342 9736751
128129208 475391 138260327 10482747
111589580 467882 136194658 10414922
219117454 479856 139462201 8265995
29946980 451530 134395439 9160191
388689807 5581 276241913 243575092
284400897 486827 140734953 8933689
203015752 461260 140220087 7011321
141609432 477314 138551473 9739868
8798646 471571 134191241 7138232
205632535 471499 140737331 7585639
266202169 458588 141091817 8748170
109443250 483289 135756746 10305624
287382007 462644 140664019 8165925
101781587 485806 135482672 10817412
354172457 458593 142948725 8415722
340180502 484160 141778916 9123629
330443734 477856 141568523 9058906
208217077 210855 24578966 257736641
108029572 453406 135834291 10820199
52355425 38984 444046323 346210794
18617653 476574 135788605 7091056
327734127 463747 141654779 9128083
214944094 450598 140456549 8024193
184780521 490411 141529473 7977948
216038169 497025 139947816 8121387
263697002 459842 140749717 8757100
239624235 472259 139266646 10054091
151413738 471854 140229688 10595199
317554108 472986 141074485 8063828
62889959 474595 138023944 10783443
232414862 481180 138699436 8924408
142360349 493311 138332729 9709885
240755076 479809 138852047 9929256
249978208 486301 139867806 9690137
50641588 461206 137081227 9424147
166710066 460441 140538590 9902349
72574346 75359 100427040 450927606
63154048 58575 48839053 39268909
129339498 464002 138204642 10308440
241713460 495078 138633709 9885056
27811899 453111 134846699 8385948
301975746 24869 15405516 278878280
151137361 492487 140217539 10330973
80328982 474970 135401910 11151410
357889019 486655 142495522 8275518
10353293 122114 354576601 348626233
283684545 139181 274021653 450507037
12619407 483821 134891643 6680386
105384430 480438 135833628 10852020
268992009 485572 140683330 8906798
497423272 198214 379757616 320117957
131303875 96242 289301875 407025309
250762351 488126 139848493 9392768
28389803 481284 134838837 8858268
174180369 483302 141237705 9975108
44390350 472084 136351817 8748239
176803888 212201 352877938 471341752
343450020 465043 142532252 9542447
203144685 458272 140275727 7084613
311676770 482613 142204098 8650468
265915913 462474 141084583 9027190
103112377 469009 135658580 10667884
136008996 459752 138639117 9922124
203142799 31258 172931740 433403356
54221257 497277 137428153 9453219
83830728 474781 135119779 10119054
60312524 461936 137031446 10216716
776389 455002 134969981 6824848
219418783 471422 139568945 8376989
128351992 495004 138471125 10494730
238825963 470057 139252465 9783547
157411228 463872 140171859 10446522
293523841 454140 141306253 9524028
316980616 110324 18665546 320546297
353240583 491837 142958130 8572160
212260074 228873 464455848 348195686
171670109 488147 140887996 9558494
117718272 457771 136414870 10101689
302838790 472724 141934559 8515324
439121713 9703 314040989 347604135
1740753 107877 306517547 436717690
83347899 228309 82474104 21914110
205106623 467140 140744147 7546459
115339210 474602 136136369 10452031
439577685 227107 70607760 232917953
134390093 477369 138777379 9936815
194552464 485350 140727338 8468602
357377381 496241 142781645 8501029
57003758 496121 136157418 9225445
205863742 495975 140718130 7373633
82073596 472617 135106605 10514760
107578611 498023 135975257 11052879
104983215 469883 135645931 10741283
208408916 464973 140762865 7620148
35504550 452530 136576121 8332134
269122127 470626 140676730 9030315
145708735 455332 139406615 9422160
3186198 52641 299130883 334296077
10114717 452897 134799856 7214718
111033587 117145 148002510 198505107
132759965 475571 138472461 9930216
350206067 451648 142356124 8766927
195974736 484934 140724472 8105141
186212359 468091 140676702 7937828
459796896 146847 375031836 132667801
296087203 478424 141592955 9390575
165529829 497700 139852426 10233433
9827630 481875 134794418 7496365
33979194 462696 136110430 9279012
164657410 26504 151124309 451259138
122053845 464200 137035043 10171410
257865874 461803 140710833 9293672
286435236 458587 140885259 8265768
267375891 491767 140899592 8843877
162546555 482621 139768378 9527503
385549435 89398 138303210 200243885
374049719 239296 128936581 480327227
318027286 162125 242413736 204096026
52647717 479582 137407374 9824939
59891248 459858 136983849 9843040
319176488 457320 141622090 8125845
280609136 460573 140412324 8970514
284696235 467501 140742422 9221555
321695557 493430 141640669 8515969
324777245 483259 141489871 9194086
193602896 482280 140932221 8407674
209725611 461589 140621331 7683271
69954771 482510 137436127 11571452
38555774 235452 258994223 261537870
59412716 489616 136987060 9367724
390230106 45696 437198319 191459899
293796428 497279 141166713 9657074
233764464 474582 139232443 9339451
244636714 475519 139155930 9579933
51907803 480266 137084708 9748580
336672544 474578 142044086 8764442
192261028 60330 315788595 129601819
362344003 497943 142266826 8212660
185341477 498614 141277232 7669237
207839991 467458 140770269 7444457
132891891 212189 401411636 25480245
10468894 181454 49281250 252029360
53806968 456320 137295698 9678637
10354889 489977 134799297 6975106
275490982 485422 140089300 8003096
195047633 468678 140726336 8475113
311503913 473083 142376208 8649723
104042600 478087 135557483 10652115
173727499 484650 141371260 9655795
144467177 489497 139262581 9141663
241995851 494281 138867483 9836442
19516124 49931 342641943 309584288
240847978 495550 138936061 9920369
21405512 486748 135455874 7945588
225481723 469153 139716091 8694109
344477117 450023 142682760 9318742
137979362 127313 53515671 92037940
337666387 460759 141982288 8696718
74348066 464946 136585936 10194508
23161827 489243 135555897 8337248
8312362 452156 134274775 7032631
124531082 452421 137107078 9891007
3897549 202257 37916261 229097274
497665977 213198 161350612 82968277
162071890 472460 139453613 9558377
268324750 58939 462941746 191367035
179986018 23772 98828183 41850338
348234455 484717 142522533 9830893
116005027 460619 136034612 10280605
130642856 473045 138094803 10215186
20273514 486962 135747664 7427205
331509705 479756 141395563 9140552
309997149 466262 142117414 8583161
230447648 491921 139319300 8065530
210741002 487577 140787799 7947551
2864600 485239 134967592 6934997
80424381 489997 135480545 11134648
356836147 455745 142551579 8508328
34515131 496811 136228295 8875195
314753757 20239 470398103 229791618
230269254 227647 130690525 442729372
39620408 488517 136729465 8139348
144691330 472469 139453438 9174956
5055783 461346 134701752 7428348
263133812 499736 140789786 8771244
100396898 483037 135637669 10869807
147796625 468243 139790999 9940915
94273451 465709 135014612 9987382
79160780 145439 439415844 218216918
484063082 113539 391203942 374269252
221756648 488281 139790202 8474978
356325963 459267 142735142 8232813
12566061 454799 134884457 6634227
372299585 481170 142403805 7812038
44636090 469903 136328605 8970766
6360791 471622 134754249 8086385
316260409 457245 141532077 8062360
172501467 486172 141347690 9582208
112959247 485334 136439286 10757076
112204715 462854 136422353 10606131
52944709 456802 137268370 9982927
75961287 483074 135946716 10084067
322665656 478916 141591337 8575947
94804525 497219 135013107 9981202
324400703 484608 141601037 9072063
86108862 479634 135462328 9942906
30402462 473429 134744962 9054233
282210173 478901 140972256 9266016
351373295 491300 142989474 8807166
402339168 73959 413275729 396883680
27570123 225942 309461522 120132727
125936757 456327 137999826 10255716
86765028 481303 135317778 9745191
386723336 92252 148720297 196337194
232690501 480262 138780970 9118510
340926262 489265 142090584 9215011
113909605 496224 136298034 10676725
9255834 473103 134613358 7105629
319699955 451722 141803507 8417741
25129778 458578 135313517 8779484
21135346 485870 135565130 8106497
39050147 460762 136405093 8385229
89751439 490497 135357805 9745879
212276050 222946 256552863 422232496
2140593 458947 134768189 7049808
16953935 475950 134678202 6743092
127007697 39138 159242110 348423176
147166731 479630 139741728 9748997
23275600 489647 135455723 8350847
354131941 473598 142981177 8407659
115507959 481235 136235864 10521283
203811109 99533 31502623 67081277
236561818 499616 139404356 8995232
158592352 466039 140088331 10434565
123570258 483196 137094037 9853512
309008760 471109 142304166 8852146
32679751 116664 354742120 430202490
26736934 84962 451389903 134472445
368708129 494651 143176683 7718963
9473592 83276 294407699 351439037
186795470 470428 140719662 7989035
54517706 451050 137378739 9206187
240479894 463114 138870646 10185839
328730493 208365 328585657 361379729
353567395 467100 142755569 8589324
395261249 2772 293654783 233994873
353513850 483936 142715777 8603074
8051355 451623 134201227 7220088
61040405 450877 137200431 10384126
78033545 475273 135323365 9998355
106565265 489417 135815983 10853253
297350830 468464 141824755 9649897
112069230 475058 136372553 10691813
184725443 497765 141481528 7985081
113675301 467603 136453223 10615774
158122025 188081 351813451 306142302
343938062 497032 142889637 9473790
58111001 492043 136517428 9230560
349202403 468955 142363153 9263217
335204314 464658 141610050 8770680
319982894 485296 141873839 8205134
18998937 497145 135769642 7089275
294221887 463522 141205910 9885795
191238325 17191 405348091 487450680
280148844 459491 140430014 8527916
49328658 454692 136504157 9299796
102621589 481934 135567402 11067491
323096374 204366 165743434 94471599
23774316 474909 135241881 8635716
195360505 194070 164933351 457922513
86537980 462768 135536274 9736640
99117056 478761 135420899 10713181
266697225 495165 140855465 8688024
113252309 480295 136402370 10500931
264899961 454869 140579507 9015017
363944900 499583 142460007 7682270
311748855 101093 238879948 401372630
133871811 494342 138572284 9623630
271681641 479140 140785471 8789707
112703175 84214 41788678 371506098
88101608 467297 135481003 9619929
257271496 465348 140742517 9601418
86545169 92195 270701225 227906693
197386752 470611 140380031 8414909
250530379 465078 139674745 9334544
339245589 478101 142029055 9006821
216073349 489336 139926776 8107249
178029000 453919 140447193 8975755
164550840 175301 245431648 47743498
119198591 473180 137093749 10129459
21994344 450476 135372890 8293191
296919684 486415 141607075 9561725
123284062 464708 137308946 9924799
53518108 467457 137411897 9851295
97230461 459801 135406481 10298903
263430268 470944 140761964 8502613
229115733 160347 330435819 149746035
246810364 479738 140351394 9811193
158124645 471036 139937486 10422208
174737167 462943 141508884 9692271
269929804 494417 140864627 9220682
42644663 11148 395422928 164624897
221143870 490176 139984190 8184174
370401661 479160 142967489 7840462
19562762 490478 135953581 7104791
73842143 470188 136601536 10227853
217123379 463628 139858167 8054383
189546739 485593 140876732 7528208
16625094 468418 134765119 6501171
170001622 493447 140397040 9784474
433425368 108671 223595556 463852663
273288809 468986 140353286 8885419
51025544 471194 137216900 9175867
246529600 499249 140134062 9747761
300450700 496980 142178297 9407087
222007925 457711 139805454 8238956
42719338 457935 136556831 8504631
21637589 484971 135439767 8161557
31600756 473694 135006944 9592193
256610369 486985 140776011 9195974
339142411 490797 142053666 8928256
75260263 485995 136098169 10343736
196739898 472861 140313813 8179562
85027228 496228 135161885 9924018
284507449 18796 137411548 274602259
44912426 467741 136206515 9125010
167880105 495778 140348081 9949299
31808626 488836 135053390 9430769
271441475 493813 140890331 8654403
124722518 460643 137269165 9861661
267835401 457531 141017825 9069474
262422420 465809 140856799 9092069
54655758 83892 332192123 299382320
229357396 465493 139442414 8496410
306026336 491099 142192923 9108356
177002971 467926 140685657 8990131
156456606 470913 140368364 10231648
135254054 460977 138819710 10121636
50100022 477156 137011397 9563915
498083322 176674 277362568 134741882
302790397 24197 247639487 101969191
268756260 484743 140891537 8934337
177788925 469071 140531192 8819682
215901616 463500 140028258 8065277
87359858 499803 135213759 9847522
462217635 32109 86857625 41523509
107062468 239789 355333810 185839970
178094478 470609 140457239 8920323
320123987 480338 141893855 8326210
306541594 492421 141975419 9406106
351604591 475662 143099412 8685811
352965966 493624 143004621 8800283
167506397 494713 140379363 9844639
255298753 482046 140645762 8967282
185991601 478644 140678585 7718956
111195318 450519 136081940 10331252
151855953 475120 140097082 10904806
313069453 454901 142505073 8028903
64647544 487332 137234396 10854026
273687623 452476 140062873 8777018
67893452 177885 360973691 333677499
278515865 470012 140225222 8348204
67576151 483857 137431001 11973395
167625279 496738 140470775 9817170
183747259 454299 141533712 7774367
440735790 240769 80701669 435488340
164213470 460732 139600936 9936831
455999450 123837 361181147 175663289
104319562 458935 135754336 10732221
175518392 476132 140997762 9422173
251521163 458809 139818155 9479320
273939283 462080 140022615 8565618
46412204 468860 136632678 9069265
333204469 467002 141521555 8733369
248856724 494263 140266369 9403540
1036380 484143 134732667 6847525
362903056 493548 142487150 7938848
92709088 477978 135997028 9881127
247745189 491915 140427090 9811745
206932905 497660 140674474 7456758
305494486 459364 141873703 9020526
258294732 463597 140587353 9335836
2192981 223578 334485168 368699516
140193948 479081 138663211 10155235
30849760 457510 134799565 9228610
126359672 475314 138140144 10367414
347011168 453015 142454828 10089409
26193594 457091 135000385 8788695
148804861 474926 140503916 9851753
356017412 451929 142859268 8101415
343205653 493017 142325367 9504967
172761223 450920 141585772 9603881
368486845 470767 143151858 7522506
89195578 493109 135249165 9773523
341434760 482717 141994400 9627322
78909842 491306 135153239 10469053
176281848 497080 140968177 9205397
156048496 5765 208215705 315757004
267922327 486791 140981697 9120271
145815795 464446 139306200 9428803
100778782 30681 494655631 387732139
181965426 161267 463225580 139093719
377789553 195863 216439418 34620505
153558812 497275 140546089 10434502
56277417 474800 136586245 9090701
163295358 470112 139622012 10007082
233525276 487134 139118222 9214485
115603012 40412 257837955 417034911
359699246 461688 142333048 8450426
318325042 454976 141499661 7934321
371176505 482263 142367722 7770109
332675132 223610 35486616 171279734
272481123 495241 140536433 8760882
252977784 22710 11625620 1497670
224503424 450679 139598425 8403255
204029438 484338 140674792 7325266
234877683 451819 139539077 9608350
79084172 485669 135124778 10614920
467804469 57613 86678701 138814246
54789168 457057 137513793 9342592
46664938 476612 136570457 9259777
143486526 499803 139002463 9253447
241460352 482070 138716910 10054963
243723698 102748 444106936 314743389
217932697 461638 139719609 8411295
207558105 479026 140754541 7710615
64181481 489468 137377443 11064099
138662692 451945 138433866 10347090
149807947 470787 140899478 10106289
369154374 456470 143274660 7962672
334010927 481364 141576500 8791952
175804694 498951 140713932 9419701
59107982 492983 136906922 9166044
34808555 485647 136224122 8585946
73603551 489820 136602590 9990315
117863552 485982 136558596 10100137
162719533 179918 269878655 192475926
96871656 107964 469498295 257733515
46007998 466755 136503989 9012337
164890719 450979 139907362 10118179
347323994 477162 142456958 10165968
60508268 464313 136997423 10054998
212258756 198135 151085774 219273003
351788458 488884 142930174 8700438
291198765 454475 140796850 8743686
6606386 161764 361665000 446230982
15788744 491694 135196344 6178442
108917226 452631 136046470 10248651
60119610 473762 137018862 10036388
202116437 472551 140532183 6752385
126654585 479581 138337200 10269560
1902537 214151 136942903 192392890
223957059 470266 139622722 8200454
287847849 482026 140661852 8126519
325121342 489827 141488358 9291062
252801659 486843 140213419 8967766
90725025 466400 135667643 9835498
207058323 462442 140609641 7410859
354735530 469071 142992915 8489338
1821952 480682 134750313 7079727
173222305 496388 141333140 9609004
260711653 479096 140950172 9246654
218682317 495078 139404038 8223035
170298411 480317 140185314 9869536
244349218 467334 139145900 9302468
354426966 242975 43240027 158919079
308216967 476029 142127343 8868757
101681687 499562 135567756 10802597
357080083 495704 142686902 8616941
420358986 96630 18411445 431184984
261351594 116439 204055482 137672176
227023107 469539 139698584 8406880
118087100 481270 136696977 10185303
345210073 94794 80918278 23659075
66029267 480640 137127791 10974649
339801504 470082 142086037 9051756
254716098 497569 140107762 9011934
230164090 482791 139051173 8080960
243033290 479232 139069605 9872475
417253920 88210 126187964 484433483
51646812 487754 137295770 9698654
311037520 496909 142115686 8786283
126940838 473841 138271161 10049349
175998887 488007 140709631 9229810
321404074 453248 141505706 8672487
426781271 66547 349278843 410349049
128805471 457787 138549635 10138468
28097237 479440 134895558 8622426
266973713 477815 140997897 8553969
331802735 495923 141390219 8852869
135715829 488193 138605876 9996573
259197156 487162 140609581 9294304
11393892 468437 134863725 7082814
157839875 470146 140122713 10322668
50486740 21662 177784798 227001773
81673077 478615 134862283 10529717
372188185 479317 142346297 7758147
257706717 469464 140829307 9252989
13338822 453493 135061175 6450345
84114274 456028 134990502 9964785
243590626 488108 139006056 9551777
159362768 475510 139897471 9887445
337203519 492024 141918927 8358631
25914842 459469 135044654 9023178
260893623 452346 140965258 9079770
200925450 454593 140470250 7233866
351870504 206054 121343272 483996462
277512545 463812 140016447 8550095
317445367 493820 141077533 8169520
271218017 497538 140787920 8775449
333587905 120458 378800585 324701720
46944203 490212 136625100 9035156
68639119 492083 137806393 11463587
191220419 478750 141425663 7670129
211039591 140577 362421162 106041072
17083006 5879 48916955 191853824
336140936 479649 141970764 8592789
195687655 497423 140683847 8351594
333983332 41426 21683236 104717974
239830093 475441 139070830 10064132
78621979 482642 135357567 10552584
263904390 493783 140909986 8804218
335968452 467746 141890962 8685468
251793672 461374 140074931 9495050
231918518 472996 138565749 8629347
476890486 94684 221979920 6097300
283160293 483589 141200434 9226393
319414719 450433 141828582 8157583
365685437 464046 142256109 7517335
432531570 23458 389025176 459885986
207925526 461746 140755723 7515446
611447 488029 134949822 6680066
321110434 464414 141784461 8687370
31060977 450161 134825407 9413983
258120962 458931 140577962 9171458
139902163 477127 138387280 10139382
90809472 484567 135730521 9813930
5600567 470353 134447404 7718782
72414287 491334 137339481 10229136
156633281 450336 140251633 10291590
276713502 490451 139970988 8072378
290804703 34039 192986701 294417233
197095077 454590 140377508 8125760
181785789 456256 141086799 7764819
81385323 472565 135149528 10530225
315234622 495932 141889302 7968229
314955896 461654 142167158 7967359
263615670 31218 465342789 11435335
18249230 480813 135876782 6810815
54748834 455777 137477119 9338935
199025430 473493 140170462 7793147
3839206 473738 134950506 6743799
311340765 492473 142343567 8780230
395593985 72385 17285313 282626615
122516562 472008 137275221 9948875
363081260 451649 142404679 8034578
78675219 464826 135314763 10542149
40160657 462878 136393686 7934881
148549715 467858 140333755 9766774
258425545 452051 140640637 9258307
214091081 464151 140681954 8030418
365398288 454198 142198002 7746376
326049807 479786 141546700 9668147
236340934 493278 139328393 9140150
133072498 477788 138665530 10004298
256028786 483319 140505118 9254590
238559537 473530 139513377 9789058
112750789 494593 136566244 10838576
198076897 489750 140224301 8027499
225195597 465663 139440373 8683701
230622498 472794 139331454 8228223
41158278 474518 136382097 7972154
155776840 475477 140415489 10667439
214595073 486741 140391111 8237403
120652860 484253 136872315 9689974
201824000 496811 140532505 6460272
97754408 454968 135672569 10068458
138267498 109055 291623685 302847934
82267677 25497 351748211 291855074
212733378 488625 140951044 8043504
152131067 473388 140096034 10630742
142188419 497840 138181363 9730449
91180559 488558 135603599 9600450
99981982 494204 135451385 10783644
255010218 455401 140400375 9010427
382756673 141946 96462890 308046825
47906468 33829 198151151 273246165
350487752 472126 142598789 8805945
216303642 487523 139972469 7922651
292756614 493317 140956803 9376744
83317452 468326 135159715 10132169
98251770 461765 135775280 10300629
286635496 462991 140748887 8329651
296586335 456036 141807952 9557248
174459027 466860 141236316 9697841
268590728 484759 140901710 8778979
95703526 69969 234133338 418484105
180562234 485975 140872705 8056683
193445371 456105 140892359 8290014
309106946 458696 142276398 8781729
309597194 454795 142064404 8680010
125229799 459066 137656258 9938650
38309043 464040 136276715 8603309
301846268 498222 141967346 8429854
371657942 464735 142434699 8183372
37288529 493000 136403258 8190546
260586969 470972 140827645 9244498
179812696 105401 136385829 64258758
427628734 245934 15322010 113151302
69272531 459954 137686367 11272544
45170647 495684 136460722 9120996
256211354 467357 140633273 9200177
325789967 108447 413108600 202523631
34111432 179830 466709962 324827626
9531800 462887 134642061 7352892
330326158 467669 141507150 9115109
206545623 12910 3889523 486242300
222974984 462031 139651238 8297839
314386754 485939 142297052 8072945
259630496 486905 140702208 9635016
347579931 498709 142243038 10123953
70409965 460918 137297258 11607915
290094198 464352 140657246 8524854
249849989 492370 139826573 9777122
140976399 481899 138728565 9851705
138382628 452900 138430351 10070544
49805610 453593 136726196 9554706
44005721 498477 136181071 8776439
195397403 495185 140446842 8404840
279695057 494890 140096386 8411072
442516366 232073 63487216 13016121
146988944 497199 139880162 9709646
208914059 483428 140853432 7763499
398618068 65439 123191542 42529062
118508772 495519 136624046 10139961
315506009 496090 141878548 7707598
111490643 453461 136270593 10437924
123101229 212956 147775329 295902486
54992229 139158 201248002 404679510
307450050 465112 142216951 9285242
2567826 464677 134673449 6937628
245690040 490271 139884545 9412684
268269368 459073 141071810 8930237
314093682 453579 142294533 7782393
121536492 493991 137127849 10200291
298634773 488032 141718294 9748615
262683641 474755 140639910 9047739
342654301 499163 142455154 9669737
390529423 49173 92096300 396761481
99328962 484758 135296647 10800835
74675982 164477 102195280 53986419
10818305 452708 134974884 7095103
80930110 473972 135267516 10867450
478887695 36891 205102702 380971371
244164499 482831 139271421 9243273
299385209 472124 141985663 9335885
304711733 480049 142224427 8922571
198456418 497657 140174814 7731621
84536410 480653 134814986 10067936
295440919 474436 141758623 9676061
12849774 143555 31076932 372128644
29060172 481512 134488284 8742134
217712634 475354 139562688 8348154
272237688 459980 140580075 8561092
358649100 492627 142365924 8415798
176575885 472637 140759130 9120407
77547530 477439 135330718 9888394
61330659 483504 137481895 10375338
257492063 477548 140765112 9403447
22473220 475468 135308675 8310680
240230371 498301 138809892 9997073
88718000 46995 80899978 494840816
66964187 200419 286370689 368971228
333348525 492895 141550042 8617803
39897761 18840 388666794 178437701
228086466 496843 139664917 8771759
139606761 487281 138664281 10157782
40688888 495416 136542284 7848158
44098563 499650 136093290 8781499
210236088 453950 140837056 7978021
206172366 482389 140610874 7531294
182235766 456037 141145692 7832825
472213886 70742 143703329 424284289
201102873 490928 140509132 7095325
253621782 486730 140285300 8842114
211336836 450945 141060255 8263848
65452641 489875 137222680 11057190
348463534 489185 142452841 9671509
68055768 499033 137563661 11804204
245971709 495425 139890244 9688652
107385659 490426 135814991 11085565
196858739 495189 140203952 8188540
10562594 466054 134923085 6891192
19403870 464076 136092197 7084521
223503125 460846 139660696 8300293
347828408 51998 28874707 431612019
358368095 495065 142579989 8348860
452812758 132092 84030642 6378998
86911473 474048 135349792 9786455
369720612 177658 421125199 171380378
278234195 493751 140071231 8475881
179209961 494580 141042196 8784953
240082947 498128 138854116 10100271
226529256 491582 139656769 8680585
288106004 473938 140677564 8051190
182047688 457003 141119152 7994363
327327177 453804 141641229 9248504
238291141 497373 139577301 9993526
208687878 481902 140752302 7888547
99002600 469735 135375186 10644438
327584088 463581 141512513 9120310
138174227 494247 138529130 10180163
208221726 469639 140761448 7805918
329337114 482922 141702948 8794327
63733922 464465 137260606 10733381
85859222 478134 135247230 9908367
194797294 455431 140522040 8429073
179929905 451684 141026474 8483664
288935613 476124 140403234 8215084
202787850 54561 352087575 416363144
235343881 451547 139379709 9301527
252089850 489969 140369913 9493856
82633387 477739 135337516 10296564
250234712 499797 139672988 9628451
356602615 457023 142526027 8300350
110932985 495492 135864124 10375766
358150601 16984 124526507 435110400
32179853 474201 135243103 9588178
228994957 466079 139633461 8538810
50445333 450596 136915477 9393642
133577484 498041 138571642 9917312
104428658 467846 135748004 10834984
369652895 485874 142889856 8030979
299072276 450794 141812913 9405736
337815331 452749 142119219 8708728
15050799 460797 135341803 5600847
289489495 454210 140388234 8268499
360895044 494141 142089115 8539386
194175455 486329 140930216 8398013
291664736 491481 141046708 8959796
123122833 456079 137440066 9954906
361378253 463188 141873284 8527213
341521493 226744 109569745 45170054
335466280 468319 141485759 8778206
242238298 457894 138690308 9771173
270943541 487971 140695508 8952239
175273452 247363 65583384 389132860
194450211 456854 140675568 8418121
320891174 473464 141929435 8613086
28614432 485327 134642015 8830463
115773216 477003 136263433 10283595
364709891 468256 142220959 7707528
349913138 474385 142477795 8938183
12834793 489951 134947623 6520983
40393835 466336 136357644 7737747
325569121 491088 141533009 9579863
11821003 481318 134927598 7229216
187284430 44455 296796595 285496457
302134729 488104 141966150 8717116
86325787 495962 135387878 9800434
358904847 474662 142581931 8376060
124236773 481375 137390808 9880431
282671912 493205 140762469 9175979
261306972 450538 141075409 8776574
82031012 147627 231692909 267980766
192024679 496692 141132766 8181488
161820050 484301 139378286 9609122
235612493 490311 139114400 9298226
246493662 490529 140145747 9723510
43187210 452210 136216930 8569978
281457500 472441 140553551 8959904
113759186 480952 136439372 10685805
308509504 472055 142179418 9109216
276218543 495162 140143753 7750186
85620586 499292 135448229 9870730
308666876 10584 445655288 403887147
20011593 472684 135782852 7200472
301552319 482205 142234895 8456252
76467017 453438 135666782 9858273
242709748 499086 138810952 9937362
249700788 454049 139821037 9633460
27007286 455588 134788118 8469117
55058374 460860 137295549 9291633
206739682 138080 422549542 255166513
128532043 481232 138558988 10402542
253871818 458802 140063818 8813563
351942710 481808 142912299 8836814
97470062 495298 135632374 10312609
168392277 477293 139846938 9938272
327062521 492591 141488009 9137068
24908146 496673 135218349 8653022
482245747 143020 313303384 338259230
339517523 451600 141803926 9053625
196258283 450314 140461101 8125317
7754547 486783 134202621 7515502
35734478 491717 136672933 8199021
55554076 459491 136858150 9305313
146303924 479770 139716437 9350913
314894410 483225 142113431 7959603
262214342 470027 140844857 8932830
349815543 487163 142532409 8981162
81777755 469947 134825603 10499921
300823129 457300 142275546 9142066
163873946 498715 139662917 9740592
178292666 488095 140396589 8782788
163988808 188617 267583627 272521761
74799576 460793 136483040 10343007
131751152 107831 216229085 228253122
265367710 486749 140661004 8902570
307733641 493226 142007678 9210927
76931593 188818 91811527 159684244
367681987 463755 143079928 7590737
165778237 482809 140039117 10171716
226044666 136048 187704083 286437225
309868187 489574 142113501 8458115
75840264 472473 135894631 10153005
147499888 468596 139790572 9644607
260115344 494859 140950355 9469257
198769513 455533 140351139 7868386
15522494 474558 135264510 5980358
320411360 482510 141671490 8391217
231155915 469680 138929114 8237767
200006604 487859 140420053 7066684
364922179 478289 142403261 7737512
355026498 450379 142767868 8423418
240924106 487308 138912655 9867649
377358015 44857 269505000 47466263
207410829 465418 140616609 7719958
42189226 473402 136383941 8662569
117218559 493088 136366317 10128204
50215045 456053 137050956 9488451
204833411 483761 140740969 7276426
349537186 454874 142536925 9255001
254167921 454389 139930786 8976631
235820524 457039 139283196 9258991
68099150 117383 298737982 343829198
119135855 490483 137078208 10082266
144236444 462594 139285223 8933573
339746717 80295 220468327 273797355
166064073 467278 140065743 9912506
262066673 467907 140981728 8943627
237999428 473857 139577308 9701822
17484204 466695 135207069 6741694
262331274 450498 140875246 9019370
353858109 484570 142967647 8667958
357170832 482472 142643581 8569514
102385472 467311 135562848 10835929
163976580 477361 139600006 9700871
280875835 484059 140417717 8709208
442671554 50842 241133464 203853151
76987548 483307 135568841 9669391
75020916 485384 136299244 10305466
98461257 488230 135654516 10389352
290687824 494355 140954822 8820645
317649807 463510 141059793 8144832
442286777 30008 486846957 74677995
336384208 486605 141847068 8673124
41953272 474235 136442192 8484866
188132616 497530 140996456 7729630
252630554 483999 140383062 8966306
145168607 477314 139337030 9519720
148286321 453295 140197289 9857510
4759030 474726 134998062 7428788
173536564 482494 141206197 9681667
6180680 469883 134781003 7933028
128117555 47289 22463103 104041079
189291327 463278 140841429 7673517
362950438 182105 132040514 281590495
29535693 470660 134430461 8826069
163585351 462126 139644922 9740002
178558065 466800 140633117 8753919
338637301 474859 142226137 9116629
306610501 181862 483009603 161558210
247023639 478734 140264034 9867212
312220028 471527 142402438 8469668
227828838 492827 139703092 8552309
88883402 498642 135458864 9783531
289706129 475023 140516064 8357300
181324398 452538 141160809 7921434
89518137 478273 135341016 9962391
245124590 474515 139417218 9510805
279444516 469855 139949012 8514238
137906284 450719 138518436 10437411
321985569 475130 141524714 8690025
1543540 468911 134728202 6823426
120362036 473527 136915527 9937585
324121603 42871 425944917 378401027
352469244 486263 143151529 8585316
303877920 452806 142252326 8695791
152564005 468071 139911406 10678330
1974667 470181 134767604 7215148
335401207 474654 141437359 8794879
297919031 488386 141950708 9387072
346719406 477114 142165793 10086682
35223622 493966 136340286 8287044
368209303 467724 143143433 7791623
146760119 475565 139942242 9542903
329837625 452840 141804730 9167621
70848689 467750 137462913 11334847
371000170 466486 142538487 7775677
112524310 460607 136417963 10916774
105256658 459173 135757247 10903408
93869014 54939 93086565 395867723
171396031 451592 140850673 9795248
296339871 487015 141786892 9331846
219545192 156465 467362581 410015096
77323872 137550 262736082 119050506
270188950 465084 140616098 9231296
351115376 51012 345088398 495076697
247460479 487380 140171926 9782199
33692749 470890 135838622 9264375
285515955 479185 140687253 8987042
92499422 492334 136115161 9789597
106974663 495317 135692271 11029186
95652257 476961 135181016 10088091
198496749 454299 140195149 7751615
92002660 494795 135776286 9631712
107699477 460683 135986520 10943276
341717390 470178 141821648 9737199
213900768 454659 140848017 8006170
51296945 491318 137256134 9408032
161979992 459770 139424598 9495494
154861322 486972 140187179 10425937
27654410 464523 134943318 8446815
282478415 450128 140784970 9346972
47214130 485665 136745336 8885468
491364128 16214 345624348 294545628
251058413 490535 139701377 9427580
270421291 452471 140764077 9315656
103328629 475424 135659256 10883459
100612657 458686 135555974 11003868
268001279 494232 140948251 9074766
334677696 486118 141658289 8800978
406849618 37822 249032709 407043515
65049744 494936 137472120 11018499
169924301 91231 20561199 398781803
364418909 475060 142473073 7668663
259461051 107482 457561661 170752574
66849687 474663 137543270 11379586
20464865 89870 374499409 157880110
237017952 469395 139631419 9177033
42461758 458062 136622126 8696916
219980481 460726 139605295 8448697
180050607 456744 140931560 8509450
184496815 482342 141400459 7837524
223242557 483371 139680661 8059690
316009295 457197 141697003 7976173
58478052 494523 136654203 9000287
161147192 498407 139742107 9848329
10986618 486542 134814290 7102821
189840021 459829 141168082 7530139
29317594 480451 134481678 8992948
369830358 61616 474044521 142810352
177321042 480357 140652468 9166288
184023830 456604 141718140 7682224
106314032 453264 135733868 10776465
57523258 488415 136566199 9181672
37962622 454378 136319380 8572728
265149309 457266 140553892 8791284
155324929 474899 140490933 10516960
261510248 481669 141044112 8948550
305845538 476508 142021380 9099101
146556929 494818 139961441 9358912
218892283 468839 139264816 8293779
93118522 457054 135758718 9827483
177159417 462396 140740018 9092216
199699924 245364 4002251 178933875
323393617 484778 141547456 9042128
257162735 478243 140746303 9496446
210138849 181572 53312176 401818219
365954629 487510 142053274 7450978
367925926 483363 142948466 7703213
27500776 488171 134804410 8432089
24621764 457944 135037382 8547612
302929424 499071 142021342 8519173
173300146 489475 141390464 9629519
91728152 496255 135606525 9526967
185074832 487553 141375816 7837295
159071319 492719 139903344 10173020
157162674 474216 140384067 10482868
294451177 499767 141196927 9665488
61806266 465730 137833245 10394795
280311729 482300 140424651 8685437
162831022 465285 139572342 9615934
71885511 451227 137421355 10676035
356143701 469671 142759492 8074902
137408593 455680 138493803 10278204
328317819 472511 141662894 9130386
104620856 175709 9168667 364035117
296865752 130983 19060888 35669033
366617970 472361 142250345 7634073
298786589 496778 141721793 9600301
299759146 471714 141897931 9330990
139204314 469892 138619206 10392306
113414699 466423 136273723 10534674
101460685 488767 135600527 10990827
13831850 489553 135135812 6312637
