2000
135102940 73482 379155589 174127475
116633174 477992 390755123 224641098
239265674 481311 390319025 226901025
356898135 496772 391060921 223758228
285097182 490725 388149095 224709278
303474902 497265 389867765 223176696
234741100 479859 389601666 227067234
313380181 468283 390691822 223500275
183889480 468450 393998577 224886840
311769325 495085 390911481 223449967
49172908 473461 384968571 229365926
170155913 455112 392752997 224789328
364228333 455553 390438850 222808300
52208265 461291 385034409 229181901
73619164 461752 388675084 229400582
373691462 488435 391544092 224414584
241334412 499131 390594615 227369851
167427029 492898 392769151 224406776
187413597 480726 393197199 225488881
242488117 457692 390651323 227208690
173126867 477296 392939547 225022411
112329791 470192 390279475 225998700
297867894 469218 388992045 223600840
196609016 481131 393036018 223681241
139437392 491743 390895150 226126041
299564601 490018 389247840 223282756
148589331 484975 391239465 224445971
311340922 499228 391051724 223667801
239016397 450724 390128186 226842589
224395596 480207 391023819 226441175
35424587 490845 384278653 231127264
106076186 496561 391234107 226689111
59217075 493870 385887396 229266446
80450965 488562 389437753 228480601
292323583 468508 389171454 223723515
74069916 480713 388695987 229453618
203937930 488635 392994367 224714161
28942595 470224 385072721 231364300
164561003 453009 391332093 224601762
32257575 477136 384726007 230887890
34418766 496112 384624186 231159051
97500842 497993 390426978 227068863
194627727 455547 392788404 223924953
362476249 476716 390561940 223356759
51984366 477768 385179462 229260746
89849259 487736 390126086 227979995
6226574 470899 384746819 232091669
111647422 468899 390788845 225847993
45260855 457786 384788787 229489441
137821222 467443 390573603 225829037
228114149 499590 390279825 226674678
364624868 496199 390346979 222909390
38524514 451371 384284441 230391612
213490472 479863 392185348 225373724
263808982 463949 388628447 225782689
289442070 466249 388540143 224379786
125984822 451640 389475361 224861319
339452867 478686 391363778 223692220
80889807 469533 389403078 228505980
365066487 492163 390144593 222670161
107835752 479833 390838356 227025821
350332232 465578 391084228 223787467
211667210 488776 392478574 225492547
7353791 460155 385017605 231955217
296245681 472697 388964872 223545127
124766863 462091 389654268 224606618
143849547 475147 390878407 225090922
258171389 454087 389512684 226639528
268928846 482653 388131124 226124867
32466936 465534 384697345 230834396
81522047 482313 389604527 228255523
37012543 485101 384500172 230504306
305510820 499397 390155197 223266278
83570488 468080 389556236 228659828
84157746 453788 389952617 228527069
267138395 467917 388147804 225928128
73860607 474943 388539851 229506790
308696323 495077 390285247 223659125
213700027 457865 392204511 225564115
119677291 474210 390124212 224911639
35805623 498134 383915961 231114511
11135232 499202 384869266 232183958
136547486 479498 390635871 225371590
128752983 492430 389814848 226296190
6845271 462787 385208167 231947476
197343334 457956 392610186 223989725
183088338 475156 394057521 224446761
153432456 477308 390162005 224355916
6602902 458989 384966233 231947911
158210831 495868 390536100 223871880
370826106 475645 390947885 223970580
100128378 464135 390726376 226515346
112507236 468681 390301301 225843081
243029788 499079 390735330 227258897
489455833 75600 442414443 400715649
106660680 474778 391183331 226968438
198091665 469963 392741749 223818468
58374663 475208 386074306 229189371
71963765 490705 388370816 229093346
163417130 456932 391321604 223746429
220763937 471915 391156905 226611490
123552074 492701 389494751 224633009
187997897 494142 392783463 225318325
354628713 451707 391000183 223893729
59449451 452948 385986053 229400165
243735538 450303 390596620 227123552
196473876 491080 392923673 223658446
206513919 470115 392601241 224713807
189925474 462149 393160973 224939611
258645783 451560 389370221 226893934
27770377 15735 389394566 92790635
357997668 63805 190516319 268306544
338895767 495295 391326466 223975430
53558430 472245 385678416 229442571
334681896 487698 391754707 223967542
64496220 473178 387637820 229373623
228222190 468897 390217089 226629374
74519820 479495 388975559 229623946
170746577 470097 392696141 224744231
213919945 496014 392187901 225405205
84491170 492722 390046440 228316190
162540686 475662 391511980 223875015
309569577 485018 390777218 223367271
299813189 468612 389256511 223522673
52457901 456036 385262710 229160569
317874179 461794 391360682 222381900
158426164 470767 390434623 223776076
4381504 490573 384419834 232713010
341388287 463426 391368229 223814630
28393419 490607 385062573 231449970
192250006 488721 392772509 224345324
373048573 489819 391226982 224375813
116176320 481566 390894397 224804174
258193744 454003 389532233 226642331
135566102 470917 390332014 225291415
175853426 487780 392914489 224175864
11342370 488487 384854163 231991924
185950693 495558 393932451 225152907
101479344 480608 390534777 226699670
232986764 490596 389400645 226836928
205846203 465239 392766390 224411601
345960730 471012 390824762 224004123
127863487 471254 389592386 226144771
343400015 496451 391209306 223573930
155924790 492082 390589642 223987386
248212310 451441 390526786 226567169
329480042 499346 391997105 224368549
108569882 473292 390793037 226554534
109304457 485844 390819207 226493738
17744123 459448 385423361 232557970
302998710 482595 389897762 222885766
344680970 480619 390969036 223387085
156125362 496834 390764722 223961897
30630428 493853 384753451 231514835
290085996 470724 388575701 224171159
17509437 491866 385613527 232602487
301439965 473370 389972823 223375106
64739024 472828 387409553 229359088
242696625 466609 390567941 227093125
22956112 459487 384859589 231273452
267373707 499007 388003061 226018697
139854972 462376 390858592 226002409
22224285 490232 384861272 231519817
253368242 470022 390028439 227082213
369899745 493790 390720886 223766820
82970571 474863 389311998 228304151
312264784 462938 390563553 223597495
271647731 462698 387992256 225731872
370139485 451238 390885568 223841878
247604761 467676 390457224 227030835
76172297 498193 388599322 229250536
225801086 451697 390859646 226582711
347245859 497062 390817899 223567763
81770090 452018 389607083 228501007
197471305 463034 392733041 223984609
360815757 484966 390594033 223880473
368622047 454995 390549863 223684380
236966425 456178 389531786 226348033
144653862 486531 390857193 224998762
95518286 452334 389887319 226421429
33747883 494736 384794751 231142239
311516328 493067 390903757 223695240
146394590 482814 391312639 224515238
105613878 492695 391036600 226450605
90418487 459199 389962160 228175938
249924310 475663 390744678 226432548
403832624 61134 184261057 112727136
7586773 473708 385056550 231761180
319998465 476584 391903590 222852386
217072372 469309 391644167 225683792
210076091 465606 392799701 225441133
17076163 495653 385479063 232623946
297636007 493042 388874497 223486503
104986794 479520 391084098 226275264
341150414 467652 391251167 223935438
74310433 463324 388778102 229612018
206748877 454769 392526578 224553513
205188828 485078 392844482 224666682
173597717 476562 392830483 224660625
217524248 480173 391654074 225916907
68539334 498477 387917459 229801670
365483836 468752 390039650 222962654
145759310 461496 391362750 224399330
266349253 489010 388546705 225659953
368060648 475654 390637965 223390481
110916960 467913 390818453 226297112
347920555 460491 391186545 223376355
375717392 465685 391283281 223961540
228816700 470901 390158418 226532179
50984483 473148 385534668 229398214
67319751 464498 387848618 229667472
54287531 460206 385778365 229596485
140625069 489487 391228097 225923729
193514711 477455 392653871 223970862
254578537 468926 390034057 227305575
356236776 480761 391088437 224308688
350521633 492325 391073024 223965661
250264122 495203 390797414 226651837
160773616 471156 390750026 223605953
12923244 465948 384812794 232249051
154270342 470772 390103476 224250648
301478281 455893 389947847 223388443
36520862 469224 384241564 230725099
175667406 466199 392818805 224085531
330406714 452586 392281855 224388080
152149222 492623 390602962 224191754
138284318 477958 390642436 226114745
213745792 495708 392165703 225557158
244060628 477822 390789511 227068283
118164491 454212 390467040 224889997
140809591 489116 391055246 225912060
30389941 478724 384924398 231584375
89175725 480193 390012719 228312569
204683915 463116 393172953 224542425
284591461 463098 387775056 224703166
37240382 481379 384576359 230641756
117625365 485459 390581647 224847118
322462042 493624 392339344 222233065
318156547 455757 391456880 222341768
326311093 494521 391978641 223857918
237583642 453265 389662264 226460289
44198763 477362 384960011 229744268
321658072 459619 392278512 222265095
359207258 454215 391082888 224117167
31565403 453858 384792872 231066123
281230314 454126 388686666 225144294
211487407 481068 392538505 225612416
170271334 463988 392674474 224752431
240295895 497899 390105101 227157378
41125349 465379 384373839 229942904
372410410 485614 391029205 224061966
119153998 464115 390079811 224868484
72554651 455353 388216261 229074846
108327160 458010 390724489 226728708
112867778 497083 390630119 225811361
78103944 477250 388916078 228868610
314242161 471815 390718030 223070152
202446930 467045 392625315 224564743
219399077 456482 391767899 226550746
54058535 472970 385687026 229458828
182526760 451474 393956576 224748452
87058980 485012 390154128 228848451
230431249 485293 390374608 226231151
128976446 495471 390024783 226282663
78276649 470020 388898564 228713420
291184340 455206 388701339 223935744
100488099 454731 390669177 226536564
36269327 455912 384241675 230976523
231230641 478940 390342657 226659955
254802710 461897 389914165 227201296
66734492 471810 387656873 229764287
249811586 461523 390687194 226487788
277441568 461326 387730474 225466494
93640368 486142 389656825 226897990
32607958 454905 384657765 230732957
81938388 477318 389598736 228660958
13268672 458922 384867460 232086431
361487832 486892 390501537 223324234
134870506 468397 390142927 225527471
148714957 492099 391187983 224520113
26641554 450750 384688973 231653438
274580993 475028 387710084 225028596
126916413 499874 389624701 225291627
120839555 491996 390000263 224742010
114552817 490704 390574478 225855661
351202698 497217 391277409 224006833
294353076 470404 389256909 223771370
13515391 459137 384895176 232305433
338442750 494859 391214292 224036444
300527770 488683 389526412 223474667
291819066 475729 388936329 223721952
258832279 459048 389212694 226922903
117824370 482530 390402781 224867256
183328446 481025 394045155 224674501
245594397 499474 390958775 227198780
305303447 452875 390072743 223391194
255228054 476323 390070379 227018208
149406022 468550 391210723 224352726
287686095 481189 388384493 224685170
208913250 456826 392667371 225393150
266823630 450481 388401535 225989160
225221826 459138 391120523 226447543
324393102 465907 391976085 222936328
266123342 474298 388495287 225834444
295419184 486311 389096488 223601355
8823394 469859 385462695 231929225
29319627 474726 385036240 231407168
192765958 480626 392747304 224332207
223122579 498164 390934247 226294189
329246755 497165 391777185 224355182
48824713 460448 384775051 229510797
327765926 466940 391960363 224143562
22464483 493596 384867705 231286053
346983276 474696 390916611 223731629
222978864 467870 390931933 226152790
265017036 459137 388717956 225937095
112111251 484613 390487447 225988133
241836610 457812 390491348 227207897
239905344 460436 390181473 226886981
356026246 496597 391039868 224146730
306655488 477941 390032202 223384231
54430793 487793 385862356 229611176
195740828 496616 392969471 223613359
146632236 497374 391334433 224299388
317491394 463404 391167914 222304097
260015845 475773 388448003 226575947
339104403 466022 391447228 223887558
8950999 462962 385398722 231992855
57763365 495507 385986977 229646443
8623693 473420 385325847 231992075
19664239 491091 384865760 231644024
46366630 454158 384785137 229686056
95279368 498852 389876768 226649795
103805095 485907 391099660 226357681
79725025 457884 389311259 228704360
101921787 464134 390650656 226878320
138755406 467168 390673065 226047183
201403936 484169 392510815 224197600
369128148 495150 390852325 223586291
330057394 459348 392162036 224617577
41200645 466246 384372290 230016649
151174336 487683 390859885 224159525
247442757 462913 390617327 227028936
326078041 471570 391933867 223669640
243485226 463420 390631084 226907707
293535380 481081 389196110 223687182
254384891 473685 390070627 227148502
144565583 456584 390859165 225085066
157904393 451393 390697076 224017339
335904684 475256 391589047 223807047
73252895 466609 388456506 229495891
240115161 480970 390083211 226998535
247305684 487354 390533326 226975866
263410967 492364 388534636 225994116
336786892 485994 391713027 223590922
124985487 486950 389583572 224546070
174545907 494258 392950146 224064061
193661509 468279 392603633 223874304
24557200 477503 384683731 231265062
233570737 473967 389401965 227003479
288947322 483013 388350241 224594724
322266546 459696 392397763 222095989
299382824 474442 389178722 223170098
237664224 454556 389689483 226406926
195441715 470787 392977792 223822622
25277907 478460 385113979 231039298
61825023 462583 387097032 228933704
249089147 496352 390572953 226241237
227252472 486285 390456769 226493772
317736140 484320 391395495 222286933
164980841 492581 391516806 224516120
357118813 483405 391001651 223596822
179523036 464572 393293464 225122149
31283044 487085 384748455 231210689
247921061 489548 390482622 226745394
72176084 488201 388243939 229007905
28006362 477911 385193783 231660803
187833900 483485 392900051 225365732
10068992 463946 385299064 232069488
362728425 489147 390807533 223363339
358787034 484145 391121590 224119265
206342363 461934 392501063 224642431
244459431 458838 390917263 227286797
260610803 482041 388428122 226671886
144369000 480545 390884968 225255843
97938688 496414 390685739 226889783
259769633 452580 388647072 226623087
261731329 496158 388404132 226560568
134643937 485085 390345883 225551084
207647440 464927 392468174 224704980
104071619 472486 391022665 226328895
283512998 451631 387917582 224728954
351405950 473355 391415260 223941432
210475348 482066 392749712 225469916
159599473 479541 390328117 223643470
203713105 491961 392865662 224622735
294842900 473882 389225141 223739907
346173037 479334 390782519 224174185
79990144 471597 389382055 228510039
314865228 468162 390462297 223141422
115822295 499486 390913692 225108392
98191075 466886 390683444 227139872
168881091 451987 392313350 224200675
9355346 473056 385291874 232177007
221539058 492032 391174277 226368813
320562011 499221 391828064 222463462
149175877 488320 391209200 224124105
236832082 484338 389570942 226252847
357355401 474799 391032429 223802630
91215372 482615 390210765 227653503
97260393 480146 390472609 226874047
275459207 487156 387835025 225218815
353499060 478740 391237336 223985252
116401294 473207 390677872 224795726
249609187 479445 390701947 226300145
77253278 482595 388718688 228970115
281963914 457601 388607371 225387973
23434623 466724 384602642 231347100
372796845 486900 391212666 224138404
219172234 457790 391790960 226346967
176555756 495877 392654408 224141759
76361852 475731 388474816 229185490
41902349 497791 384478789 230097407
7197573 460515 385092362 231873757
169505019 493513 392663085 224474859
166377858 458896 392045541 224239475
360452306 474037 390515067 224013514
117221565 484995 390612376 224663007
244712258 467577 390896489 227518849
193080788 481292 392795377 224252635
77101109 492482 388725780 229115189
183732047 493899 394032504 224763335
1636543 451398 385319245 233390427
293715201 458251 389065802 223637671
348314546 462805 391164896 223431916
167022692 492680 392486867 224335577
126765438 478578 389540101 225225255
337811151 494319 391307568 223559696
143181895 488086 390979926 225229364
23673028 473319 384828399 231359746
4835159 461111 384484677 232701736
66424117 490814 387687724 229664129
102545067 452101 390797209 226517251
162694266 464386 391603302 223812757
316383219 452585 390774846 222428945
222365408 467019 391196467 226251247
302158718 487039 389808045 223032725
366660802 480694 390138842 222775679
296494544 455324 388969426 223300818
13665103 456306 385029792 232290339
202034595 464094 392623368 224475732
282686868 484069 388444729 225027932
334859778 469398 391625131 223919238
69914351 465877 388205716 229426454
126357008 499617 389716043 224992769
313054592 498308 390812210 223688758
54873825 461556 385758588 229508058
113894142 463993 390549492 225739659
65623251 488670 387407192 229555019
42778642 498335 384756861 229738425
187639252 458397 393072290 225388138
190322100 470882 393025424 224731638
69120916 493929 388164880 229722506
325591634 452644 391951833 223670885
228888324 489129 390128395 226573777
189302143 456055 392908307 224592552
276300707 498769 387809463 225077835
37147869 483937 384493074 230632531
232229575 456174 389703891 226470306
317019846 475428 390881409 222489137
26395569 479707 384932956 231651437
231838049 473026 389947002 226618718
25904723 468314 385080650 231486993
201589049 484221 392467578 224339476
268609513 461064 388224830 226028085
278325002 467090 388044153 225433435
57325043 453209 385753214 229560583
313632632 450820 390710041 223266045
320208156 476142 391916829 222655935
26880957 472480 384758949 231822865
253986279 456915 390192069 227126064
355889036 496200 390988284 224061106
28806358 474438 385111561 231461695
248901055 182545 47603383 426840056
215918847 464299 391855863 225221716
223933355 484372 391039053 226224358
193330444 499028 392800697 224008300
214079609 450103 392248332 225305974
124368298 493677 389871817 224680921
198813772 452598 392653548 223965229
133123439 452515 389734100 226028871
230177722 495197 390173710 226283779
280597394 494333 388656933 225046428
239656807 462890 390352553 226809527
118825638 472180 390303193 224973458
345371822 452770 391125809 223716264
100637418 491404 390789537 226565521
80700414 460164 389222329 228514623
85330794 457340 389779362 228181118
99925423 496827 390701691 226693616
199830700 498612 392122086 223617597
305757409 490622 390377510 223242005
202872816 470807 392839279 224759508
327963663 498999 391876416 224029772
22708054 485181 384853537 231515456
223558122 466972 391055526 225981863
174171097 464625 392911342 224385086
254091499 464397 390295066 227123843
111056654 486776 390810738 226165134
25694504 470031 385087098 231283224
125374241 498147 389305144 224646185
134173658 465653 390196538 225862402
331295374 468694 391785043 224164412
209208025 482762 392481123 225345235
310419134 453291 390910793 223582538
55584942 451877 385811500 229420897
475935950 164000 476062384 74643737
161325188 450536 391052972 223854573
238779514 462266 390125177 226608715
168627363 450302 392314498 224453254
249144641 10679 284613238 413667719
238529480 458237 389880097 226603763
331985607 471494 391872832 224228639
75515870 464423 388816070 229195419
332452923 488859 391836126 224152164
55971273 463371 385789823 229411384
330987219 483268 391769133 224380835
15133709 486896 385396704 232421510
75292053 479229 388970995 229126528
241551702 489573 390655022 227212970
123152596 464928 389560187 224707430
84904493 463719 389902185 228136376
332107246 185134 173410776 474501653
87990313 465572 389924208 228398852
135073745 468867 390104595 225556352
182279454 482657 394043662 224908672
245344508 456129 391170366 227160484
200163260 468792 392067662 223887359
332884996 496058 391774946 224069513
36021468 467515 384096809 231079516
77674719 476936 388827389 228891986
128252347 475727 389587655 226022750
336529755 490290 391626291 223654176
248133918 491058 390482824 226532741
6105311 495262 384633213 232099326
339802227 452944 391249778 223564081
92943738 488777 389965026 227093363
340208335 468380 391409512 223656266
197523097 475065 392690209 223975649
99356891 455036 390961018 226658175
267070328 493413 388157804 225986193
239432255 478804 390356195 227030436
309946596 485755 390954434 223307680
216004552 479279 391807810 225259368
58764580 475409 386072748 229194751
335399928 455282 391523218 224153926
349106540 474729 391090129 223438503
363876218 472389 390602347 222757082
47035242 479051 384580657 229759932
217302996 484505 391654136 225695720
157721366 468839 390698502 224198938
231067145 475812 390453087 226713021
345766284 497479 390942902 223927817
220923599 461256 391063341 226677586
29811421 484191 385078693 231615114
258435476 481112 389551443 226864852
357566487 496308 391188736 223747852
62769249 467271 387097363 228881089
372556305 472218 391111832 223998700
292979905 492485 388944327 223849596
176084561 450869 392836733 224329242
101731951 462627 390533229 226950729
340298501 472945 391440442 223597033
42083564 478864 384512466 229949872
5041015 491396 384682847 232709420
232084312 490926 389742361 226577097
154461680 455163 389924889 224237898
33594049 472755 384795355 230989012
154076965 496947 390177922 224369577
79377858 498332 389342063 228678371
4635117 453434 384673314 232713140
262511333 493396 388434550 226264821
12111224 480333 385160485 232331889
354269392 494268 391033831 223961380
150750881 478092 390579928 224303018
61033495 489878 386859612 229008242
136217592 488177 390782846 225223106
300279573 492679 389291201 223461682
265672858 450274 388885085 225834421
83337182 450977 389449150 228533609
342361239 493115 391727917 223917221
127393963 458041 389632321 225715187
29641295 495348 385199388 231565686
189534749 465981 393118686 224614777
319854695 458153 391767526 222844682
32804948 498419 384736050 230851662
298720701 488270 389115594 223462750
342113370 450710 391650606 224087777
297386577 491126 388651580 223459992
203141394 476598 392868650 224520305
130143175 494079 390049024 226353978
226902496 450038 390537898 226759042
274440437 472254 387832433 225046800
105411757 484919 390906893 226523018
190785214 468131 392815140 224519792
355183115 479680 390889685 223752846
149499972 469494 391273400 224321454
64242514 469831 387696220 229568928
173971114 484297 392890835 224473236
321226682 458978 392365926 222579452
207487431 469717 392497160 224573958
10363708 490102 385197195 232200115
317788133 482376 391399623 222334798
256502072 470299 389346034 227143231
145912551 485494 391228497 224418316
20459234 459102 384674322 231905146
55383759 459214 385939570 229347785
236471936 471253 389604785 226264319
369195027 461713 390878350 223627144
352470413 479315 391561093 224073319
35089953 487187 384527406 231041385
75134965 479775 389095607 229159003
362972041 466301 390765488 223161770
319023935 470142 391608773 222229058
229110296 464259 390254941 226478351
141323714 468431 391160841 225910290
212749125 485102 392420657 225381971
272077158 483451 388030881 225377679
52858002 456480 385151378 229449336
92218331 465089 390219484 227073566
154693534 475177 389849671 224081262
71589557 490533 388562952 229240286
151568269 474857 390990506 224385158
309703727 487394 390775997 223295585
257624486 483490 389505906 226686688
35293768 455068 384344680 231062474
360695932 453536 390549931 223804753
14715347 469120 385050399 232493562
218988529 489044 391611701 226342521
296696171 496673 388783699 223316715
271192474 483367 387975509 225739403
263969341 454500 388780293 225774178
370578307 498638 390950178 224216085
285704219 455509 388303724 224892153
345603249 457622 391070895 223892775
312011493 482183 390810348 223591000
80207424 494095 389199294 228475522
5514599 468997 384622354 232317923
221295088 494382 391046786 226485289
214926974 490657 392092283 225110535
182650326 486660 393959944 224628255
181468936 477182 393903039 225193473
310647345 475802 390802526 223462595
184601829 495474 393846319 224828933
209094449 486887 392564392 225314930
320436938 493299 391943266 222453591
129371250 469336 389961894 226590816
224775721 476112 391187972 226357930
167662320 499765 392649782 224290856
213249266 467070 392246578 225553700
232446607 498805 389584908 226568355
40602393 479568 384238046 230259155
166234196 463029 392006284 224343880
262923223 458652 388497739 226294825
120032150 462577 390330491 224800995
264108350 483079 388677223 225738240
92720011 464051 390042722 226947333
92470856 493123 390066300 227172907
123739033 455761 389631869 224583170
98603640 473970 390908035 227158025
155085234 476701 390122237 224074044
242690112 462674 390569673 227088347
429119611 215723 430944864 188604003
323783037 481758 392234401 222584582
98955694 478043 391016886 226969491
362123247 496700 390454638 223499742
209832272 475392 392603029 225488277
373230847 480424 391125770 224456875
142710369 465325 390920873 225479097
342988632 485549 391419260 223598487
279668185 461922 387928187 225236383
360280071 478967 390655232 223981447
366891259 499918 390148324 222996653
109499325 479886 390742264 226375813
201257334 486574 392593611 224133797
62075712 461872 387003138 229090496
349038327 464173 391146467 223426631
200826558 28981 52915919 477448575
84258334 457182 390038844 228541428
68064366 496192 387888409 229786297
107432356 495483 390790404 227080251
208501089 496107 392748036 225219972
307760943 461853 389894497 223445770
129806763 450885 390155049 226348461
18573402 477460 385395257 232187716
16646551 463620 385632717 232489240
115118686 474245 390727947 225488307
342784373 499111 391420880 223801126
181116043 458361 393937645 225424981
372235033 478643 391144373 224001759
42489984 458259 384594076 229860767
286958261 486779 388558125 224653580
363562041 459249 390648812 223018354
157233016 482944 390986689 224330590
120740584 474039 390060480 224703257
197090959 482838 392781929 223909094
318816806 471100 391509996 222120709
208660913 464722 392602010 225206175
225550657 492245 390968949 226441585
182804465 476614 393891956 224542107
363990281 491482 390671047 222802445
207855126 494673 392658320 224687441
192011759 479457 392806836 224141405
127153198 476158 389655505 225497608
189051398 458940 392961353 224790251
61574926 470448 386897155 228883486
293228846 474438 389078696 223735025
331244076 483673 391822952 224177800
120562657 479238 390078697 224543547
139999402 457350 390915931 225915318
33989636 466242 384962417 231068154
363680963 451564 390652031 222902652
136966891 471149 390867014 225381862
308904411 470587 390472376 223638168
264592092 457037 388649724 225773419
335235414 466415 391584446 224050640
155729794 480140 390565473 224158212
60590097 480507 386533960 228890499
227000596 472512 390524003 226678411
117968515 468280 390360417 224800647
16192257 492788 385693758 232418213
237838858 477537 389647358 226539435
151819125 477725 390744894 224379915
365724227 471140 389832893 222996286
111232776 464037 390862133 226040409
197727199 492088 392807987 224061971
248699040 461340 390504735 226563123
152390441 481387 390370363 224183134
166014811 473578 391944288 224501269
296766444 471611 388746129 223349416
314717196 483420 390326758 223153913
237444742 497850 389692135 226569315
75801323 459565 388729982 229010228
68744433 486348 388032724 229711838
285242924 466113 388175890 224828222
71105859 464370 388322996 229013776
150950898 497985 390759948 224283023
142938839 499868 391004964 225447380
304671412 484807 390159473 223317543
170502221 476199 392522059 224673959
90226995 487785 390147512 228169799
220968381 471158 391023511 226672637
35554929 475010 384151106 231130058
206099862 485550 392713548 224612418
152852265 452226 390031327 224241970
228613224 495600 390287301 226606770
69813558 469658 388110709 229432238
219874696 485356 391606311 226696456
317947198 485659 391325197 222419432
165232688 470040 391743858 224540912
276726178 476283 387929259 224966044
269034276 451469 388100732 226049832
290825147 496004 388663864 224086734
122368777 463422 389641020 224629755
63101171 469109 387185086 229008476
298028686 485096 389132585 223621092
246089085 468348 390686493 227169721
238313695 462484 389840426 226779875
351650629 499318 391189722 223960571
58132888 479231 386082072 229423379
128116561 483602 389614861 225914173
42742111 476193 384722095 229736660
251589614 491919 390714909 227095498
294598140 488849 389092663 223852187
346564035 456653 391000791 224066686
366269266 479052 389899717 222820531
67652543 486020 387973192 229459259
194232421 483705 392792294 223843338
163642988 496869 391414369 223879522
91661150 473653 390218732 227601059
343875046 493386 391269461 223159056
339616139 478969 391417386 223582558
44403801 489017 384907807 229591435
173010890 486576 392915772 224930209
253573519 493847 389861604 227043773
135814479 474493 390552331 225319475
328844752 481762 391720187 224199270
277159145 242023 365737099 23424626
173348821 463059 392873151 224866853
114893499 490891 390750468 225690972
176311937 484994 392628086 224310513
101189409 224801 349447315 471345000
348398756 465653 391224047 223456974
358978844 458236 391144787 223950652
319238847 464358 391661750 222390992
316136471 476951 390783818 222666719
191838825 450384 392789581 224297083
43406532 454905 384573930 229701034
160708175 455603 390736408 223554132
186742283 460072 393403607 225238794
117950923 482881 390360423 224783063
41519141 491326 384461159 230118469
108682777 474788 390768073 226466605
338279579 460979 391260212 223919193
32016980 485725 384924257 230930232
267818608 499504 388003310 225982270
215679714 491988 392001215 225315495
246382977 454894 390851373 227177712
102111858 457940 390828380 226865975
118584902 463765 390526206 224991179
65559493 492897 387422093 229506163
260997249 488585 388472156 226329476
96097963 474032 390110700 226722394
210657514 461787 392578786 225458676
1304587 461179 385297060 233278084
71867613 162276 200147251 370472688
103041638 480817 390671499 226284512
268224252 470061 388145580 225831490
259334969 493623 388778538 226855289
21987821 473911 385001793 231423876
6957587 486572 385147365 231895963
89945345 454926 390042835 227992830
135005732 462755 390092615 225612383
172065768 485586 392738278 224666890
99555796 468430 390896638 226792699
331110935 499493 391821025 224309014
161990608 460396 391531632 223740041
265925855 477557 388662419 225804092
20033224 465136 384783027 231915659
191427144 462243 392926641 224340075
27847836 452054 385186207 231811751
85310778 163764 327357892 402980866
133548192 466172 389973252 225843273
196114415 474709 392914555 223521641
301953236 462527 389765548 223195709
139222801 472644 390864137 225942464
340038476 491086 391408932 223486988
166825940 478724 392439920 224185774
257957310 465160 389602456 226515224
364442028 488301 390348778 222728350
85563321 467698 389887036 228305969
50768627 468329 385640229 229508508
281479618 472096 388633440 225340372
114769466 451088 390628266 225692800
57946020 492915 386107752 229584565
274712081 478379 387708256 225157855
333111912 476001 391812618 224258756
234506548 458169 389395439 227038910
301153802 475845 389972930 223334053
88367771 479343 389819938 228346134
106305630 478593 391110251 226794696
8184618 469882 385276419 232139151
39709164 495765 384237262 230563063
350124876 487172 391143447 223935601
56524501 490484 385931008 229583430
150543050 484613 390726049 224364725
96739445 456300 390287126 226847608
220530778 478147 391185942 226815610
86045381 461752 389883549 228374137
121906581 457967 390043547 224570091
353049516 470471 391487384 224184746
352723539 454301 391428668 224194017
171471510 457286 392865373 224530990
262763875 452126 388625601 226326310
98422021 475400 390811325 227242934
268856141 456715 388066703 226116585
82550686 472024 389408240 228471558
257861413 453671 389624376 226568233
233376626 489366 389253558 226957778
100772255 456945 390817444 226672449
49460855 459731 385015668 229606772
237219772 469253 389483445 226553037
19595035 457532 384905563 231673422
61239886 484526 386981646 228923888
373454723 473809 391328997 224436228
84715611 498109 390060303 228105612
138065278 477099 390597463 225940679
102896913 482833 390754236 226222526
127641368 486489 389626890 225957158
37701104 498627 384539090 230570955
210265115 483757 392894319 225535539
60339614 487431 386325012 228848966
360029982 453335 390719058 224167710
85618422 489349 389929279 228293114
124919872 451978 389605498 224502381
68308690 489229 387945591 229599158
159843235 468687 390160658 223719771
335703476 489996 391530237 223949444
251342222 453744 390476909 227086109
177278061 476567 392601834 224421450
46986556 463068 384556527 229784488
47779067 491275 384343806 229861953
14353210 490275 385167769 232399469
334132351 497630 391975848 224198180
281711000 480553 388604177 225138253
19057822 463829 385133505 231982691
86280003 468403 389895593 228596715
166631598 457104 392289100 224229294
353254529 499602 391293470 224173647
79833673 477856 389327936 228612389
212497138 490629 392658692 225368021
146855970 490360 391125376 224284713
299983973 474844 389263883 223359261
66906779 457636 387762013 229697142
271891981 460572 388049184 225544550
324878766 458806 391977006 222985279
247232027 486609 390515833 226919703
8391192 469212 385250027 231958972
256883594 452880 389312697 227129530
82725046 468737 389301003 228538680
291991453 475709 389060227 223673466
329095212 455997 391718345 224447885
261896171 497209 388467095 226458691
183490001 465984 394034658 224523444
144082044 487104 390727367 225172379
336981080 460310 391704620 223776703
265461157 451248 388868830 226029867
250644708 457327 390876201 226899627
318380600 498873 391464582 222125419
270156946 481897 387821951 225678616
361694335 491164 390581943 223198138
202664328 467899 392741180 224649122
226048644 468660 390651051 226621673
49729774 479034 385254859 229607415
269231041 484980 388089162 225864639
235746551 499927 389615040 226498626
235152028 467924 389658588 226713228
295767962 493696 389208329 223752794
137386711 483513 390683100 225504029
2320522 474892 384901855 233162860
147197641 494791 391276688 224293725
187243752 460966 393145707 225370531
231587547 474404 390196223 226619999
361067429 462043 390596264 223631034
483375892 165832 202581078 364600263
91001770 455657 390108364 227764704
110458868 478694 390633758 226570507
376035385 478574 391230125 223817555
86808059 466830 389913424 228858665
337209037 476626 391538291 223715076
168156255 477165 392472966 224140616
91911565 452310 390220358 227352270
371223271 493357 391118645 223938750
230843023 456661 390490859 226526672
375228581 452363 391707934 223954937
252405822 457785 390521498 227216738
66087082 486991 387728495 229595999
159378061 476153 390509344 223683652
17286738 482839 385529504 232463812
12461783 462420 385192010 232190761
251135360 499415 390646830 227123048
65435670 499187 387302422 229510315
79124057 455651 389088530 228678104
369594920 472779 390818434 223733924
186994179 481350 393207626 225182880
87500504 497860 390007799 228553256
31402771 486263 384701768 231137650
308476987 496932 390195470 223529569
337459152 459656 391538152 223465100
277665502 478334 387917282 225503619
2561800 450403 384696161 233198444
139689719 459750 390912007 225890571
306409895 496938 390258052 223364490
328340385 477987 391783599 224135271
232683863 457554 389610208 226780311
129924716 468424 390219420 226402041
8064858 455838 385269866 232025944
192503705 460896 392609230 224254907
119828312 481545 390145622 224782029
215089485 466107 392212674 225152653
140329563 485874 391041817 226032952
185529518 467539 393735432 225377061
83087028 479876 389413037 228319568
273799251 484847 387756824 225355472
321138563 491046 392371333 222496741
290580402 470036 388623858 223881996
199386096 465712 392287922 223896359
160237843 483862 390432959 223721012
361922452 485732 390509309 223353618
350011823 462779 391216610 223975488
260191566 485252 388403416 226707078
195693639 499743 392975896 223572596
168389187 458162 392398383 224298965
177475111 453096 392623634 224596699
102306102 474155 390855037 226698388
242010518 466232 390649108 227191752
219641458 496182 391755388 226780614
115349933 460951 390762332 225291445
316443504 479807 390824958 222439117
20891504 487674 384621018 231526182
178791611 469407 393106254 224832214
152734093 474764 390138032 224230505
273125386 497797 388047034 225245006
324199025 499364 392165070 222931236
116845042 490834 390824743 224498853
371069559 472999 391062221 223841463
68993419 456062 388220947 229651076
329812325 491586 392243729 224454204
131484199 469089 390061649 226029318
301375581 454165 389910679 223372869
273321416 451956 387858741 225237269
18427783 466749 385501317 232227273
12672512 483548 384993258 232178786
217176735 493019 391631691 225591906
210890087 475164 392491714 225604177
243234870 466900 390729941 227059204
261144715 499071 388349492 226354277
186200665 475708 393840217 225310643
170997221 480581 392933878 224757138
76865918 454992 388493146 229112634
46840114 458670 384520081 229894483
89402888 496709 390164220 228388228
125126982 452919 389547298 224651289
191680019 483280 392700083 224366391
357815079 483121 391186772 223994477
346390998 490870 390860367 224034073
315821777 450191 390622243 222737861
27598921 490900 385179972 231569072
343647425 477017 391213743 223330959
156601488 499766 390950947 224251795
150005830 492714 390946165 224289008
109742650 474107 390781499 226579901
296207476 471265 388989836 223558366
326533112 471904 392152563 223906015
168518651 475693 392319496 224349542
375025884 475321 391776709 223821017
32397466 491374 384703211 230770795
339283572 494454 391328942 223826678
113685833 499750 390567707 225929750
307182201 460002 390018499 223265629
178056535 495014 392750865 224452533
236242059 485159 389785048 226313933
227671788 453111 390471963 226424458
176803349 473221 392457665 224090909
286634530 476414 388517072 224514825
262123088 471408 388320987 226539499
16414411 480009 385528228 232361592
137124974 474397 390765981 225438909
3007485 471692 384573406 233271420
303939845 467343 389873564 223146974
270771284 486918 388004446 225788582
40990181 486532 384365646 230069879
10894142 468668 385054737 232128340
234289734 489931 389399427 227251736
331672858 483119 391697450 224349045
366063931 450650 389952386 222973194
254428862 495215 390034220 227156065
261385699 486433 388376352 226568399
318623765 479804 391698303 222115975
76387466 489366 388460412 229174281
194387321 471901 392944063 223840210
308231997 452270 389954989 223534077
275817949 471231 387882883 225127573
132545697 487131 389798640 226036333
108814916 455750 390711821 226390721
108132790 482792 390872599 226774966
21516942 476182 384981517 231401543
181893629 484339 393940241 225108563
90051040 493241 390117770 228023587
12076860 482334 385144256 232313757
351978939 487658 391166055 224100017
165533850 486974 391776966 224549732
41385398 473136 384391320 230182370
113064103 488746 390583949 225961515
54324604 476778 385778457 229633463
270291053 495386 387878140 225600699
293871734 462721 388973028 223573912
14881111 477966 385211691 232489092
363344465 481020 390483859 223070976
121057951 463249 390132520 224655873
249206845 455500 390607035 226324850
252903670 455325 390389134 227186087
131169764 465837 389970119 225956198
106835318 491945 391130051 226847081
408177270 28362 180098445 277551206
275306976 455845 387854300 225351771
25994077 470891 385128027 231445019
330654421 453537 392071661 224350567
295995895 469057 388993693 223766088
180353536 452024 393487908 225385697
304916331 481733 390328193 223393741
174049557 483227 392957004 224460964
38177971 458211 384396768 230625824
310196009 489833 390833774 223436433
178409837 482431 392987485 224569212
368458974 451412 390576907 223548351
63529714 499283 387479496 229132101
218666024 479902 391363166 226268555
293325789 495364 389008059 223708721
133843075 462373 390005662 225955098
23915296 472743 384873614 231162696
298923556 455824 389004421 223371068
42239745 472530 384394614 229911543
59699078 451825 386010134 229174619
138524734 477936 390859512 226091407
344284161 488510 391032312 223318345
112639033 486168 390412275 225822260
90752247 497554 390112205 228010383
375975508 460608 391171243 223818550
331435597 486336 391688606 224120628
53808508 478168 385924643 229446421
287767344 456633 388366904 224621513
353814799 459934 390994464 223912391
288203477 479775 388326273 224622649
158315662 476825 390537179 223768130
121506717 477419 390119142 224695581
286841940 477691 388630086 224609220
3317360 471587 384620965 233086966
347618127 472448 391170549 223583518
254988787 489159 390057221 227244314
368931436 456324 390778860 223709535
277691524 480434 387939664 225507257
11824356 496959 385070799 232134711
91464392 450047 390214658 227408377
161505248 466227 391085347 223706888
317273438 452750 391128863 222482999
279496303 490782 387811741 225291817
181243411 461511 393877438 225357820
14224902 460627 385164788 232524795
92142389 494628 390233950 227135040
249457073 493003 390843308 226310896
78509173 463768 388996217 228578552
77549653 490286 388806691 228996352
158769493 489283 390572000 223982023
367225793 481054 390149657 223326051
111999168 460241 390568297 225956901
241153052 483861 390741605 227335482
23155557 495807 384807750 231421058
313968048 499038 390562794 223189027
359776214 494736 390963831 224176704
235993581 496603 389855451 226492008
132737094 475245 389856518 225902814
178837502 451027 393067870 224839720
373932203 464739 391771057 224400808
287289188 457893 388314886 224597999
235310741 457885 389814848 226715678
83858056 499192 389686595 228502621
242256680 468324 390619255 227408058
160482388 468477 390672023 223715533
24157577 475512 384806158 230987871
71349794 467927 388331804 229248900
316805629 466527 390860494 222682438
294122296 480254 389213733 223583767
203737360 467697 392887569 224620389
290457985 487808 388513314 223870126
72362760 499460 388074289 229024929
114246355 493022 390451251 225723646
117464762 499679 390706854 224811724
252523916 480028 390560026 227137174
40361418 452435 384462811 230275365
340533570 472077 391311451 223703111
214746535 470937 392068338 224954044
30802384 460568 384925185 231514615
338113302 474469 391338353 223831057
54651984 496706 385953355 229480985
340718242 465237 391192924 223667721
358582195 472032 390929346 224131858
302454787 451485 389776477 223121122
267620491 484642 387852882 226029956
169756362 476382 392687994 224701293
106549809 482267 391126574 227022551
257348021 463423 389432552 226889798
276974917 499589 387726191 225011713
110133930 480281 390627103 226745910
180714826 486847 393673173 225561722
199918838 484263 392063475 223647124
190554438 497642 393033967 224507844
277227910 490524 387722399 225260912
164328502 454977 391334151 224371319
38703600 471202 384310761 230544375
137881755 489198 390579859 225774763
302348928 482798 389794285 223209173
295656880 450164 389139996 223795542
33023403 496151 384621791 230955858
111472935 471809 390714374 225948009
194869304 484932 392797541 224157393
171371958 494372 392849541 224614708
86633184 467655 389892098 228705116
122123548 486619 389834715 224578224
245963260 487583 390715646 227073049
229994623 477049 390099688 226392851
49709593 470105 385249222 229621956
202455507 450126 392623266 224558215
369437240 459448 390859516 223850521
172782836 491948 392697190 224939679
284844665 461084 387959363 224772063
30157695 483341 385124967 231616050
10736044 468144 385043001 231981979
72786740 458638 388259758 229263436
97718269 485448 390480162 226904623
169058836 453258 392484770 224206997
156743723 452175 390941873 224384954
11594524 461957 384902249 232195990
235546120 478768 389605565 226689582
336733318 499508 391766292 223590616
361298641 461128 390605702 223409260
320814304 477176 392060351 222483465
50317573 470346 385620792 229449884
91636844 188982 16790480 170446637
65871386 468392 387563573 229646771
255881295 492318 389605075 227049760
315585324 459444 390800142 222796414
67410796 472092 387898410 229626221
24810772 478844 384665820 231029402
367521905 499656 390258603 223333937
204270367 484792 393187646 224611151
333924978 464853 391785169 224181489
246751092 461094 390744242 227143415
334287110 480158 391933006 224086265
175280030 490212 392984296 224023247
331733351 475364 391688970 224297033
179033709 467526 392980410 224948465
302891384 475162 389884075 222792127
136713617 487894 390713007 225282597
99693886 471400 390895431 226655819
142850791 486395 391052624 225487768
371729816 491726 391377670 223769455
122722783 499318 389465288 224509993
319468121 489927 391641269 222599783
140897146 466241 391142579 225911838
236674668 466464 389428447 226237928
28630245 477657 385225870 231523497
133346279 487605 389864800 225936731
374356444 485241 391799131 224004645
226662059 486050 390775976 226761398
359422164 494702 391068211 224317393
215327113 458522 392206024 225383629
172297248 499522 392903079 224733569
350982684 478070 391067254 223996976
278511580 459435 388220317 225443849
116067200 471919 390879141 224898038
326718176 456627 392132259 224070774
226952065 463797 390522218 226725154
319807888 453385 391775233 222805582
21050786 476916 384710153 231596329
198560172 495400 392653843 223711926
245713541 498362 390844401 227194011
44569301 496705 385069077 229595664
7830078 463070 385086659 231974373
153588567 496449 390142083 224492103
309073282 466170 390439395 223502278
13019954 473907 384748724 232216412
145592817 489057 391304209 224507282
305945126 450367 390537539 223214319
364330119 462361 390442245 222709910
161691540 463972 391268680 223703930
2084543 455409 385025822 233274870
27351045 490704 385201544 231795374
312934386 498811 390805713 223575052
288725425 483776 388285675 224752054
355394267 484326 390883357 223957669
220089900 483928 391446497 226751846
121671937 484898 390053313 224794969
208302497 463524 392759890 225033236
7109549 459718 385098997 231792369
161136662 494656 390912287 223806732
157475135 457249 390910477 224164685
268475555 494534 388135823 226073033
191176502 481411 392725458 224363366
47872573 474884 384431439 229867825
348868813 476618 391292272 223402923
57516981 486389 385799941 229705791
56762199 495222 385943724 229808412
133767751 486362 390070172 225965909
333464792 495117 391781984 224133605
323338667 465668 392080193 222424829
161942997 491554 391508332 223715733
88613397 457381 389964966 228446730
234179557 457639 389320879 227220108
233221186 455751 389192597 226863301
8452981 478388 385209756 231937455
59898767 491068 386178282 229143079
322068166 467283 392359442 221935933
226264141 493490 390707930 226780288
9191050 462014 385455393 232176232
292592536 452836 389211958 223729864
291584062 496523 388998293 223894990
188618859 479927 393092764 225027459
122517795 486361 389648472 224488190
368308217 485837 390660117 223615897
85088550 496394 389892239 228310485
330187979 457312 392171857 224496816
20384514 455787 384684949 231969237
354803333 454794 390861717 223929881
254142494 486036 390290877 227170648
257444101 490514 389437656 226798823
370711 455594 385260849 233727575
291332134 470857 388777372 223863984
263302741 484237 388431767 225988762
366925984 196468 133941415 426179168
63776060 471643 387721815 229128074
292481486 456803 389231920 223820951
148411678 480976 391086693 224470850
310356782 492164 390862700 223568280
162091861 463628 391540507 223832417
278124809 465136 387848099 225429298
182996847 454169 394069001 224526772
106959370 459508 391061203 226902285
280120352 454208 388185950 225041983
349344809 456724 391019290 223605931
182038308 471052 394058647 225134833
103480146 186260 160582181 473332628
315913437 456089 390672914 222778848
55118438 481340 385742582 229279454
94071467 463532 389776538 226595129
131609237 456796 390176569 226019202
15719606 464517 385443055 232196270
25463687 468544 385186873 231152184
126157811 489585 389648323 224861293
136028189 451259 390631558 225184993
123356828 479219 389627438 224570451
107626450 467733 390639898 227036665
125776363 450898 389587974 224765474
286072949 458335 388305443 224864776
255403913 459504 389971730 226941001
240908013 457418 390500209 227339125
147450414 485251 391502928 224320258
270956681 465385 388175983 225774722
29091437 462717 385201028 231343768
283092233 468283 388192684 224874614
93432323 474256 389809470 226953389
306871764 468866 390073037 223521528
79549033 453205 389473155 228718454
307379481 485822 389852058 223296467
45910354 464742 384639573 229491420
64973610 491221 387331968 229516089
253737839 474873 389973608 227096088
51152541 480121 385431761 229333066
314463993 466976 390560237 223134189
155240903 490695 390249745 224045884
370372673 467771 390909432 224051199
233817290 470637 389415766 227236230
31050951 488002 384919866 231271368
44810313 456056 385209012 229494590
231355855 460808 390414383 226606467
47377575 455415 384718758 229853850
135323030 450430 390108470 225310943
78715097 493896 389113910 228666780
85837363 491114 389747908 228301760
288450505 496595 388109706 224653109
137241223 463073 390706601 225382043
497542528 73690 54887710 494724317
338064573 465323 391317826 223802858
142461908 491444 390994731 225653700
94314356 488188 389943498 226519202
244299182 472540 390763245 227280568
374106683 495628 391797932 224253206
222517154 491266 391141114 226347637
358295703 459959 391139220 224141298
124071441 490942 389902249 224521144
131989768 497293 389870768 226010135
46113955 460549 384824895 229473142
259018295 454326 389085471 226864110
240711458 489905 390514080 227156443
272465200 482202 387917652 225443110
161021945 452679 390839118 223765187
28145544 492603 385216288 231544127
63988830 460916 387696998 229316025
18182781 479639 385337726 232308681
102778164 451442 390747164 226334200
74890388 472263 389110682 229388505
9798213 467880 385337078 232109890
269730886 496760 387875236 225669959
289635485 482878 388483519 224242997
94790889 496149 389596009 226442081
229570161 461720 390195110 226458153
267447299 473307 387983400 226072628
194017663 486605 392655420 223921222
67141733 463360 387979302 229714804
34874016 460452 384334311 231018543
252776533 477008 390309161 227138924
71027858 457050 388377531 229037240
103239039 497652 390583288 226393702
151414245 458060 390841047 224380596
195506891 107208 7591640 347313906
283910699 488341 387917613 224505198
313821642 484595 390576608 223321619
270520153 456779 387795121 225746779
333690095 491566 391989725 224151164
214514798 451211 392235804 224889775
200891622 483885 392460958 223900741
115570266 495923 390921868 225352242
49953233 201960 45838996 480391426
98806764 457471 390880702 226982235
171608381 464234 392845364 224647850
218571922 452996 391360270 226177350
21753410 455698 384812044 231468538
113462723 466769 390398995 225875353
282846718 497099 388432922 224879890
201033887 456583 392529670 223974294
279045315 471401 387886519 225398908
177823173 460457 392558717 224411319
203492605 466016 392858774 224409123
163170078 482557 391558613 223736386
367836474 485023 390447539 223424226
188176164 472689 392773068 225150456
242942286 469942 390666701 227240025
104577765 496207 391206688 226249199
131020956 465075 389958138 226093024
342532970 499022 391665450 223807959
334454715 451555 391939671 223925328
218111203 460327 391746383 226102751
137580927 482192 390618423 225633565
67891222 484347 387927613 229652357
292824688 480756 389004006 223754061
321475009 472839 392263704 222433350
261576318 464856 388480955 226482383
188394436 459514 392956691 225115808
77393774 455577 388768118 228879049
374573144 465539 391773769 224195982
185289984 499321 393607408 225265551
211863292 464216 392282874 225492928
199226866 483864 392406317 223937193
323988024 481414 392166295 222721462
314107875 466271 390676591 223162997
216585594 479664 391879040 225452627
119387623 466553 390207605 224762656
179442688 471634 393236098 225099167
223393 490356 385143993 233697115
352852534 474081 391367741 224262084
330855047 496975 391891480 224371010
140445610 476607 391095479 225970570
153186707 478981 390025790 224246383
324803236 472814 391943180 223026980
78901226 474406 389206028 228572772
192869376 479685 392757130 224425798
103476798 496101 390786481 226359137
14094569 482041 385061216 232498035
149936435 461138 390887375 224278405
374805489 460062 391736353 224001053
324722714 456711 391881809 223046128
152566701 451757 390226079 224151161
110386158 455743 390632488 226499067
104358297 464679 391092457 226354433
227504384 482142 390559067 226344158
266527355 493541 388504947 225796297
263633593 469599 388674833 225911689
24380790 453511 384692870 231097793
209632924 452133 392583331 225667924
283340756 478092 387944544 224874234
194446874 494343 392912403 223868100
195115499 483878 392768850 223939890
218359758 487180 391554083 226159004
353585998 491221 391216501 223919152
221925694 471076 391064804 226557617
111831829 461229 390615583 225836851
177056938 455254 392596131 224206032
256274470 479938 389292025 226969640
868794 454020 385071369 233434226
226487677 492472 390898537 226813217
222153339 495738 391063965 226330814
369682110 471817 390850906 223679208
326875942 494133 392191332 224169466
47623698 463746 384481854 229844633
40840815 475248 384372637 230212254
142244666 493621 391092406 225773266
63351367 495852 387306403 229137352
73022669 454764 388474980 229284141
259551563 469241 388729678 226687555
256104738 466055 389410953 227020441
138985999 484912 390713138 225856663
217882604 466433 391773475 225901246
158004545 463887 390624686 223989579
315105457 480086 390477458 222916357
96986160 453884 390379329 226693097
186488536 480065 393590670 225305475
150345684 494960 390855065 224296377
217635894 483761 391555643 225930122
252200311 488991 390646644 227136376
25034816 491785 384885323 231024863
212996553 477532 392497822 225552233
114111363 476131 390336655 225744041
66261512 493392 387842560 229656363
212141648 497382 392492804 225501656
70145874 462030 388154705 229245943
19784781 452019 384775720 231674524
179287455 464026 393232863 224947172
9932407 483190 385264249 232171255
216838691 484845 391633798 225460481
375788737 493786 391213480 223963081
99140935 485280 390944014 226857125
66613958 454290 387699003 229842691
350770700 453515 391048285 224189989
181722103 480421 393920005 224957273
185728496 487178 393932238 225374889
140212318 491414 391085136 225959026
303107319 466300 389949689 222942447
344894616 489310 390994806 223574960
141991137 459617 391077311 226011697
82182559 468863 389501606 228746316
144295474 483661 390834388 225278786
274192836 471873 387926773 225200059
51396796 453932 385353202 229167373
103885467 459117 391153633 226384078
171795671 492926 392770872 224535054
169254930 489634 392487953 224399905
71789528 465510 388527487 229075783
58567711 451212 385942705 229127927
280750325 458049 388712629 225143663
292178797 485296 389162145 223588040
275179508 480780 387869608 225463929
322706041 460385 392422292 222385488
311111769 479834 390869893 223620479
39377155 479100 384169546 230510215
284084220 454573 388071409 224524923
300169325 489544 389181314 223462042
351864608 489737 391083458 224068283
337567157 490567 391547328 223563927
34186362 458535 384771251 231073714
120316563 453962 390287484 224580851
257108370 452439 389484971 227077028
367408642 452578 390234981 223423575
335650434 468160 391515357 223911283
358049408 477385 390996095 224038128
40755905 457819 384316191 230183790
134011245 483846 390150326 225978603
3093975 454306 384624934 233306381
163844057 482342 391471114 224023843
333234272 467283 391788805 224357302
301251217 461849 390033283 223371112
37457301 454852 384393121 230668786
374269146 56457 166146718 8723636
175422115 460905 393041358 224108267
222755177 490706 390923741 226368284
250177492 484579 390744608 226685659
175156875 458869 392975019 224137122
13870959 473679 385016171 232319472
266623513 457024 388500980 225888488
97228738 473609 390451156 226863845
272247279 484074 388040137 225538544
152907716 487365 389992314 224258408
88767384 464571 389999900 228327679
234046353 467827 389195252 227227683
300901661 461957 389733419 223321423
156983596 492631 391090668 224476029
174369461 492686 392903853 224194212
53292281 487308 385540794 229494196
100347447 471481 390624265 226632301
198974029 482666 392590241 223868280
272660469 453845 387839229 225326264
164768181 482419 391378886 224441380
181339966 492830 393859651 225279055
15517707 483851 385582108 232259114
55772025 479651 385863082 229285397
208051401 482315 392729231 224812802
243966895 479996 390790891 227160635
105824515 457217 391234088 226437459
15337213 475830 385594735 232426980
53514670 480410 385716866 229447880
153826649 484644 389977068 224419037
345128069 498747 391220522 223567226
262284617 460850 388422527 226479513
371320995 487012 391177257 223977861
309322608 461383 390676988 223514009
75577355 472732 388761671 229202504
19418648 461243 385043490 231711882
275708129 465952 387910168 225045038
180891760 481317 393728034 225439651
356705727 450466 391109464 223902092
184391258 450001 394004396 224881427
185049818 496115 393846847 225264826
95121725 471449 389780849 226588072
178561955 485030 393099389 224609426
53103487 485637 385371091 229475105
41730091 491025 384569936 230016296
165371126 460350 391640204 224575694
280351279 471257 388411625 225047233
359631476 488347 391054079 224122216
286438506 460090 388385619 224579395
148082297 469497 390889478 224338688
16870831 470577 385433769 232463908
100995574 450984 391006997 226706215
62733505 482933 387119442 228894751
162948014 490216 391603376 223559085
312682217 488223 390630711 223652219
39535726 479210 384100802 230600041
114400924 490249 390425642 225852604
70589694 479417 388388655 229445212
371981929 484387 391384406 224014830
184798382 473134 393852631 225019174
284548275 450045 387803742 224717665
268065141 470218 388201876 225934305
352220141 460680 391372388 224134886
343236476 476594 391284410 223485496
323110219 483454 392143707 222259895
81087907 487220 389507092 228411897
335022730 465984 391482672 223939730
264816221 483009 388553207 225901029
171143968 498723 392861117 224831121
33499030 484147 384787523 231076198
43752651 483071 384685828 229573131
312437669 499332 390415779 223622603
346765407 462868 390948480 223917626
128500578 468783 389807893 226050741
374288735 103671 139179729 194632454
82307585 452616 389442522 228680374
52699778 475923 385260889 229400625
49936107 456986 385433400 229579626
282453040 470340 388467467 225239021
69580554 468944 388212759 229563190
276509440 466875 387756706 224921862
375290499 475612 391673929 223927025
190815502 486560 392830867 224505232
287926150 482821 388366473 224779885
125624439 471310 389553767 224647759
248453881 458209 390515531 226797484
77856674 453632 388773646 228763775
263066575 480015 388428028 226221186
73470410 491779 388647829 229522080
46613172 466522 384611458 229758918
260421219 481563 388607789 226681800
153057937 459977 390077262 224323681
322608263 487937 392368663 222341341
197934964 492108 392835349 223881569
313299937 472197 390763707 223491919
121269170 479342 389924348 224652829
140268839 230500 175877076 81531858
306957831 484203 390053902 223454596
6452566 491896 384969491 232094989
325380111 456033 391958527 223466059
341860707 470668 391686490 223870999
184140167 456012 393800701 224834031
190118115 488178 393187524 224773522
304191684 499189 389869456 223394705
336431687 486447 391660682 223590500
195360608 476498 392957956 223883890
205041679 476152 392962217 224637270
27100812 458897 384956705 231800768
154941223 497173 390041402 224137217
322926488 461976 392230886 222356447
368862059 464842 390737101 223737153
3416312 458856 384554540 233054442
303236108 479330 389842063 222963607
250478516 460420 390903202 226760439
224979167 483988 391332492 226416853
253120498 453617 390226412 227131982
198316601 484101 392642601 223944255
618229 477506 385268474 233487684
355022649 477330 390977072 223825922
203377527 489601 392835881 224316941
344485296 488965 391048551 223503241
85672471 450096 389898338 228316220
211062576 460639 392623376 225645002
109061871 498836 390952553 226384499
96210663 470937 390101553 226825944
174921496 463897 392978721 224368797
160073403 492207 390330292 223659239
5753941 499333 384475083 232225855
119615035 457177 390157822 224940284
93179833 487923 390061551 226953796
202285173 462702 392624246 224725431
13748024 491466 385111341 232291710
148942358 469696 391231045 224335776
204149284 496866 393202592 224717288
169924916 477242 392733291 224578038
349764437 486981 390985470 223991734
87741039 492823 390133704 228438629
298375340 499288 388862800 223555311
57086844 455465 385942473 229511643
192742518 480546 392751855 224351093
173847934 466524 392799250 224441642
327622375 471979 391877954 224082422
230116310 463303 390153851 226325330
302650786 483172 389868887 223017535
223349403 450583 391056493 226189614
288023481 492510 388406417 224722498
221792320 476251 391020627 226468422
62917423 470258 387038959 228970856
49031920 483579 384973471 229502011
211301133 452874 392451466 225711649
84077023 464840 389900952 228498013
45430533 454630 384655984 229526313
250893009 477529 390634934 226892596
60123049 469812 386318303 229058819
285903131 497127 388322117 224711634
196858697 490743 392796340 223691244
309916773 490047 390980602 223304025
143596386 456868 391007770 225214719
298583331 494101 389037126 223521649
356467549 475389 391130126 224119606
171848505 487453 392816309 224527659
141130349 463967 391230806 225786891
165768321 480153 391830387 224368682
200663222 484181 392393400 224061581
6010360 476230 384627970 232189034
9517239 450709 385355137 232078379
172535874 468570 392701248 224696777
20133040 496706 384807936 231840753
282203952 473302 388386656 225407296
101228617 485391 390776456 226708717
257877188 458238 389634858 226562941
285512445 454477 388138965 224865141
94563236 465298 389797700 226416120
186327846 474935 393729614 225327219
69330502 456944 388338978 229687021
325843199 469658 391728059 223698674
209454218 453491 392536192 225536358
207085523 463966 392600851 224394326
19285233 474967 385108332 231780455
62248584 482801 386932275 229192504
276071168 498874 387669532 225167441
38507314 465038 384284735 230408516
156377258 464088 390768081 224210433
322524707 460585 392335032 222291417
48479103 459447 384698550 229528412
130831454 457687 390061329 226179333
175332396 104938 478171911 166155271
206899895 468544 392652443 224528361
167242248 463345 392609797 224432200
107197045 489563 391013604 227092359
290325878 471767 388579985 223935562
281002985 499932 388685591 224918042
246986947 499006 390758648 226921968
327129086 464387 391964843 224142811
21267962 451859 384828630 231497633
248883270 454430 390519799 226393960
224178222 458107 391154146 226354131
332211402 455617 392049898 224179912
328158364 496961 391932230 224168658
95848332 457978 389867480 226715983
93846441 479543 389780800 226815893
365239034 490296 390154548 222832751
336247235 488859 391484770 223581962
37322596 478964 384524502 230672110
119011741 492850 390143654 224946897
141107040 470561 391240818 225800186
300710215 469951 389548794 223314604
197674953 466485 392757711 224060001
232848608 463357 389520442 226855287
279872634 473807 387938663 225042412
158636094 489269 390470049 223950577
315334218 470559 390567656 222777796
118353689 453102 390639523 224873284
223792864 499680 391113657 226158471
204800366 477823 393199043 224632785
50461642 467882 385477748 229448859
285340762 482764 388198968 224753463
289194108 471014 388305287 224392892
132391400 460919 389917692 226001088
167914311 474076 392631470 224057179
10201971 465476 385166310 232069266
130591358 471390 389831097 226169472
290947987 463324 388709987 224163449
103573548 483376 390876401 226365966
124569757 455379 389723715 224734275
319721886 473564 391703090 222791724
367752740 477100 390465210 223358163
366512219 490370 390088891 222874308
18811146 496208 385166335 232196537
269481199 482895 388079303 225624341
341614903 494698 391545951 223765736
10578507 462172 385111689 232070825
155490527 458607 390356624 224188627
51650397 454145 385353559 229420616
283667490 480563 388004568 224661449
179757757 498538 393265469 225328872
278916397 459388 387937941 225321412
151905400 468963 390735811 224302726
56317754 488706 385729605 229588774
225421462 479900 391012495 226355937
43556993 474567 384671232 229754191
9632942 458371 385382078 231989620
220280949 472808 391313729 226693568
338643679 469561 391097822 223951986
178230724 469779 392911268 224466317
295180066 475743 389045558 223789543
134419308 496112 390191731 225621559
61417576 470090 386909030 229028961
158962713 486185 390579228 223796031
245094489 481477 391166545 227406679
305059289 477475 390252341 223326637
241609783 464862 390694761 227231311
287139437 486485 388393003 224669632
303703509 452590 389653054 223162800
23286729 495420 384678256 231419380
104734018 464071 391232617 226379521
294943127 487792 389279113 223786162
177469531 22480 348857067 391908141
204435431 451966 393263508 224700351
143382542 463996 390799489 225209157
45059382 457683 384972527 229507174
176519543 486793 392642568 224117389
180521121 458776 393554659 225486531
362244558 457571 390403281 223429791
122804154 189019 315336950 90464195
70833877 486928 388398186 229210563
237520674 462811 389677181 226508338
367137375 474831 390151557 223239535
344100170 480017 391050676 223152720
120096070 469555 390276855 224790712
123960210 451918 389845978 224576104
363191630 476234 390577634 223130035
50555848 494201 385529528 229406433
196367107 458649 392925078 223763808
38317753 474424 384357098 230525712
321065906 471398 392310157 222485261
327378190 491569 391949132 223909418
148269587 496334 391053920 224361535
1121465 450442 385319879 233438386
207311940 473470 392660141 224561451
174715398 471656 392999857 224183838
279254652 458764 387774536 225496260
229360045 465783 390146107 226619266
347484853 472206 391039207 223585449
316658079 458949 390783327 222612058
86404141 485089 389792336 228575837
348640873 459254 391393116 223530019
298131430 476340 389101167 223549768
304433899 450830 389978234 223261269
109932483 466222 390612564 226559004
141759910 496627 391275581 225978742
475076994 189537 273557156 411166029
251949535 468268 390633898 227374403
130383978 458598 389829179 226374934
76612235 485015 388493737 229365725
87258473 473638 390148779 228654307
273552191 491593 387665975 225199262
256683014 466491 389450192 227066447
336094941 474692 391595640 223623384
273966863 471220 387722714 225221971
307513511 477960 389891227 223201608
191076471 450018 392768629 224306506
269912945 455931 387884204 225496869
199630211 483859 392240233 223699936
88241108 476839 389709703 228362562
33259035 468039 384642305 231170975
240468142 490715 390273590 227153620
150126523 459306 391055448 224277600
26247429 477988 384943342 231513683
94952241 465766 389626290 226573149
364820710 470543 390224727 222835801
3513385 457669 384525900 232986009
96371435 469190 390043684 226723043
177588910 479004 392542001 224628863
323591802 479496 392299604 222458551
212304042 494521 392627214 225529637
4148968 450744 384649181 232716196
286202528 457334 388373205 224802959
70383665 480932 388387196 229240644
88957590 497961 389824586 228342568
39123723 497455 384409474 230496714
221216744 494392 391026484 226427250
89627318 498492 390162472 228165547
324642669 464719 391819041 223028851
31788937 465831 384949407 231133122
229797451 483173 390048373 226538706
321863434 453543 392335132 222116355
74646101 469853 389081448 229603555
214310216 472181 392232576 225091126
278731307 469272 388005341 225439099
29514156 458033 385195551 231442386
159149139 479496 390397135 223800364
136396728 482339 390618656 225238049
117065396 456789 390675660 224570123
1515644 478387 385274940 233467021
349525937 496685 391007952 223775718
14522639 461968 385172614 232564053
348146093 492806 391174958 223590305
2759752 479535 384808260 233284297
246635419 481220 390630900 227145745
113299035 493943 390412770 226025266
132170708 490464 389878876 226182964
98681191 452717 390902222 227086288
230679825 495079 390411166 226443168
250435096 493706 390874791 226745432
43947835 456764 384709480 229744663
105238550 462886 391031651 226474570
371505290 483599 391330323 223946634
289870913 497192 388712934 224249009
141552979 494859 391263604 225783791
274958762 461157 387716926 225395865
37927145 496426 384507755 230765661
189776883 460421 393106885 224845110
205611564 479595 392988299 224424330
15946002 489485 385512686 232353033
124211214 477325 389818496 224577161
284331402 477994 388018792 224719487
180060494 488355 393274863 225402123
247696165 456978 390485351 226967560
149730096 470032 391090021 224274712
81323971 480938 389694692 228363434
218448811 470131 391475255 226169227
354049682 472509 390997238 224144497
129566389 482661 390150173 226583957
47228500 481062 384762335 229748352
17948426 490314 385475227 232405533
227909005 458113 390448639 226638351
365965371 466515 389980966 222903215
328592863 496397 391970092 224201253
347211737 492930 390844997 223574785
224626112 493244 391224330 226471180
96505517 478350 390058986 226841822
211913082 465040 392294087 225531502
306700536 451524 390013131 223410206
271424711 457395 388136771 225810375
43026373 465985 384731910 229515646
216212191 470997 391686183 225345377
309662851 470033 390807838 223304617
56146025 468338 385844258 229531701
20711870 474281 384634966 231691868
340935861 477071 391139820 223832233
180134051 475803 393300208 225353914
287511443 482585 388329904 224805233
43230156 484177 384741388 229709950
190997039 457293 392826060 224328505
332632429 473922 391800742 224296284
205362723 463193 392826201 224511070
354466055 475912 391145751 223876640
95742378 454688 389895144 226637696
49250061 484475 384983276 229428372
12265877 461754 385071534 232266189
255632219 473632 389853167 227050741
296973945 452460 388885703 223281489
29984489 462174 385101294 231765580
162307782 488941 391513435 223643569
60802924 485089 386725111 228912175
3751598 458436 384523876 232749820
193790234 473657 392597043 223752171
251758147 483803 390711610 227260730
259669667 468246 388616242 226692223
216458951 464882 391789046 225489273
164088630 495465 391464360 224261659
306193339 483436 390306881 223196765
50155665 456478 385649798 229582784
55261916 469323 385852537 229312975
265268148 451108 388955359 225923387
147049560 452918 391219282 224384397
238062730 476948 389626695 226742641
188842918 468714 393124721 224835360
51829893 467149 385312448 229282231
203101345 455371 392843807 224535509
65222300 483830 387090559 229508808
351281501 125620 302291350 298802320
56934259 485549 385929161 229650915
358539231 485024 390895759 224141233
34638760 479976 384557134 231006110
299166526 479839 389004097 223128425
59007317 489844 385927735 229097028
325129862 494203 391978048 223235331
131766386 458016 390061319 225977304
3994485 456546 384613918 232596976
244960123 473630 391057268 227431765
36769353 497107 384483915 230731236
83695983 486385 389660701 228638799
277914968 474640 387833886 225624923
218791008 485638 391454784 226301919
259193404 460196 388919643 226854831
1856434 465118 385234421 233255360
90603694 455744 390121283 228149855
110683211 497239 390815995 226528403
62490985 478719 387095768 229113597
48276493 479284 384619894 229652363
215449648 498884 392123317 225423456
297216269 469163 388777439 223415546
195946022 478422 393047202 223485898
69548823 476424 388227862 229579816
38888136 490355 384186146 230484456
129122519 454091 389950015 226353965
48604851 458893 384617220 229572828
301731322 467596 389715588 223367663
200415386 465073 392188965 224018182
375519440 478059 391445853 223926163
308010378 459139 389893551 223694257
355640906 491444 390762096 224083045
260809931 461679 388443260 226487897
329668987 495059 392102523 224452075
40116596 457835 384532312 230450685
310887632 486893 390989479 223515929
144899569 479084 390873064 224768926
122957282 466060 389396551 224675755
104194449 497240 391024283 226450105
46920352 72220 230678214 323624465
228371300 475384 390078853 226640246
191215433 468796 392751304 224376449
5828580 472293 384479545 232155680
246289517 492769 390818424 227238221
75931166 481500 388707266 229117352
107979729 458062 390878568 226922058
39910765 462982 384425360 230549562
48040636 454185 384505471 229773795
234957592 483599 389613444 226862520
126595112 489707 389587648 225102477
147662085 480722 391307045 224336045
201790672 488515 392390830 224464348
132928447 493419 389728013 225839969
82011696 478985 389629577 228703425
288630885 493161 388228959 224714233
146147180 456913 391323776 224278966
272889681 487993 387899255 225157080
145358869 499893 391215251 224652270
147856531 493769 391115083 224338527
340669899 473042 391177548 223700687
131387084 498086 390136539 226007096
347866984 486537 391172608 223336721
179941055 458257 393241282 225487980
207030883 86498 391535734 424250211
145153255 467007 391126520 224769153
264349672 495075 388439193 225741532
45679684 469006 384657154 229278334
5278766 467965 384693643 232482465
