2000
5961122 473457 496141776 484976104
219211201 454743 494614064 482860674
21561764 464639 495023752 484261632
311065447 471590 495217587 478249354
133726975 476248 497370919 482852895
262300730 468484 494595146 478426197
245350905 483047 494822320 479221702
361664303 460711 494676076 475631303
7174145 464558 495724849 485427480
275390982 461363 495526987 477966117
24700480 491835 495387665 484430504
258961514 466777 494294129 479477415
17602178 455679 495255706 483882526
124618214 497299 496799063 481408984
265911276 491133 494381032 477518459
264272666 483834 494620404 477821589
77558610 464159 497949528 483588670
239893538 495410 494705188 480392843
243258725 487650 494885386 479994351
19699115 495220 495340778 483948069
329502766 490810 495070039 477017770
70327708 498403 497456644 484867282
49985460 453880 496297747 482916301
233676330 486191 495303962 482579578
254263740 457089 494349652 479004217
176473 465784 495260603 485759864
323097906 485359 494867700 477608779
284946426 482317 495324232 477898864
253121227 465712 494443969 479022758
83191883 475389 497789509 482575494
366299421 471155 494919736 475398450
250159521 452264 494780094 479370867
302884905 486330 493998010 478567614
158143179 489238 495392342 483719972
224930391 488467 494863330 483006723
204869493 468219 494439509 484269150
270881283 466736 495560015 478284662
107610685 453136 497369280 482717863
61740957 498722 496105081 483041136
239735403 454844 494706635 480549528
69708443 454535 497413551 484381358
274459714 476484 495315784 478010699
118394475 460391 496941930 482310432
134743484 453189 497168114 482968468
256278292 480622 494350557 479326285
160534485 469812 495558239 483742488
155650018 493425 495068654 483732825
131495846 499870 496773800 482762148
102002945 489235 497067128 483852346
122771888 467193 497030991 481859666
14064334 454960 494804412 483891551
198398358 491706 494441197 483495210
367148082 454850 494768511 475435257
185030295 465689 494587220 484206518
355468980 463536 494743796 476219257
63547553 479544 496641024 483713136
353910249 478444 494679417 476350549
272581122 480453 495689275 478389757
250593033 462550 494721016 479425140
266780663 498991 494531094 477596486
164430819 462106 494409850 483977574
41833990 498582 496514403 483700950
121108418 463654 497272677 482446604
201013120 481606 494677758 483744294
322766337 485553 495068418 477739625
135620919 495844 497345358 482688086
260098173 471604 494069563 479007254
114649189 489231 496799429 481725684
171877461 497320 493771154 484654414
116547521 459647 496842509 481862859
70915413 480162 497408288 484506415
256557778 499269 494076834 479329421
114458049 463027 496613858 481720115
9870710 490233 495324965 484218946
188138931 459150 493640451 483885017
238239263 488770 494772428 480678471
119641538 466296 497387380 482688405
185845010 485119 494427044 484124001
240466227 457405 494928897 480598934
202189417 467140 494440182 483634406
246153014 452117 494875613 479111589
115262470 464723 496770288 481771882
240249193 487781 494783307 480670377
278941646 451750 495306198 478143144
85164226 487698 497145119 482112283
2794581 460909 495944556 485421968
142931135 452876 496095369 483539354
173387198 461880 493008990 484591326
94667135 470217 498021811 482898796
334075061 493614 494655868 477344432
332413745 450486 494684823 477373649
152504293 458229 495203336 483945151
342545272 459750 495004635 477134250
175020044 496724 493475361 484579571
147870220 452567 496143019 483975620
356191547 488640 494965949 476155194
249032586 462233 495001392 479035722
269889885 489481 495485597 477992582
250831327 489822 494549791 479358071
351915229 479594 494578823 476625572
232133479 493669 495215892 482793940
12999908 499168 494881934 484016278
289685978 461992 494401017 478429260
79462686 475764 498450772 483575399
242224141 468809 494986990 480299315
75248121 451133 497938868 483564524
146086316 456480 495995028 484272438
30361824 472213 495119571 483574025
263028248 461745 494477857 478225512
25015771 481412 495385362 484565645
55527600 493356 495904685 483255773
9389552 492124 495540107 484420901
148145313 499918 496209585 483767098
206144691 472984 494458548 483816412
362579038 476372 494111536 475294894
145406411 469901 495776927 483851426
256526313 489299 494103850 479324974
273141649 460467 495434740 478388244
225831896 498477 494609108 483230443
230704916 450285 494832787 482718503
247129189 498282 495018328 479207341
369608344 494980 494945356 475728998
303298851 470226 494047474 478672211
61821852 467438 496139199 483087911
139628883 477659 496686869 483184326
135969065 499943 497234992 482925863
240675317 475989 494725903 480605028
217606892 469706 494674038 483141679
292490849 499042 493977723 478174987
262721217 462139 494408878 478455868
126792821 471017 496658966 481419074
363749029 487677 494466649 475409109
34165929 460494 496126980 483726923
344135683 486045 495189260 476823612
179601252 483517 494439261 484692566
20800806 484184 495146028 483717487
299065127 455192 493342958 478698774
216728892 462310 494542890 483271762
117823497 495252 496902604 482343467
204315030 478545 494442760 484182516
285856938 495513 495282653 478016414
276257721 498072 495266186 478471633
302291090 454221 494107599 478724915
242431626 498648 494966640 480486447
292711030 460192 494018682 478245884
148893229 456169 496098315 483783737
215858550 464605 494735796 483318118
24231545 456379 495439920 484443846
362095419 467586 494314454 475561813
348335951 490355 495417956 477025466
118177116 494549 496818865 482216140
88388191 484878 497404929 482867839
104944571 458354 497317094 483694388
115107590 471228 496924786 481771502
274011760 468743 495509614 478264821
196368853 497105 493803239 483216220
352161324 499453 494674800 476775690
70569155 478925 497463072 484632263
365804347 479748 495053335 475189625
35426939 468086 496250044 483969376
39086152 453927 495101527 484061802
7414933 491678 495534151 485377393
165298446 465924 494239009 483761863
242915657 491646 494849695 480143403
78472136 459054 498139936 483307913
56976893 481865 495818386 483561661
344563131 455622 495408129 477025918
373008565 495073 494662800 475831346
255702466 493314 494247982 479299779
271872692 492474 495419644 478422005
104878637 478619 497332790 483744626
354411338 493716 494490553 476373826
344819728 488072 495290389 476887064
140240727 453078 496539501 483570023
199364026 473499 494532711 483418433
8286924 457004 495552922 484650160
179837573 494502 494294914 484784540
128855268 475926 496752226 482227024
103906619 477781 496714299 483614372
16761164 486547 495105128 483964556
326173396 481432 495005576 477427374
110995517 482366 497045510 481945804
357886045 483678 494860654 476434782
105833544 458602 497630329 483272044
128296740 493357 496621964 482211428
138436949 467082 497036207 483206290
216975519 487047 494539225 483028801
314033015 464861 495074957 477692611
121705504 470076 497118796 482143248
244260774 476029 495164649 479286069
45255105 493667 496395966 483440773
18970264 450833 495090378 484093549
180064251 451719 494344265 484607213
37090780 481017 495857458 483468918
321346903 466075 494781009 478085710
260311821 477864 493974981 478888191
34373962 492402 496284080 483675991
76603173 479748 497811508 483636486
58079557 458664 496370652 483306319
330484893 465651 494590119 476644731
370546015 484991 494718299 475870243
52048743 490504 496276795 482831137
205738630 466401 494134689 483831109
181593235 478177 494148644 484646892
81318975 494329 497950278 482631405
353246685 480948 494937679 476750122
194055052 470251 493650875 483441891
225463142 474129 494760699 483013286
318132184 488240 495444143 478125366
157592127 461380 495200289 483604256
265696591 461863 494505004 477427746
347897182 482413 495311453 476959902
113009058 492900 496758886 481909612
306689114 474241 494439047 478834586
238081669 450475 494822298 480786195
30133896 478385 495010552 483668054
214742256 451753 494660949 483595378
241556666 483942 494683346 480310747
131007630 456252 496832283 482649842
161652062 461863 495116271 483684719
82201190 467355 498345780 482969527
89004929 493832 497086916 482621670
307585219 498741 494805025 479031656
310210011 487808 495565014 478384456
1255107 468556 495600153 485880545
197729738 454714 494136050 483131738
191471224 496626 493388371 483284234
69498726 460252 497515578 484273669
79640689 469221 498375544 483472625
250373873 478392 494794144 479571169
254821274 482693 494118712 479170966
151605972 458753 495340185 484223231
95812877 452306 497775566 482920457
260772490 496328 494072964 478525510
283246343 458102 494720195 477934244
37254364 464945 495875713 483614244
125888813 470254 496564177 481286582
293394079 494014 494004568 478003266
128666313 492986 496586806 482219975
321799554 476990 494702293 478197281
100809750 488192 496908991 483464586
223727554 465952 495180125 482960430
306085445 457966 493910571 478777321
314924378 496399 495400201 477567586
355953858 493654 494729708 476153747
373350937 460598 494784564 475610739
48517746 451904 496235379 483258397
158032178 453812 495412827 483810485
63743759 464859 496645541 483521448
362819606 457833 494128593 475071384
188359575 481980 493784564 483961546
335140897 485983 494869863 477222807
140974544 478695 496538326 483320704
371390482 465361 494433309 475561969
149274703 489659 495831867 483698762
292597091 493291 494072844 478186107
190596309 477588 493882605 483577558
324195645 479940 494580448 477203703
38489383 457354 495624342 484009183
346927771 481718 495394390 476538719
278039133 468638 494977383 478156960
203489285 473544 494638127 484009533
60025315 482073 496761317 483228225
189735788 468344 493867266 483999116
7716984 463364 495481188 485140177
161317906 464030 495362509 483596801
241505212 467233 494733939 480309889
62633016 498136 496372066 483160926
183437180 454442 494060557 484163584
117449656 496045 496976315 482055413
91085758 460706 497387228 482554195
185649057 467817 494477864 484269134
332518150 498718 494637818 477431047
350062316 485653 494780926 477074349
239509507 452961 494914646 480531644
209389666 460780 494284506 483132556
319297912 496006 494763872 478151712
70777815 485287 497474528 484435059
229042704 473971 494643605 482728704
183888883 477087 494169422 484238653
210431505 466593 494842660 483008468
132757157 481828 497265600 482812709
146981695 452010 496291128 483983755
298149651 471389 493882742 478341206
300174328 481326 493884000 478699403
272535260 456519 495688152 478434494
144816060 480774 495861996 484064631
165050427 499811 494392870 483856018
134925474 453315 497184174 482802539
272793962 475489 495537495 478328699
31092407 453185 494911576 483954668
294255989 471047 494173344 477864035
143462291 471616 496017671 483556942
119175697 492323 497150587 482459360
180649470 472840 494027954 484725150
77022361 458287 497841396 483604251
308386213 453473 494976294 478820455
339626669 476161 495231476 476752289
290527195 475021 494381073 478066843
63083523 497570 496663958 483319538
354629674 483459 494679244 476403468
48278723 487617 496186542 483448582
217368848 481177 494566846 483010828
235520566 475994 495053840 481367707
175182071 462149 493512236 484704720
140060959 481076 496516413 483413345
159185487 495863 495148872 483754135
69044172 456724 497693595 484081236
148653300 484112 496321256 483800723
95249828 484090 497847111 482837938
55148915 473337 495710860 483411282
313071025 484461 495248026 477611668
318912399 493386 495079886 478082218
218087755 471206 494603859 483057730
322917999 464565 495026000 477630383
3072754 462553 495774202 485529782
103618991 471113 496844036 483657849
246527223 496511 494960955 479318022
323410612 476891 494891610 477402571
313217785 484203 495245991 477466943
198607610 498325 494526359 483619298
246976677 488505 494981085 479322607
129486603 484147 496646935 482312464
151370279 472447 495330664 483997059
189963550 488089 493764820 483873803
64930712 458321 496782659 483502475
243955477 473972 495005823 479432540
143444350 478430 496000950 483555723
228187645 489758 494632567 483193996
280836642 462783 494929361 478398587
125280501 458536 496574765 481421265
231132202 472111 494723115 482827926
207377425 482661 494207172 483484924
122251909 464912 496999722 481796083
281474398 496211 494645695 478353359
78689893 469153 498356734 483306956
51437659 467400 496437147 482445058
186025735 460202 494292161 484078159
118613748 479589 496941402 482529174
212036178 464007 494866000 483905656
146897702 454751 496217610 483994230
91306603 497737 497394196 482340318
248143265 469403 495016614 479022747
70094904 461842 497420693 484670432
360776255 483228 494909670 475866805
151078129 457362 495503202 484009843
68891038 486911 497783436 484017945
28023145 487383 495454615 484090497
11146966 496215 494874614 484106828
11507138 491087 494689983 484282364
74550396 468913 497693740 483680071
42116369 470573 496312768 483677149
276854282 487561 495254807 478307680
170390788 495638 494024957 484219885
364482732 450499 494647764 474964793
113325261 471522 496838316 482007152
347324342 451299 495366728 476853600
213503334 469467 494935775 483760755
88635049 481073 497409858 482625912
73289055 466049 497545513 484243868
112328881 471623 497077595 482258009
2890727 453164 495887891 485461447
201708381 490517 494587047 483530511
54799271 466715 495964897 483506884
216300960 472474 494765227 483066171
194155199 495787 493619755 483510918
72312865 474706 497502829 484243701
282522287 481559 494586494 478315472
161158404 453961 495353520 483747311
261191015 478851 494250457 478766540
155413389 473443 495161080 483877028
363882168 468097 494593883 475415012
247611674 497743 495040752 479100533
327131738 476695 495236049 477469454
205508357 464623 494238646 483957425
30440579 474788 495065293 483598500
35854106 487853 496064661 483969972
240019610 485436 494764419 480459684
65413951 495566 497193768 483574602
233150407 468626 495223472 482605448
149970797 499560 495577947 483800153
259758170 481451 494042079 479204869
321556801 458479 494677082 477979740
269283678 496568 495379125 478062786
139874592 471638 496686479 483429643
62260383 460570 496189850 483288990
174123829 466513 493311042 484302663
45713814 453732 496353499 483443350
182514614 479017 493995770 484574298
251924786 493483 494624596 479525559
369842997 476328 494720464 475738757
114859429 473693 496820238 481915114
11113459 466254 494855359 484092579
359835664 480184 494363858 476146106
165748085 455933 494318503 483689071
353125274 479666 494881616 476684774
209479721 493660 494221842 483159945
294035713 491532 494072427 477983394
19275566 450089 495266049 483975726
60870836 465668 496561076 482981673
364924165 489678 494642286 474993464
268249373 452811 495305326 477966776
223664438 492400 495124030 482967451
6412148 465071 496063221 485348571
59192708 488784 496617871 483191977
284317476 486970 495121368 477900219
216059796 477919 494713533 483139136
92207051 455248 497465363 482494378
340117707 497009 494975796 476914028
305812876 462889 493734747 478771836
89458046 491862 496968884 482731107
92812512 488036 497608682 482254553
286418202 471308 495095668 477981913
262938840 497117 494405030 478242093
316247574 455216 494882377 477775830
110137720 486093 496974470 482200672
224123638 452375 495206020 482780452
107850307 451759 497354698 482492825
46564096 491959 496683955 483454535
57739797 473563 496218193 483229353
168149310 469568 493196624 483699834
189389645 489016 493853327 484056056
49475891 460128 496251947 482628439
307956762 493321 494969956 478988224
197071018 473080 493848993 483469616
25247425 472559 495564764 484513395
211392405 497992 494886298 483383988
260948706 484659 494245751 478528939
292388946 472960 494075979 478171341
127423326 468152 496629044 481812612
331327106 483052 494729463 476878075
86110775 472074 497312637 482064404
117589344 466983 496896568 482115351
357639409 451139 495077174 476404668
255925837 470053 494237682 479086708
141215288 487474 496739017 483360757
232563547 464204 495135067 482750531
152363933 466199 495212072 484076775
319905665 478657 494758215 478232124
37944218 461289 495511291 483908270
150602659 495532 495677874 483836274
145890577 475422 495997289 484078960
268838787 454960 495355926 477749474
364691851 484873 494559990 474843448
11927748 454686 494960377 484256563
299743096 457214 493503839 478690987
292140808 475491 494000567 478344064
47021716 491192 496709218 483518813
107175237 476418 497387134 482644173
316962443 475574 495119039 478254032
217854208 454485 494676772 482897097
53625937 490602 496040519 483213409
292933148 478185 493808693 478258011
79804756 452804 498336722 483347383
102213656 478941 496895156 483891084
347457758 452418 495490286 476843745
101438153 479273 497007162 483374430
283697674 481395 494971026 478005606
113765128 481683 496658479 481852681
350880815 493785 494751480 476887841
22054421 492253 495159749 484618289
151867359 472926 495236339 484065691
253989297 494522 494307883 479148617
316496530 481206 494882486 478024676
311203701 450385 495279741 478173255
8702643 498992 495600541 484297489
289885422 459883 494405138 478233937
346046903 495437 495324657 476737314
137547756 457218 496754567 483151869
244180940 461624 495161982 479363236
234361224 474650 495210144 482146517
366626234 470664 494961766 475115122
258726237 473741 494107812 479526375
225627981 493350 494727637 483145060
6631905 495315 495861932 485367038
359064056 480043 494716033 476154682
43814387 464631 496309256 483470035
258279207 482523 494150684 479475456
330615688 457993 494617757 476747887
276694350 462578 495127356 478275199
22267193 486720 495344667 484646142
150362109 493722 495663273 484062221
78842181 472077 498292909 483218494
40911938 469410 496028872 483630150
57967579 466372 496291105 483338748
134199722 455998 497076493 483003872
25664503 470215 495556478 484363299
89227189 487841 497090605 482840240
184791809 493246 494367762 484187492
204537309 481969 494396048 484358081
315365927 466737 495220984 477457431
76837379 486594 497863637 483766989
245048471 478100 494992498 479353952
43324416 489192 496441515 483593803
337427102 463943 495426016 476956012
1423385 482965 495754803 485866917
111229761 456525 497269005 481935056
167154944 466527 493784075 483659872
314684391 470233 495178227 477585598
371171907 462954 494642505 475571348
212282768 460034 494875354 483695546
296362919 479134 493647547 478086934
94396803 493372 498039600 482677391
223098237 494207 495108292 483494280
366899297 483360 494957245 475375209
324880102 486308 494590905 477267444
2087983 480339 496023633 485846607
64747006 478819 496791116 483677721
85757445 494684 497304466 481978830
302721444 472738 493839045 478563119
74066138 470483 497534479 483962552
130682160 494345 496765352 482493363
248622162 455788 495048656 478993352
46906127 478012 496657050 483582230
136899976 457317 496834979 482637000
17707221 478649 495201880 483831311
42445557 485069 496372739 483808500
161871965 489204 495004332 483792683
222337768 456686 495138165 482993282
241869932 463567 494908046 480239688
338156085 475865 495230725 476742522
162801179 464983 494849746 483560231
249372341 471169 495114143 479211066
238942046 458651 495081075 480523964
59814647 476015 496742303 483036572
370841139 472719 494688026 475622472
323258692 488584 494826408 477489287
55900372 457575 495986133 483051504
375299100 499302 494816524 475918211
267225772 494441 494697578 477814829
50560118 456986 496155115 482664845
214361946 471928 494736418 483752630
251677250 478284 494611654 479290966
337855170 473520 495182520 476771445
65869674 472486 497064974 483612232
17086909 459827 495196018 483742638
190107069 468397 493832560 483949581
223550109 454095 495114858 483072605
301602745 496330 493634447 478899155
312447236 469781 495279234 477862623
221899190 463560 494856811 483150504
296703156 499165 493701345 478316025
256114222 489326 494260358 479252414
210207553 499873 494805441 483195198
152724668 486128 495006613 483968802
203260747 462130 494446697 483972427
257043742 457807 493781476 479510207
59144612 460379 496645013 483212930
171272696 472858 493635984 484472761
314276033 486475 495025058 477499494
334899294 485701 494702754 477148313
283424594 462999 494791547 478041141
33154830 456955 495506276 483560456
252757882 455191 494570615 479129849
44531818 495650 496246010 483502646
270111600 456281 495698241 477983511
272950670 472352 495533024 478480936
230457423 452187 494829240 482962448
80898641 483262 497774328 482848232
287037254 453463 495028769 478129909
15138298 452551 494985613 484201393
63312956 467310 496687706 483525222
236029428 466348 494916483 481252521
364289607 489115 494550658 475060812
5756624 488413 495981755 485020578
298620855 499873 493634359 478545907
136694609 471136 497036893 482640452
151316865 474314 495298782 483975529
65924876 479740 497112804 483619601
266517520 478541 494533533 477393178
182103798 456880 494065529 484301336
212472117 473901 494801355 483751045
249930890 461606 494972897 479335042
40216618 498436 495719112 483933718
291642229 493217 494208076 478052998
132385856 478027 497131480 482718384
87582095 490279 497615915 482381079
133975065 468914 497136501 482839226
336233703 468615 495387572 477268900
301842679 487673 493853906 478919630
254752881 469834 494120366 479237704
141460493 460487 496525003 483391948
232785511 491086 495234215 482627718
154278180 481762 494936019 483767620
322326973 490283 494937147 478047712
204769598 457222 494451102 484180849
878714 476036 495431174 485866645
195868617 483885 493560724 483442312
149110433 456525 495896136 483798761
28551421 450703 495253876 484362480
221033592 487132 494743957 483115009
130173217 492079 496974926 482671085
288581564 469198 494510181 478156201
87949586 455007 497514957 482566145
36328288 489322 496033199 483949834
339963652 459933 495098516 476882693
259437982 465688 494225323 479240195
3855356 458363 495949115 485349660
23852371 499698 495472268 484316921
298858491 461932 493491441 478640624
26310696 498658 495517017 484085157
236512465 452414 494832521 481175529
197257023 465239 493997622 483432242
101683574 494379 497001687 483614375
44353256 487478 496339333 483587882
191071327 486275 493467078 483590847
124120951 458208 496559725 481666905
291224078 482631 494324865 477902772
40448466 490963 495691100 483729882
72196499 458506 497601721 484226227
191702644 489442 493375906 483503187
100333807 485824 496886323 483469120
276022529 474088 495263541 478239088
179331630 498907 494587081 484643586
22750720 481905 495263607 484642998
290277826 485560 494616712 478053113
89604575 473314 497053500 482669196
87488861 455432 497535484 482368279
310682932 462571 495447543 478135986
143374337 478035 496053663 483538425
324330712 495473 494458890 477217211
113078673 496817 496755619 481843264
278245364 476278 494947800 478005179
181224663 455465 494076105 484888838
108486838 491448 497449606 482932304
79123018 450672 498411028 483289896
60178349 462768 496620831 483240772
130878575 471435 496714324 482638747
78959242 474557 498271374 483314017
121471393 460406 497322900 482173253
286026825 492552 495330802 478138152
120491007 459287 497489407 482411805
26854451 498978 495476742 484015440
166594105 450065 494059047 483578429
223379259 465727 495096479 483225075
257523065 458137 494068654 479673925
310985136 499616 495285919 478237378
207737742 468017 494144558 483433933
221391432 486581 494914694 483083602
71957195 465833 497702264 484364988
253370390 450048 494464857 479251031
317622081 469062 495265331 478208022
157160754 483019 495375309 483498733
139011343 467250 496706318 483425892
72752620 483799 497559904 484272315
105589977 468836 497396449 483281728
39768257 483324 495538541 484201507
9277908 477562 495474294 484375070
225172229 484737 494706413 482921804
329746953 488425 494836734 477006890
44670885 473000 496373861 483513862
81581139 453647 498137646 482622179
233732389 453091 495336663 482556220
281920386 478111 494526928 478327949
208322120 482254 494271323 483320032
135381046 469774 497227034 482809634
286650967 494953 495289536 478020807
129929985 472709 496933418 482469362
106363959 479172 497773573 482884877
68646070 483188 497987919 484058429
34786758 470376 496205704 484010409
70006785 496510 497368430 484634578
291121060 460790 494277559 477847061
129239483 489111 496633414 482078865
58401155 460030 496651330 483347234
182295213 456484 493961725 484388944
19077031 492923 495084476 483992686
372578276 453025 494587214 475928762
249592757 492278 495135764 479409859
227780053 457426 494601449 483125511
343621123 453429 495371794 477050845
23227185 494221 495228666 484688583
29391364 490625 495193511 483941185
208939008 474039 494307978 483269443
86641048 468864 497512959 482026084
343666736 457128 495356387 477020642
219443547 478352 494684793 483022288
83493063 461957 497801318 482390404
145646826 475183 496015423 483853343
188565654 475202 493713444 484096504
8945372 488629 495469693 484409368
10038084 471742 495315839 484060701
198149664 497955 494192559 483495154
265468954 476440 494651300 477509085
137300965 494616 496728320 482931326
2470737 480711 495921743 485703415
234607390 487057 494976412 482134084
323819262 466030 494689897 477195638
277153253 476952 495243784 478317277
111947257 490299 496926437 482219506
193456511 488867 493667836 483941202
65178709 466320 496993310 483539820
84464059 453551 497199871 482122089
226095854 473924 494615104 483450666
51211189 491482 496374687 482281049
374917376 450627 494903224 475753884
23671377 479091 495463949 484489595
26534205 483780 495679440 484132984
297758698 479386 494082446 478532453
41867525 472878 496542873 483695886
271135238 480373 495473248 478309703
202668085 475777 494434687 483583055
251067333 487222 494472994 479517278
177053514 476859 494276667 484986141
238461133 461341 494874484 480798285
96260063 493498 497660750 483061523
15909744 478313 495257684 483827541
326946528 465347 495175401 477344895
73057070 492179 497370021 484300359
212640346 455021 494926126 483707590
356988607 472311 494871590 476548676
182010658 485966 494107665 484352338
133495330 470219 497196494 482795677
113924923 473484 496708421 481742828
374273558 453747 494597308 475781232
270382263 450364 495753142 477978775
333292474 498323 494693336 477601333
80471381 489645 498090002 482927480
143961888 480594 496110312 483857004
326470309 484815 495120966 477307086
353724442 459018 494821184 476394588
229280493 469587 494656651 482503962
30020556 467404 495066522 483725422
350548760 494918 494788609 477064812
105407942 495768 497247538 483314849
20380883 479832 495069475 484060853
283541491 493845 494879411 478070173
309228978 493692 495349234 478517157
103844869 499509 496718843 483557167
269655238 495775 495437262 478178892
98298945 475587 497175322 483860823
246278198 455854 494959579 479070373
180889493 462849 494154411 484838714
203704475 498883 494544106 484130701
73515029 486199 497536075 484027334
162572159 488670 494656060 483595565
273555130 465902 495572512 478216369
95647379 471752 497648432 482882096
327840632 451604 494977265 477019351
128809693 463705 496714894 482235267
153471388 461820 494695959 483771651
87243999 468767 497544603 482132539
233979921 458772 495312384 482332969
205309209 454398 494374658 483894289
167348170 490815 493640256 483709277
290238427 485317 494590856 478066656
326319403 473936 495125437 477453520
227965165 465257 494693844 483032795
159843800 457280 495667122 483894195
166673439 474939 494126948 483566997
263364828 496818 494455703 478199820
24089246 495764 495575451 484450612
24385356 487988 495557887 484479687
297933869 466436 493914801 478524927
268485260 485812 495516678 477942244
141876727 497643 496574336 483456144
149773887 464579 495600786 483788916
92408364 492783 497557309 482385011
267391778 498890 494852919 477825494
155078076 457035 495129910 483712526
16734299 492906 495126108 483958674
127850656 489021 496484805 482095702
204127824 457863 494606423 484158974
3512375 477269 496086671 485402634
294386852 451222 494084553 477821966
287744787 498336 494754766 477872129
219869247 469143 494530161 482983506
343916162 470965 495356803 476771635
184064788 485927 494203039 484380941
315080412 480418 495476285 477487639
195698318 491009 493487245 483345494
231903274 458223 495037425 482845676
1899834 483081 495975475 485706616
103521589 498368 496762266 483642219
243143871 495355 494796689 479968196
111551692 471151 497003030 481991008
58988643 466127 496714020 483299889
322085531 495405 494916771 478268776
315540173 495895 495212183 477622876
282018236 452700 494539979 478243151
239106945 474669 494991524 480448617
308599770 458970 495106589 478903715
85607235 450669 497329639 481853796
297385616 488330 493756708 478566366
254219603 494854 494351217 478961645
316129981 467443 494782951 477757664
187582051 464345 493726954 484162669
3973372 498828 495920434 485438995
228467244 473906 494621559 482928578
52666552 476619 496431970 483041183
175675085 473654 493925650 484784314
62504187 458450 496403240 483258578
163980764 462117 494538519 483791123
84032294 458428 497400298 482308580
174793755 493357 493356749 484471896
332176814 465266 494913907 477365802
83295099 452296 497737370 482524418
325466924 489785 494515271 477608974
160241881 472114 495411969 483751270
372791230 462425 494458571 475844451
323948696 481492 494818073 477194380
236606756 496029 494865555 481236785
112093510 474140 496883430 482299215
200204712 460208 494929355 483862318
361899552 454055 494477516 475594615
201212995 469920 494873139 483739801
289678738 499475 494406221 478427225
267029147 471545 494529499 477843373
325276917 468336 494530471 477598739
159610038 490496 495434090 483893465
217167359 465142 494488860 482887326
261633113 485156 494416990 478493333
332717246 489695 494750039 477344173
247971837 490553 494971365 478896568
223891094 470617 495301124 482917890
336708054 478500 495645961 477052940
370364687 470435 494558348 475891619
189541216 456055 493883945 484177006
12149890 487809 494977339 484051386
304683504 472714 493533746 478789490
142755813 494115 496138131 483406795
14289740 461416 494999516 483861250
275876461 498517 495362774 478285923
7646620 491887 495540084 485151642
46266168 451950 496546348 483294215
256796124 463146 494024184 479515114
324778536 499026 494497265 477275370
186588577 460733 494146551 484352481
264404387 492430 494731528 477800992
346057264 474074 495320163 476731447
225390569 495031 494786153 483060402
342918258 450231 495081234 477113333
114090838 461513 496635945 481836267
160456928 474412 495580721 483797563
92061536 452909 497443243 482370985
145242906 475403 495839237 483952619
55767014 467446 495908150 483106878
173928461 485390 493254302 484441291
273767592 489369 495745152 478256191
299487708 454393 493528797 478462035
38177629 472929 495519435 484133534
279075661 467004 495340230 478043163
122979652 472013 496852431 481830462
368929728 488583 494409672 475608302
263576127 473919 494418042 478026183
334464482 459880 494742401 477089567
337634061 487700 495228498 476946574
53391317 461176 496154831 483093102
123189901 490810 496745708 481833042
368525540 459407 494532134 475755943
294636324 492203 494102867 478053122
357189608 495771 495044256 476577010
299635802 469302 493503101 478584433
252524827 453316 494796432 479122614
270272014 459872 495804686 478037480
37567472 476493 495816256 483867892
277462147 462713 495118526 478160292
154763298 475940 494896555 483757230
349829095 458269 495005024 477065227
213976562 494953 495030797 483836222
310322098 458010 495606472 478313829
28261897 455572 495421115 484295746
336942478 485061 495612622 477254025
331731398 454124 494774208 477205072
285156166 483194 495202834 477810523
4430491 466442 496078053 485322245
2282893 493515 495852908 485822424
285508454 480011 495106392 477965139
31824090 451779 495029348 483812465
61540546 488372 496153316 482888960
351796913 489728 494514502 476679564
154032406 465295 494935264 483522602
51894251 476537 496261567 482691874
257946093 460732 494210911 479748339
62042922 476718 496283249 483164930
74298649 479766 497574979 483770542
236847147 492564 494871708 481002550
363509879 484221 494291025 475472635
62854110 463319 496435172 483318912
82957123 475803 498016506 482567734
285618376 466299 495045919 478014587
5516770 480043 495973534 485252208
153900559 498673 494833446 483492574
279433342 453693 495283282 478056575
158641940 471561 495146708 483601059
42235965 464686 496363431 483608218
119396816 481491 497210729 482620337
349106282 461703 495300532 477413301
342996430 490878 495116810 477070737
192097272 475827 493665305 483596690
304013616 497373 493385383 478724303
20589178 487177 495103578 483886662
147225402 474022 496168781 483862398
261399974 460877 494418166 478725293
309505204 454314 495566582 478539066
209344649 499403 494282670 483175736
259890151 461425 493984629 479130339
231451220 496189 494906995 482746012
165969878 467083 494437510 483586286
208563601 466704 494270023 483079854
172377038 485954 493510004 484641691
163614685 496566 494247204 483716364
169845609 489831 493968570 483737338
110376622 452345 496773901 482162342
75008938 475484 497744109 483608946
169481534 473898 493902948 484031435
214592993 463829 494744784 483529952
106195039 469823 497747326 483027548
21451164 463453 495056967 484184250
355007739 456147 494893410 476345712
40669639 460355 495899289 483742864
325369438 490898 494541597 477680133
150754540 494203 495686636 483979390
104211480 450349 496722114 483801099
95461076 467373 497757379 482959452
231366356 464256 494848743 482719401
315885212 450454 495008950 477738896
190319843 487250 493831115 483738252
222139461 479523 495095164 483148588
31976609 490951 495010741 483678555
358290724 461227 494808271 476082490
276993458 496998 495305256 478218955
192142569 458806 493642110 483574591
195236879 452053 493631804 483473203
60403599 485613 496654196 483048890
131181589 461725 496678631 482670148
326717872 453348 495138733 477536882
128084414 493295 496710025 482087164
359272112 491509 494921237 476151833
287993128 493863 494514255 477879957
65621873 460061 497168125 483756879
202709736 495144 494447658 483611733
373943018 485667 494470280 475807787
283909084 486721 495000401 478187639
265219476 467590 494687512 477722350
17955088 499936 495279765 483661330
221142605 468758 494666110 483083845
335221708 462098 494878108 477150241
296590619 476265 493618874 478285959
282254538 477744 494565414 478454017
2712966 493149 495911952 485470978
229765062 451595 494858396 482701734
81101131 479781 497964056 482835470
103107660 461524 496762663 483867828
352463809 488215 494855258 476793397
132933989 473583 497244822 482656657
24789404 459897 495413471 484367389
176622213 479603 493937898 485042983
41160838 452483 496229636 483678286
200767047 495705 494872059 483692525
10719785 492859 494987725 484016721
285376382 489163 495055780 477883682
120039588 460313 497401928 482362120
354194767 454385 494684057 476350761
156919244 485528 495450971 483664581
301164827 481529 493780904 478651246
361074575 469378 494950676 475661602
324544732 460026 494565434 477109737
180428196 495355 494230845 484743530
258498698 479539 494068213 479338438
13191603 494458 494787439 483919080
100581911 459664 497133361 483468055
280404571 462826 494658039 478259179
15698438 491022 495111857 483893017
189146827 481669 493820025 484265569
166915656 499967 494000484 483682749
187726975 480289 493685541 484059159
74381918 461527 497553724 483708531
184669999 478038 494311354 484252891
255288082 473664 494129222 479595402
226215874 485678 494658413 483373956
318307578 475721 495272167 478128782
333704311 471274 494754366 477484516
216541396 493557 494570632 483112011
196823359 477072 493974352 483347319
360378494 490686 494541169 475861461
71534800 472512 497741575 484331128
50370072 459548 496186964 482823042
101266689 465436 496907082 483445814
359761586 485445 494434366 476149675
307104351 480370 494527391 479161477
295890225 464778 493762408 478334865
299929676 454421 493669093 478669661
293158725 496755 494009723 478233465
10834777 468113 494958073 483935603
328787573 474148 495295811 476862199
123361072 480457 496698122 481956627
122010861 489139 497158877 481877974
232962196 453057 495139197 482709384
296946895 456744 493940604 478311546
148269600 452186 496232804 483666030
359513021 451720 494680552 476152054
330317368 496355 494662302 476740072
211565949 451819 494815097 483486331
281744071 481147 494399295 478376631
139257156 462601 496673573 483212825
112740881 490432 496964021 481972651
138201976 496244 496936350 483071174
289229425 489015 494486756 478076111
25598299 497812 495518398 484391420
315676866 487701 495204403 477751788
78005786 472107 498148093 483340063
174333161 494297 493362589 484460448
86783065 472853 497546090 482134969
348912978 481442 495279845 477240684
125153550 493870 496639458 481483522
178159634 465595 494275878 484620063
6787529 462434 495904808 485254292
112796169 450914 496917080 481964304
72975206 457598 497380580 484229056
90079316 497061 497135241 482580173
93236270 474384 497685277 482322341
272075965 460253 495332226 478537860
81732709 474999 498110168 482746270
239293281 484759 495112851 480513626
82763629 475542 498004076 482748797
330856435 453845 494740717 476865672
287283490 489315 494841015 478188390
305131584 453931 493578218 478711805
358819638 493955 494877383 476071617
344183162 495380 495191564 476868784
309998535 485985 495746076 478354042
280170619 498801 494879041 478246230
373882280 486328 494471267 475748038
266276178 469892 494293449 477394434
20038125 479414 495249448 484141672
249717798 450313 495182547 479331601
30889428 490950 495050956 484018265
282760548 491355 494806719 478333507
220523411 475317 494519953 483066354
107420879 474613 497391100 482885847
32195612 459167 495141513 483766783
248380553 472884 494807886 478994190
85378544 459234 497171163 481924010
212417023 462665 494771431 483725877
214969056 478454 494590469 483439058
102966028 463117 496851194 483920929
191224805 465335 493381084 483523364
32250299 493648 495155033 483725616
176272184 489426 493700076 485001756
35503772 459972 496302828 483993425
144122045 497666 496153592 483973878
92618880 458022 497446153 482285653
254506211 458049 494111366 479000034
91693260 486273 497693228 482252696
82323666 465393 498311241 482881593
206388806 450617 494490942 483604692
277894488 499058 494899101 478090599
90876423 463307 497197140 482534949
166417113 489545 494197399 483617067
88169969 490247 497528397 482773087
365568827 467837 494820049 475191859
187339979 499789 493937191 484130834
163177746 466735 494532750 483564974
222569340 462020 495231424 483131594
94106875 483283 497874726 482744552
317793189 460380 495322690 478094276
338545465 453907 495397022 476519440
86325445 451295 497501686 482038785
142118638 457844 496529189 483652907
12497833 456733 494888017 484166341
56763736 452098 495661185 483505705
32417428 486615 495300789 483704243
289474438 497390 494397390 478231757
36738719 451743 495868113 483704492
172968424 465883 493186894 484832192
264627835 489601 494873646 477882320
167523825 462565 493486126 483687754
69264241 462302 497512915 484041847
1666113 464042 495842604 485711993
297143381 467479 493762352 478329777
102661605 455963 496876988 483954917
267692184 487454 495028100 477950717
93689280 488993 497806548 482452666
227541929 477161 494677446 483287636
306300219 489523 494066173 478836490
339203483 464031 495166778 476719459
325966849 468400 494963489 477591832
221567101 496732 494956340 482949579
94159454 476455 497845782 482720919
97485997 463210 497337560 483420891
182961838 456620 493887894 484434654
46812410 466098 496620683 483639577
318665315 475615 495168382 478240806
154851425 483873 494966323 483775589
272308133 494203 495472509 478445978
177469227 487358 494281043 484940279
312837251 498041 495439209 477654256
290132422 490049 494574465 478156267
132591404 452465 497313786 482695144
371632557 472353 494432648 475803380
42868020 485933 496458501 483593181
374490418 466303 494763816 475831581
147474228 469018 496415218 483860012
283194108 496008 494731523 477975148
178987061 468283 494514680 484612052
360602322 452600 494753038 475849505
245202263 476640 494938086 479254575
55720021 482992 495892800 483075238
271620141 497288 495305158 478484853
176729676 468968 493973305 484979833
274252924 473840 495501898 478031374
328580687 493360 495175088 476948361
123061525 465118 496821030 481779990
323617641 477465 494731227 477355927
175471162 469312 493754101 484751940
338363716 459101 495378603 476682769
179477277 475630 494477844 484607176
244860820 493479 494973226 479202802
98698299 454577 497143774 483867599
366443404 489771 494919009 475255195
143131418 454955 496293275 483541731
358515186 489197 494599691 476098372
316730961 459618 495083721 478057870
155933556 461743 495026311 483713773
337995985 498696 495080394 476732756
90657021 481546 497208486 482743004
134366730 460118 497230945 483016425
148438328 462969 496354937 483619435
119132062 480346 497141885 482494293
320148500 493300 494753892 477993614
35186157 481014 496375665 484084535
125497892 469159 496580509 481209620
18543134 491591 494959162 483928767
88784087 469821 497286411 482600324
261880111 470771 494622809 478452157
329962547 464842 494787788 476840245
126368014 461455 496343287 481523516
83794891 476214 497609507 482280388
201459490 487365 494675839 483690607
169238603 467590 493696607 483994845
58555459 459749 496753502 483295105
112559238 459444 496957489 482147760
149878143 462574 495572991 483712456
227302266 465625 494660689 483510539
147698568 460172 496310578 483979711
19919757 461376 495360609 484148878
341770803 491910 494892511 477222624
249205356 462709 494975564 479182662
342296118 474489 495004541 476885192
157815306 479895 495422943 483603732
288386769 472558 494634012 478085239
254982658 466762 494102783 479316419
305616191 497707 493555008 478788779
19587483 450945 495411477 483989001
288982656 466642 494410053 477906046
221807644 473369 494932538 483166320
114209023 475972 496632246 481950750
38982340 453637 495154243 484010709
340988592 460444 495114335 477046677
44879117 457956 496170276 483518506
47601732 454453 496449178 483411618
366076072 453989 494928479 475183845
74591272 465175 497705204 483709482
321194698 461834 494847734 478171190
294813970 477471 493986766 478114665
334315583 463969 494631857 477127922
202548991 483774 494545389 483591445
317204684 470942 495224163 478391148
357420530 488504 494921986 476468359
373659099 492938 494589965 475643555
67131371 499549 497361173 483802797
108930485 487188 497437956 482586290
168760339 456531 493406349 483806841
270694879 490150 495587620 478125865
276447234 490177 495110858 478505817
236265758 481960 494841193 481413561
237094307 488853 494916732 481204685
153026848 474267 494977252 483934897
17440336 455904 495110737 483865656
199589482 465227 494662967 483513631
308829389 454108 495216234 478783743
164186900 466725 494342383 483801122
235025815 467377 494988259 481796872
267503350 461228 494865806 477924179
327591053 495133 495030829 477215365
60650169 452993 496454868 483096131
123951609 478924 496393849 481670371
161014611 452085 495293558 483663482
247859043 463402 495046624 478859036
229524764 477624 494877491 482480531
264099261 476029 494576418 477951006
319733037 468594 494797926 478099209
235274330 496340 494988390 481548491
319483796 453739 494589590 478140113
213727990 472382 494784407 483834042
278447002 495809 495068398 477924140
118895176 479774 496907306 482491987
130240689 461858 496909557 482673185
311890759 482492 494959658 477872142
33853857 458548 495913925 483652533
36096859 455747 495837340 483985403
251454766 471075 494477272 479379065
252329470 450524 494784739 479306275
26390386 491381 495542252 484139612
156369358 475838 495207230 483623053
237568551 486547 494706780 480978110
56486242 454477 495659371 483266109
225883046 468161 494626255 483264445
317439391 466090 495127612 478252993
25908965 455344 495566514 484128874
144988160 496821 496008031 484038566
179134780 491337 494394365 484639453
218494165 486463 494525081 482947574
331940065 452548 494910382 477132581
173804959 488099 493327257 484491836
356766633 486739 494869731 476328561
23429643 466857 495223706 484491086
84696873 460939 497432130 482122642
146532882 468298 496175981 484029823
105979703 450459 497708641 483204199
209959590 464614 494601852 483150824
205091956 460940 494395804 484090393
67459539 487266 497261797 484023609
231700444 472816 494945575 482956654
186423019 456954 494304011 484344385
242056695 467026 495080389 480225271
212173295 483089 494888915 483791455
136472936 485594 497062521 482836494
333884388 462570 494589787 477469021
349584856 451462 495243320 477071169
109174257 467881 497235177 482545297
53863290 463044 496115218 483050756
185403428 460665 494600499 484146142
55318145 466342 495696185 483256727
309282712 450683 495362576 478557549
122542347 452415 497009043 482067258
52291765 483247 496278738 483072213
26781946 472960 495536384 484028300
18114450 479058 495121351 483662277
368337683 498539 494683071 475792862
80045096 478037 498325268 483118498
64516614 466788 496647769 483590677
213023113 464459 494913865 483728672
178820157 461621 494599735 484530204
117031459 462977 496825871 482323163
253569738 487857 494326751 479189791
186180626 457801 494232559 484173445
111831901 485425 496973771 482151486
255157167 458900 494121497 479472214
301361648 489480 493802679 478826291
268002748 463017 495096377 478004452
295969034 493077 493735743 478282721
27207911 467489 495362193 483935444
156146468 492267 495066420 483540973
227073513 478414 494521716 483600319
193669251 486383 493676898 483737525
106409004 462276 497733732 482890080
356572782 477219 494754369 476250073
290765994 472598 494178166 478102732
207142970 469793 494115815 483341827
343231958 459141 495204872 477218202
91875828 497353 497562796 482304830
29772452 451632 494923303 483830307
115490092 484986 496784737 481558709
233276350 481156 495189417 482697335
38321177 498355 495621736 484174780
312004448 452644 494926135 477952307
84760220 458132 497434029 482061195
79223993 485962 498457981 483343915
127629414 471808 496485025 481874681
207500780 452634 494330202 483485248
274683144 473829 495361433 478188479
248829822 486194 494985714 478848637
31417054 468014 494945845 483756023
192391548 499195 493885823 483569327
243501779 468738 494878138 479758548
74769290 485351 497769944 483822758
48006536 467884 496177999 483545239
348087914 493843 495368834 476826554
10451554 489070 494977279 484135608
301047487 457734 493735593 478579217
187121417 471405 493866974 484279179
77365409 471187 498032388 483699009
209107629 461951 494252812 483382898
371871853 499133 494337153 475947180
345127595 494664 495479892 476768702
519055 466825 495359346 485857367
133261624 494783 497421152 482804724
77070628 459270 497845488 483648424
14910051 495526 495063802 484051335
170504781 450921 494030867 484111803
45017105 484162 496271981 483554787
263194769 465680 494371773 478285949
215610717 452307 494498728 483307354
196617782 478121 494050498 483217889
219634192 468053 494518278 483046417
133073044 466671 497382258 482655039
343396423 463151 495341894 477245643
335640064 466910 495040572 477036041
181815898 464109 494066720 484506153
173621941 467877 493240422 484588016
293489133 451810 493980907 477931874
207966734 476182 494149920 483210303
82529516 454442 498237254 482749732
202856048 497097 494393580 483703967
228435627 463327 494634151 482947600
365324901 499014 494913979 475041866
1766851 484867 495895606 485759728
111325627 456668 497226380 481988294
135146380 494874 497195177 483012442
206743617 496046 494403824 483453170
167764186 463946 493276672 483718659
344946325 473353 495347168 476817248
191880590 453737 493454487 483602551
313446916 495206 495277477 477664585
101884649 490389 496993708 483807470
369360224 487503 494708354 475740114
22501399 476477 495313266 484443337
171592046 483033 493840162 484587928
220109237 478758 494750971 483002686
352350329 496098 494811646 476723532
348560385 455489 495366773 477198717
200629547 473598 494797949 483755912
56141841 454137 495905986 483212825
194589904 491823 493753902 483435247
162971386 450235 494727731 483553595
210672917 479229 494799171 483206391
233477945 456350 495188242 482496916
111705482 478001 497048265 482099563
305862895 458700 493689117 478776225
201955261 481272 494455304 483415375
54575837 498329 496047722 483366276
151821719 466886 495255889 484091781
47812609 473819 496242963 483416278
317926545 476437 495331729 478218590
367891542 474195 494542170 475692185
46076471 460540 496379479 483317043
27402083 490971 495418121 484073686
224683568 456307 495103089 482999662
275097376 491105 495511154 478207584
176087335 478704 493690919 484826067
206924114 497532 494246991 483429507
34938540 463148 496129608 484086095
104637289 460821 497098169 483751350
117203950 474149 496942467 482267270
208772645 484786 494284482 483274436
180240771 460191 494401367 484726628
77286176 453796 498046637 483634026
339377598 477424 495162022 476572673
146753903 488978 496329163 483961985
178532854 494488 494556853 484660263
80657413 474127 497999388 482832064
174566262 456495 493409616 484646519
242581644 470380 494934765 480368306
71743272 450367 497878043 484403132
259672036 468688 494030749 479279673
168545645 459633 493236348 483762151
270952356 481631 495627152 478280726
295044701 477530 494030394 477927563
210980273 496759 494903922 483357534
328183330 487684 495039798 476828436
176692486 477802 493977757 485012571
97734159 486003 497337555 483669047
235763708 495728 495060343 481131070
93037490 450659 497626185 482462026
223156224 469088 495105306 483439280
197918174 465250 494140428 483315796
271374158 496019 495299401 478244630
125026878 469711 496621729 481592464
135731255 473970 497237232 482690294
211174572 472042 495087948 483367806
109532675 477278 497261869 482518312
141676040 452424 496480977 483563469
95050742 482896 498030159 482853975
8045501 473450 495551304 484889965
176960621 491715 494190858 484993224
304480829 466247 493405555 478715007
214127274 492338 494967384 483748926
170141822 497931 494028076 483974041
372331313 483018 494559222 475709792
243718813 483195 494975989 479639367
247305813 468045 494952989 479318626
275772363 462806 495452387 478271441
129734905 480934 496886933 482320768
138871070 466010 496710472 483289776
237724096 486508 494748358 480864145
21067482 468863 495140594 483954273
61024736 468191 496558096 482830754
345817939 481906 495441151 476624846
370044260 469013 494622555 475635403
215416346 499680 494590205 483410248
158300007 451457 495302620 483787078
55030628 490144 495739337 483501089
355630108 455708 494719875 476082052
75736594 468642 497849465 483657096
12859572 495931 494852109 483905767
218964927 499644 494604679 483097561
192826191 477652 493955828 483644245
352682326 476652 494920245 476639867
177286489 483196 494317348 484793847
306889019 461519 494525212 478948324
288627757 452458 494489391 478181604
297589166 490736 493953542 478573080
152265510 473067 495217802 483984085
360190815 467987 494533828 476041797
196189031 495757 493791392 483384193
368093643 480492 494439891 475792004
45942634 473913 496484662 483345695
284734061 456642 495367481 477729748
341527233 456164 494939348 477025893
102444724 469287 496694015 483921010
49781547 451832 496230744 482779391
27554393 455555 495382363 483957134
218306648 458704 494613095 482848074
321012133 493417 494873117 478328369
274928095 480909 495602674 478192188
154527406 481787 494904425 483985252
329429124 484416 495094776 477066674
30309944 457031 495132009 483613464
325651679 483522 494676496 477585445
313855312 491586 495052363 477847720
120905277 476741 497435853 482406641
371008719 464568 494525444 475617475
94832354 489781 497857193 482899396
85972811 455626 497212755 482102483
268631656 474605 495487991 477824538
226470106 460189 494519205 483284917
281015127 497508 494872110 478277355
330152614 496283 494650568 476893089
270559758 476823 495660686 478063813
193911697 496577 493618803 483553174
14664293 467153 494844960 484078250
67956991 453701 497589541 483853904
124370386 468448 496670683 481528430
304846465 472743 493480496 478899198
344358595 488725 495363862 476865652
97108089 493208 497524960 483353455
67236638 499469 497365163 483904074
4749299 450670 496121941 485300620
367584046 454974 494570599 475642116
177717560 466282 494093366 484879623
66311253 460324 497259800 483550052
176460418 477978 493811593 485078471
311412548 450093 495103824 478206183
102843709 477365 496741938 483907866
108083138 450448 497342186 482713142
76180150 482758 497685465 483610774
307874999 496182 494899243 478999273
68399145 477596 497779344 484096776
332904493 482848 494570456 477336512
360045479 489833 494428928 476001364
259200235 493679 494162919 479369905
369117616 467286 494466029 475739831
347161864 482748 495421403 476745797
124808297 456678 496822987 481575142
346783215 482334 495501604 476576059
140485878 450403 496320474 483543899
275317557 485492 495545137 478021389
41402351 460377 496265625 483883807
98511009 485927 497084224 483739860
278694280 467699 495296755 477905222
273365441 455592 495390767 478208426
298376951 455399 493664502 478332147
64126253 474723 496679555 483869923
131958750 473619 496745567 482677193
215207237 482327 494393450 483397897
184432596 491403 494191756 484135089
149396684 455420 495920839 483731769
228864705 467682 494649362 482900943
321897414 454937 494777645 478219786
284498242 489729 495214437 477812523
195942549 454858 493546529 483382576
263751321 498033 494327069 477941965
99254372 452884 496979163 484055967
358041209 461822 494811131 476329144
269052976 463344 495301738 477909473
4181497 474105 495830810 485320496
169005276 499749 493475316 483982811
59411194 462648 496811135 483217198
123489753 478782 496660921 481865150
350304611 456441 494820188 477277382
115977233 475599 496955673 481862495
147125055 455477 496187727 483943798
187944030 492906 493781901 483938465
252106210 455015 494797366 479516905
18773483 485709 494914162 484114114
269498442 498534 495304641 478203066
258179140 489221 494162322 479563882
140727541 481361 496545212 483560821
80252747 452588 498129048 483107067
286242441 497091 495141443 478111898
333526286 475394 494683567 477377290
63969933 451228 496671109 483722052
172723842 470771 493419004 484819722
340601608 494454 495003207 476927162
86482532 460039 497607606 482089950
245393072 471225 494857549 479228640
299277861 498835 493382753 478525837
300838054 456282 493848910 478483102
241333963 470762 494765600 480449477
361545760 483184 494707639 475544325
76811591 489461 497885562 483770850
244903763 483756 495001110 479217859
160634531 455112 495497572 483781866
346445985 469979 495399212 476538881
203899126 486326 494533632 484314878
200424831 484399 494952917 483706164
279289681 486118 495192813 478109766
59631554 475017 496665308 483142668
306496839 499419 494255734 478843546
144595010 456788 496044528 484103149
328986371 475616 495301772 477055036
119838099 456136 497358773 482520452
21864772 464084 495117414 484470976
71062069 484780 497510080 484461552
9092190 457040 495413252 484499744
363051966 480981 494121567 475296716
96630073 474996 497670463 483201086
282399307 486726 494511353 478363310
39558152 477662 495374990 484248061
58794185 455928 496544565 483324892
39312829 451970 495135805 484254199
33550435 481731 495710154 483752181
318442933 475105 495207775 478057819
230013703 460535 494854107 482946084
21248236 475502 495021930 484016361
170563507 498244 494008757 484148416
89843372 473666 497287227 482664127
263996615 478872 494518546 477995780
148020322 487827 496171312 483853813
108697774 477628 497394967 482776010
48646542 459651 496332765 483226989
183194608 472733 494076361 484390352
49620617 488025 496318695 482706414
24472757 470285 495605746 484440146
121949168 471717 497149782 481930570
251554389 463223 494531730 479333902
99496057 494018 497093781 483928903
159372765 468847 495196853 483893429
4602509 473120 496248588 485320763
320767392 468453 494973974 478184487
178319276 481321 494409497 484594042
303520575 496608 493850157 478696618
113557877 471818 496622150 482023601
167942188 486722 493260620 483556711
35630409 493084 496244002 483925617
106793693 492816 497661629 482725903
89975709 483640 497232530 482586488
57895775 457466 496313841 483289683
267857906 499882 495190653 477953886
156501665 484589 495075122 483622856
97839547 476337 497409056 483635160
13871586 485113 494779911 483723305
278072112 464224 494956838 478169393
7092823 459167 495789438 485444211
120246402 457455 497336060 482503063
218677670 490596 494678501 482977658
90491822 475130 497257971 482627292
183646133 482429 493942652 484254630
158981143 498629 494952557 483746109
68205926 473157 497590865 484101513
106544365 465939 497672575 482964284
337178220 456994 495492054 477138853
264977142 468266 494685647 477962816
66741981 474321 497254733 483640326
124457135 489315 496675813 481446812
48926662 452811 496374243 483055368
259285457 468471 494241048 479376995
52477035 468205 496333604 482950033
91449900 481178 497468491 482271317
262540433 494695 494457718 478323924
99920573 488917 497023617 483691446
158876555 457177 495004639 483693605
29232140 479345 495055503 483962400
32815563 484604 495486213 483573418
212836140 489033 494952330 483877180
309754633 464477 495564041 478292178
33998850 458890 496046604 483640220
14425183 485102 494866425 483860605
240907014 453422 494585731 480696553
101046651 461089 496953044 483271738
194808369 459772 493566406 483466213
206534009 453317 494388114 483647067
143596081 451533 496113538 483594863
338639395 470009 495384711 476437824
170811585 471059 493766512 484142584
220889606 482564 494762473 482989541
241106227 465396 494604773 480516384
245780408 487651 494808498 479372235
87013060 470254 497510171 482329044
354050082 481375 494669854 476220281
238709699 467560 494913389 480588625
153650948 450246 494839748 483735881
53148705 473812 496394492 483090154
280653334 478170 494896131 478248510
195051828 478312 493779108 483435456
218878784 460356 494644056 483144325
194401789 470456 493861454 483515808
226249630 468431 494637651 483386947
123724029 455987 496616921 481674877
188931070 498654 493641833 484303134
331544880 489431 494713189 477079575
345607400 494639 495489150 476787386
335455018 486137 495088528 477173130
237323117 473363 494703310 481220072
7842547 480694 495477095 485018710
171061154 451409 493766713 484391950
303764816 477607 493633893 478724592
56358424 476421 495711655 483190576
350784708 478065 494827362 476867617
126125616 486257 496339116 481285292
37462610 458870 495854031 483800806
131337134 451933 496630378 482777437
367370537 494246 494781508 475644713
293567720 484771 494055227 477936139
44012906 499802 496348957 483628850
158481867 498505 495228484 483679356
257289767 467243 494013288 479495995
329203243 454308 495208598 477178731
10561613 489524 494907831 484094999
198833552 482222 494533685 483837911
10784640 498733 494955965 483983629
305440958 453335 493481403 478687151
75982389 495642 497766610 483494158
90247763 453256 497017139 482630516
360914707 475356 494976731 475795415
304948139 472274 493546488 478863517
142364621 494985 496385695 483550420
245906504 496268 494786077 479268561
36940156 468596 495804543 483566626
19365447 467877 495226793 484026351
129021336 476310 496810845 482119578
342050394 462242 495016672 477118785
152844124 452078 495081291 484013580
144368630 488128 496242290 484131765
340899498 490471 495155501 476998750
169609250 494424 493970746 483971519
125646706 492376 496581660 481061959
333043539 480872 494693475 477352539
235947624 487140 494916280 481170922
328090209 493762 494991301 476783813
77762796 468902 498055953 483490912
110751292 490917 496821364 481965883
210819717 496047 494773440 483327460
110418826 496771 496812328 482158568
17244753 490556 495058250 483722563
275013070 495255 495548882 478161007
149608669 454384 495718815 483741728
69919875 480663 497377615 484556853
208862198 459990 494305099 483343372
342780524 457845 495192236 477086601
197484775 495980 494152940 483359808
31607042 481268 494841276 483841441
237900877 461123 494825802 480963480
311644176 480552 494969405 478108976
155322153 498283 495230898 483855612
120726056 496457 497258077 482408086
8473389 459089 495545210 484471409
100131720 486355 497050422 483507107
94593943 460825 498055168 482858963
279675183 482119 495049798 478064930
310756904 477378 495393165 478116392
349347873 456461 495340146 477211326
362344444 450488 494321343 475319680
356435892 483836 494758993 476117807
103346855 482864 496856623 483722593
32599934 462556 495311527 483532478
39984503 491779 495699498 484146218
98066157 471037 497379930 483832644
134499712 459254 497276060 483104292
172235590 452865 493552178 484740962
49233686 457708 496260343 482862248
93562111 453602 497697854 482471140
168324079 472385 493224246 483552689
351061885 489959 494868506 476823798
209719564 470581 494407194 483105457
96874271 484607 497434890 483209709
97237061 486521 497578190 483429197
47387408 472202 496449918 483625199
162937362 454501 494740977 483532819
295293960 458478 493990407 478136832
286870687 482431 495187126 478138117
199072019 474300 494496691 483636438
203034133 477373 494488256 483787375
51664512 452132 496454243 482654813
310551399 453124 495435513 478255488
45472535 474661 496387944 483650181
295437657 476171 493851088 478141207
18318542 487898 495092667 483837683
364126665 457188 494598889 475175523
166204909 453390 494211155 483594960
314458879 489782 495037257 477670139
28986988 484571 495074447 484188608
346581994 473799 495307934 476583609
137959215 458216 496696652 483074236
348801129 476181 495213184 477285871
312222459 469732 495115406 477923570
164819244 465523 494405914 484074155
365880672 465182 495107286 475167254
181382066 499444 494049062 484758479
104153938 455740 496719731 483856257
226678869 453337 494376459 483350934
122351938 486798 497014013 481881819
34195910 467830 496142526 483712489
361302812 453747 494777874 475717036
291895927 499921 494042577 478141195
46951297 476516 496694098 483574109
325865222 466418 494879145 477574552
184218053 498084 494136422 484294296
302499480 477256 494029470 478594655
47225533 498716 496576627 483590036
73816822 491857 497749095 483997250
48187620 465474 496270034 483456193
78251229 489019 498147821 483094894
36536910 487680 496006629 483767783
5397787 464194 496045792 485298933
345362783 488571 495565388 476619010
277529146 456599 495052967 478161729
375511001 499537 494805183 475717651
52915954 479523 496429391 483288005
110585826 495751 496886736 482065977
322560840 459711 495034942 477911643
72511867 494952 497325798 484265670
116166881 480152 496881478 481747045
277334614 458384 495232734 478146969
109929321 471682 497006616 482376922
288864091 452430 494487342 477947320
9621243 467441 495340446 484452929
283001627 455868 494760838 478138312
279921518 488979 494807353 478068820
21715551 476914 495089288 484349883
16101887 464748 495429587 483847778
43105022 470406 496433679 483805359
5187803 499315 495968489 485166252
246739592 450460 494869488 479197122
26112721 476756 495496281 484262396
234217965 469047 495307096 482100213
730159 494127 495570365 485857283
199783013 497018 494791612 483578516
244460810 484220 495043695 479206989
15349071 480591 495062619 484067627
341089308 462075 495028629 477061684
66531840 451539 497087041 483597879
354706275 479801 494736928 476384554
61324986 469667 496342464 482915370
319054443 458490 494979856 478124230
346291304 499529 495261611 476555959
12336678 453846 494989593 484225920
372086605 485372 494546867 475942144
108303276 487508 497488164 482787300
30651235 498303 495043584 483787445
3645096 452070 496030176 485478858
31336918 458873 494904686 483717048
352900661 450285 494770159 476571620
341812892 468871 494908804 477248419
172625011 492413 493478948 484858606
138682837 461191 496886254 483302225
355832746 482770 494756365 476248199
165677458 472910 494325107 483625049
355001528 486162 494896354 476342448
66166565 474511 497200029 483465137
54104339 455083 496267419 483139604
336470059 455389 495491940 477136912
339809369 497651 495061707 476765219
320396962 491466 495000406 477991667
175873604 456388 493795014 484716431
75493941 478268 498088798 483660413
71290172 475467 497552353 484275724
150158191 472219 495555988 483965588
305225536 473240 493629470 478754504
202337081 468396 494482143 483740107
234782377 499129 495014577 481997264
10925541 491872 494967569 484016871
34609126 457515 496281744 483908818
143748840 463339 496163756 483697403
171802501 460276 493746721 484704940
287502336 490192 494725375 478085186
363297473 496936 494134886 475528901
20919428 463502 495128367 483818447
260525898 473986 494038693 478737829
99698319 454905 497152226 483785089
366698670 478398 494965991 475183330
13433471 475991 494725176 484098684
264793575 483667 494828809 478003220
85006797 488045 497219457 482029193
162092357 473255 494861343 483870084
118029900 450711 496747591 482292080
1075437 492521 495517241 485977301
73618137 471192 497579754 483967908
27048458 456153 495342138 484074840
228638255 476293 494599985 483078015
83695823 478372 497622900 482366062
241763036 461961 494880963 480319498
153265897 454223 494744083 483929017
6189128 483599 496127250 485189583
58318770 474806 496599002 483317179
374098384 470847 494510614 475692755
244693957 474183 494844522 479240961
281557100 491494 494575970 478366336
339028885 487676 495134520 476577119
308146619 498650 494842285 478926040
52390129 483514 496274628 482977960
365154594 499211 494832395 474953144
220298617 493477 494621335 482942943
208118395 486344 494239454 483148177
163420722 452864 494323836 483599033
224289438 464579 495200760 482940989
222814140 491894 495230894 483375863
373585908 486833 494563364 475596968
200307208 451821 494909156 483780023
93858615 485463 497777783 482593235
290992426 469700 494186490 477884626
142516948 461381 496251224 483532566
291726111 495218 494189533 478118335
93479879 479665 497761395 482489831
170052182 489526 493979424 483933056
130443616 454547 496762585 482729138
76360901 462958 497730582 483475141
67709010 468231 497477483 483989824
96388976 471952 497780828 483070355
255529578 472295 494204973 479429657
160853463 476344 495425865 483634641
137127695 450712 496735170 482764909
173155345 463796 493051716 484780452
347730401 485154 495406018 477032115
307748883 476769 494887100 479113244
328389691 492482 495204063 476786341
353491919 455593 494940540 476507752
181121294 486814 494029363 484945465
242756021 476962 494946785 480205949
105040942 455595 497259433 483655680
253790670 456675 494337402 478979512
313683376 481906 495224225 477847791
156742022 487925 495310620 483627713
336000768 459131 495276758 477146782
351549235 469672 494757406 476674793
118787483 452916 496802235 482494607
315315616 460392 495245921 477482802
157385754 490823 495331248 483679669
116782399 493765 496846005 482094240
288181716 451315 494479955 478034245
41620578 466117 496469120 483869077
84281712 460328 497177449 482282014
22983629 450733 495180965 484492731
354900470 487540 494842156 476295590
109710245 495074 497212048 482390564
136330062 467326 497171184 482870703
216118048 481350 494657408 483141262
131728673 450548 496570711 482732411
13624010 477284 494721177 483912147
373235973 495840 494709677 475650816
16263513 465523 495332937 483912753
199309015 464611 494484043 483412093
132136344 460484 496888812 482711541
358702939 452332 494781002 476091932
182722341 460564 493793254 484579509
139463918 454574 496722750 483055243
48680053 457174 496322362 483250096
230906881 463966 494936882 482816372
257701301 488295 494069298 479851515
81895691 464017 498271862 482747556
127228685 470174 496700374 481689303
355220392 484587 494985996 476225645
54350803 493273 496260193 483378839
339363233 470589 495150737 476575750
320601617 457291 495075994 478120734
175390246 453941 493699666 484725462
251225107 486479 494350525 479481976
11707683 486991 494828319 484344570
172124822 486266 493525878 484656496
199955194 461583 494929431 483612877
284113096 485487 495065507 478048735
374734752 474260 494989271 475850458
57546214 479417 496040002 483213963
43565156 454190 496554537 483466088
44208070 463367 496339640 483443004
331091196 450145 494508999 476862631
311549327 493370 494993120 478180110
300454259 451478 494076370 478611844
29550872 481915 495135812 483839377
281259291 483790 494706373 478198930
186751857 474500 494149392 484192042
266712629 479861 494562228 477559589
115735381 497812 496961880 481626852
205899427 472935 494247035 483782661
177957862 465876 494256715 484802671
224506001 465832 495077968 482847218
152097969 492018 495304827 483903569
262091272 454204 494511410 478551917
111990049 479964 496938204 482250531
42682649 469918 496312051 483632099
61210453 474695 496447740 482906115
105203992 458799 497266569 483499768
344630081 450628 495348363 477018735
225922220 477469 494633971 483295902
16901195 459002 495202485 483921883
178701356 455421 494499675 484548942
20278319 461532 495028493 484122435
7025022 495338 495812786 485399760
49169898 491073 496279137 482907239
81994131 451115 498350585 482767273
295677412 475182 493677295 478207166
304258382 478548 493401981 478496137
162335431 456944 494683239 483805114
96030356 469100 497565099 482927468
37696957 497861 495742849 483923970
4978094 457060 495908434 485315905
226862083 463628 494485082 483425524
57183353 463530 495824772 483361590
116318778 495332 496838312 481638314
161458878 482083 495238857 483614121
312599232 483149 495268400 477721463
293816743 455780 494031534 478161469
309017551 481819 495261539 478640887
300229399 475668 493908046 478668379
271741009 494089 495325570 478384399
188764767 486218 493598247 484180419
338858209 464564 495297253 476569179
375069426 490486 494797008 475708053
155763460 496888 495179725 483730455
327367672 469662 495038178 477431394
28749667 499714 495295008 484205366
136145240 455016 497308986 482823684
50802387 470670 496389777 482672450
57395972 486027 496033605 483357805
165462593 461875 494382372 483782647
291457253 482360 494132509 477943589
150992824 479100 495453765 483973978
10284450 472548 495103395 484094622
300641653 479312 494037768 478475559
368713447 452605 494599176 475635078
302055081 456423 493989094 478842419
277753186 455894 494868668 478201468
12661173 463052 494920644 484035631
368306 463354 495432512 485779785
275634418 482873 495527715 478208824
193011869 475977 493870011 483744106
351306658 488385 494643785 476803746
325043058 488439 494527929 477367422
190530459 487875 493848896 483545417
104401448 471792 496884634 483773653
126987336 478055 496596853 481551476
64371747 450581 496719218 483664095
230231313 481063 494879207 483138591
370699091 478529 494679488 475755980
128481392 477712 496600247 482048495
185253689 460009 494636408 484032313
220759742 491916 494656040 482966112
106989749 450557 497559964 482631515
247434582 463146 494957946 479194817
25462785 465569 495562644 484300155
32968685 465095 495468528 483708852
46339137 473051 496571799 483341733
121315104 487016 497252979 482259619
370135611 498185 494617598 475721794
163737151 465342 494340792 483745239
98832156 497115 497058051 483915732
340366795 471764 495224216 476913361
335886772 490183 495283645 477039675
160067047 455512 495466912 483871158
33335572 490073 495629188 483618285
99079622 490617 497052367 484157511
28377962 489418 495399558 484390254
66964691 471049 497224785 483833086
109332401 470786 497240950 482697666
303064313 494058 494079143 478469342
192606414 493357 493983240 483451881
11314558 483479 494769710 484169513
232329805 481720 495219847 482601570
296129315 492732 493790692 478177390
340790906 480398 495156899 476891558
15593808 451400 495069985 483830259
14404482 490705 494886273 483859754
234800247 477069 495005070 482005626
222871291 488631 495252433 483411475
219777233 475623 494449815 482971840
87807894 489271 497619444 482603348
137743798 489620 496558699 483151697
126545037 463917 496413524 481416733
146321834 497782 496187479 484229371
166315187 482241 494299173 483617218
211788553 499112 494838851 483685181
300635392 458336 494037776 478469306
16493841 494478 495257548 484067689
307344468 453090 494600979 478994951
33777876 465029 495909808 483724397
171405570 479041 493709929 484531688
347615075 457376 495431189 476941963
145146514 482214 495909955 483978291
125899392 473520 496558824 481291805
81401355 486531 497990647 482589396
190838161 492345 493663854 483554458
245635575 494437 494855986 479469577
56658591 458006 495679226 483418603
252929777 483970 494593069 478980410
50187761 477630 496096681 482915067
186877432 453865 494079717 484247939
38738595 452173 495387321 484021373
266075507 454637 494261735 477563391
27801323 487391 495586182 484000245
50966559 466698 496373533 482524522
341327540 493817 494982615 476869467
164671353 487203 494499634 484128323
3285630 462489 495952520 485495226
193230925 497871 493673641 483721423
213256025 456939 494700752 483748470
334711086 462451 494722752 477316521
195450477 477063 493512791 483567786
367698546 455551 494650604 475607623
