100 300
1 67
1 86
1 89
1 91
1 92
1 95
1 97
1 98
1 99
2 67
2 80
3 62
3 74
3 81
3 85
4 57
4 64
4 71
4 74
4 88
4 92
5 53
5 57
5 61
5 73
5 78
5 81
5 87
5 95
5 96
6 51
6 66
6 81
7 56
7 61
7 73
7 95
7 99
8 54
8 67
8 73
8 86
8 89
8 93
9 55
9 67
9 69
9 72
9 73
9 86
9 89
9 92
10 66
10 76
11 53
11 61
11 68
11 74
11 81
11 84
11 91
12 57
12 67
12 82
12 89
12 94
12 99
13 57
13 65
13 71
13 92
14 52
14 56
14 62
14 77
14 80
15 59
15 67
15 71
15 75
15 77
15 80
15 89
15 90
16 52
16 54
16 74
17 52
17 61
17 72
17 73
17 78
17 91
18 51
18 52
18 68
18 72
18 74
18 80
18 86
18 94
19 68
19 69
19 73
19 75
19 89
20 66
20 68
20 70
20 71
20 80
20 84
20 96
21 53
21 60
21 86
21 98
21 100
22 62
22 66
22 67
22 68
22 87
22 94
22 95
23 58
23 61
23 63
23 81
23 97
23 99
23 100
24 63
24 66
24 72
24 75
24 88
24 90
24 96
25 62
25 63
25 64
25 89
26 54
26 55
26 56
26 61
26 63
26 68
26 71
26 73
26 76
26 77
26 86
26 87
26 94
27 69
27 71
27 82
27 93
27 94
28 62
28 75
28 84
28 88
28 91
28 99
29 52
29 62
29 70
29 75
29 82
29 88
29 97
30 70
30 81
30 84
30 90
31 56
31 59
31 62
31 71
31 72
31 86
32 56
32 71
32 79
32 80
32 84
32 86
32 89
32 96
33 68
33 70
33 84
33 87
33 95
33 99
34 52
34 69
34 100
35 53
35 61
35 66
35 79
35 92
36 62
36 65
36 75
36 79
36 80
36 87
36 100
37 51
37 54
37 62
37 94
38 58
38 63
38 68
38 73
38 77
38 81
38 84
39 61
39 76
39 85
39 96
40 67
40 73
40 74
40 75
40 78
40 96
41 63
41 81
41 90
41 99
42 53
42 57
42 69
42 71
42 78
42 90
42 92
42 98
42 100
43 52
43 53
43 72
43 79
43 88
44 59
44 69
44 71
44 82
44 86
44 91
44 95
44 98
44 100
45 51
45 61
45 67
45 69
45 73
45 81
45 86
45 95
46 58
46 66
46 69
46 70
46 75
47 58
47 66
47 70
47 74
47 80
47 94
48 63
48 67
48 77
48 87
48 91
48 93
49 53
49 55
49 61
49 67
49 71
49 92
49 99
50 54
50 57
50 67
50 74
50 77
50 86
50 99
