6
100 10
0010000010
0011000110
1101001001
0001000000
1101001001
0001000000
0010000010
0011000110
1000001001
0001000000
0001000000
1010111011
0001000000
1101001001
1010111011
1010111011
1101001001
0011000110
0010000010
0010000010
1101001001
0010000010
1000001001
0011000110
0010000010
0011000110
1010111011
0011000110
1010111011
0010000010
1101001001
0011000110
1010111011
1101001001
1000001001
1000001001
1010111011
0011000110
1101001001
0011000110
1010111011
1010111011
1010111011
0011000110
0011000110
0001000000
0001000000
1010111011
0011000110
0011000110
1101001001
1101001001
0011000110
1000001001
0001000000
1000001001
1010111011
0001000000
1101001001
1000001001
0011000110
0011000110
0011000110
0010000010
1101001001
1010111011
0001000000
0011000110
0011000110
0010000010
1010111011
0011000110
1010111011
1000001001
0010000010
1010111011
1010111011
0011000110
0001000000
0010000010
0010000010
1010111011
1010111011
0010000010
1101001001
1000001001
1101001001
1010111011
0010000010
1101001001
1010111011
1101001001
1010111011
1010111011
1000001001
0011000110
1101001001
1101001001
1000001001
1000001001
