1000
1 2
1 3
3 4
3 5
1 6
1 7
2 8
6 9
6 10
5 11
9 12
5 13
8 14
1 15
13 16
15 17
12 18
17 19
18 20
11 21
1 22
11 23
10 24
7 25
20 26
18 27
19 28
6 29
16 30
1 31
28 32
16 33
17 34
16 35
10 36
11 37
22 38
12 39
15 40
33 41
7 42
11 43
13 44
44 45
41 46
17 47
19 48
23 49
16 50
48 51
39 52
46 53
19 54
19 55
25 56
43 57
28 58
9 59
23 60
47 61
14 62
25 63
41 64
54 65
55 66
50 67
62 68
32 69
55 70
13 71
21 72
60 73
15 74
54 75
29 76
1 77
14 78
52 79
30 80
24 81
69 82
63 83
55 84
34 85
31 86
79 87
72 88
77 89
9 90
1 91
35 92
32 93
44 94
51 95
2 96
92 97
45 98
79 99
20 100
54 101
20 102
10 103
25 104
65 105
95 106
92 107
13 108
23 109
28 110
45 111
84 112
50 113
65 114
16 115
90 116
74 117
117 118
6 119
54 120
10 121
9 122
32 123
2 124
7 125
2 126
57 127
17 128
114 129
128 130
5 131
39 132
85 133
22 134
6 135
105 136
12 137
112 138
83 139
110 140
91 141
59 142
56 143
130 144
59 145
19 146
134 147
121 148
34 149
93 150
113 151
134 152
114 153
116 154
19 155
86 156
117 157
87 158
136 159
94 160
43 161
9 162
126 163
88 164
33 165
39 166
88 167
30 168
154 169
52 170
27 171
119 172
77 173
1 174
164 175
162 176
84 177
172 178
177 179
67 180
79 181
11 182
134 183
60 184
179 185
84 186
145 187
166 188
140 189
1 190
1 191
36 192
120 193
152 194
49 195
129 196
162 197
3 198
189 199
131 200
155 201
12 202
8 203
168 204
187 205
160 206
122 207
116 208
159 209
27 210
145 211
153 212
89 213
164 214
96 215
43 216
142 217
126 218
184 219
170 220
161 221
122 222
172 223
164 224
150 225
66 226
39 227
51 228
162 229
74 230
60 231
105 232
207 233
131 234
157 235
183 236
11 237
70 238
60 239
34 240
218 241
183 242
225 243
196 244
87 245
172 246
144 247
19 248
206 249
24 250
104 251
69 252
18 253
75 254
50 255
112 256
155 257
142 258
3 259
243 260
15 261
107 262
258 263
170 264
199 265
139 266
44 267
110 268
110 269
10 270
47 271
126 272
241 273
227 274
59 275
242 276
193 277
33 278
226 279
168 280
116 281
159 282
272 283
35 284
209 285
258 286
254 287
201 288
95 289
207 290
35 291
252 292
191 293
30 294
55 295
53 296
14 297
232 298
208 299
156 300
255 301
272 302
214 303
145 304
112 305
249 306
198 307
121 308
182 309
229 310
247 311
138 312
240 313
238 314
124 315
138 316
297 317
97 318
164 319
92 320
129 321
104 322
171 323
224 324
86 325
277 326
110 327
171 328
80 329
224 330
65 331
17 332
70 333
1 334
279 335
266 336
155 337
52 338
314 339
88 340
97 341
132 342
315 343
305 344
159 345
328 346
338 347
85 348
7 349
55 350
239 351
338 352
238 353
28 354
66 355
31 356
278 357
297 358
49 359
40 360
163 361
3 362
191 363
230 364
163 365
360 366
82 367
365 368
36 369
189 370
105 371
6 372
311 373
269 374
272 375
332 376
372 377
213 378
291 379
301 380
1 381
4 382
88 383
328 384
235 385
11 386
252 387
155 388
238 389
164 390
69 391
121 392
39 393
190 394
196 395
275 396
94 397
200 398
123 399
385 400
166 401
300 402
259 403
48 404
174 405
258 406
261 407
82 408
53 409
173 410
387 411
348 412
240 413
187 414
131 415
290 416
98 417
70 418
292 419
415 420
90 421
389 422
135 423
220 424
174 425
53 426
264 427
181 428
197 429
4 430
430 431
61 432
81 433
344 434
334 435
201 436
248 437
134 438
425 439
359 440
47 441
222 442
411 443
277 444
280 445
152 446
11 447
431 448
113 449
5 450
280 451
237 452
221 453
277 454
355 455
206 456
307 457
338 458
8 459
387 460
277 461
157 462
205 463
386 464
322 465
429 466
124 467
37 468
174 469
364 470
241 471
49 472
51 473
296 474
335 475
468 476
287 477
42 478
216 479
252 480
6 481
265 482
256 483
103 484
290 485
80 486
410 487
346 488
378 489
313 490
434 491
104 492
271 493
43 494
78 495
326 496
301 497
462 498
35 499
418 500
392 501
451 502
293 503
113 504
252 505
141 506
490 507
445 508
460 509
291 510
431 511
391 512
139 513
306 514
254 515
330 516
174 517
298 518
467 519
172 520
499 521
413 522
156 523
97 524
492 525
218 526
163 527
301 528
61 529
294 530
440 531
60 532
346 533
140 534
299 535
316 536
165 537
492 538
306 539
249 540
207 541
337 542
257 543
16 544
306 545
431 546
89 547
46 548
455 549
331 550
263 551
483 552
319 553
437 554
21 555
134 556
455 557
527 558
227 559
133 560
213 561
384 562
191 563
86 564
68 565
324 566
119 567
201 568
543 569
430 570
536 571
377 572
496 573
541 574
124 575
5 576
69 577
172 578
217 579
253 580
157 581
66 582
413 583
295 584
239 585
335 586
117 587
389 588
56 589
529 590
225 591
164 592
194 593
212 594
580 595
208 596
505 597
571 598
271 599
209 600
478 601
585 602
100 603
505 604
250 605
141 606
353 607
86 608
174 609
560 610
555 611
16 612
187 613
495 614
224 615
338 616
245 617
273 618
162 619
261 620
507 621
454 622
150 623
27 624
294 625
60 626
175 627
354 628
263 629
39 630
94 631
35 632
301 633
151 634
51 635
471 636
475 637
165 638
242 639
389 640
33 641
275 642
455 643
116 644
600 645
304 646
4 647
133 648
234 649
324 650
35 651
421 652
443 653
227 654
251 655
427 656
91 657
540 658
352 659
353 660
189 661
431 662
528 663
20 664
245 665
318 666
647 667
335 668
179 669
419 670
26 671
113 672
269 673
111 674
622 675
374 676
292 677
624 678
199 679
313 680
179 681
146 682
255 683
434 684
311 685
469 686
626 687
59 688
197 689
492 690
311 691
198 692
87 693
150 694
337 695
551 696
618 697
520 698
36 699
187 700
615 701
352 702
215 703
435 704
438 705
59 706
538 707
638 708
297 709
642 710
683 711
90 712
339 713
279 714
94 715
481 716
466 717
432 718
236 719
248 720
24 721
218 722
584 723
180 724
581 725
219 726
724 727
202 728
614 729
15 730
332 731
578 732
340 733
589 734
289 735
580 736
630 737
194 738
289 739
414 740
548 741
461 742
228 743
231 744
302 745
206 746
434 747
135 748
122 749
329 750
431 751
234 752
514 753
156 754
535 755
331 756
717 757
517 758
725 759
161 760
464 761
527 762
618 763
15 764
648 765
359 766
661 767
82 768
531 769
306 770
419 771
634 772
533 773
734 774
704 775
45 776
88 777
138 778
608 779
338 780
415 781
495 782
113 783
398 784
767 785
578 786
547 787
467 788
134 789
476 790
565 791
418 792
728 793
721 794
574 795
196 796
541 797
36 798
360 799
203 800
591 801
631 802
504 803
448 804
371 805
292 806
583 807
789 808
725 809
533 810
12 811
473 812
646 813
366 814
716 815
243 816
405 817
54 818
712 819
70 820
392 821
466 822
105 823
184 824
253 825
409 826
136 827
763 828
265 829
18 830
236 831
77 832
618 833
735 834
479 835
591 836
171 837
316 838
451 839
135 840
284 841
716 842
65 843
626 844
647 845
746 846
626 847
735 848
4 849
49 850
326 851
438 852
682 853
218 854
593 855
317 856
823 857
116 858
799 859
33 860
118 861
749 862
80 863
790 864
402 865
168 866
102 867
329 868
178 869
650 870
792 871
339 872
645 873
855 874
238 875
708 876
839 877
233 878
860 879
458 880
756 881
569 882
414 883
752 884
399 885
232 886
684 887
22 888
9 889
44 890
31 891
389 892
258 893
358 894
525 895
717 896
719 897
71 898
388 899
316 900
56 901
324 902
799 903
421 904
55 905
345 906
201 907
230 908
149 909
334 910
325 911
207 912
156 913
186 914
232 915
808 916
585 917
295 918
196 919
240 920
597 921
65 922
76 923
498 924
210 925
204 926
218 927
178 928
153 929
122 930
275 931
546 932
899 933
742 934
408 935
320 936
348 937
780 938
585 939
37 940
748 941
481 942
70 943
326 944
86 945
761 946
343 947
156 948
314 949
268 950
299 951
549 952
542 953
388 954
849 955
226 956
44 957
594 958
798 959
943 960
377 961
193 962
403 963
261 964
360 965
593 966
801 967
461 968
145 969
383 970
747 971
25 972
487 973
379 974
623 975
438 976
98 977
967 978
154 979
687 980
644 981
975 982
839 983
146 984
410 985
929 986
974 987
20 988
617 989
469 990
826 991
784 992
75 993
940 994
611 995
675 996
643 997
928 998
799 999
429 1000
501
5 1147
52 5268
323 5073
45 9919
178 9442
612 3274
304 3499
346 8243
480 5635
628 7071
516 6891
536 7161
103 4954
932 1797
49 6762
873 4456
266 8634
852 597
145 8064
371 5293
72 3935
673 1688
257 9322
192 5278
383 9281
392 7073
381 9837
494 7725
830 7802
862 5984
967 8013
433 7737
177 5039
11 9138
527 7662
790 546
414 1709
896 1707
684 6658
376 2930
948 7755
588 8216
212 4288
221 1648
125 6383
954 8595
188 4801
995 9362
945 2698
708 734
603 4275
479 709
629 7042
568 7522
59 1464
979 3134
815 6023
604 9889
352 5971
82 983
505 593
193 2592
925 1893
549 8306
374 4486
900 6793
799 4565
879 6159
761 9863
876 3811
314 3570
514 5871
148 1699
275 4914
832 1657
339 7853
863 7218
419 2112
784 7405
85 3512
572 5696
50 1567
38 2481
252 2362
470 1558
87 6225
483 9392
264 8701
538 3306
318 7614
489 7501
960 8417
474 2842
83 5376
692 8350
843 3163
426 6616
146 458
142 7770
994 2708
410 5245
30 731
739 4899
861 6430
550 9313
926 9854
411 9529
389 5783
232 3740
169 4361
903 6481
171 3913
905 2118
528 6449
759 3277
486 3473
451 5137
59 7055
153 2736
805 5287
144 9302
553 5897
192 9849
219 6247
224 3696
684 1374
894 3271
213 2946
655 1417
935 6851
644 5643
256 7523
294 6630
505 5415
252 3739
335 8438
802 8322
983 244
903 5729
307 8364
324 1879
112 6759
292 1396
975 9851
261 2947
370 8500
692 4911
254 5050
403 7730
491 311
144 7954
300 4959
181 6107
458 6020
503 5714
51 3367
332 9833
481 5201
872 6232
586 1860
829 6449
448 9647
998 227
640 765
164 828
663 5745
327 5573
689 1239
933 5287
727 9784
374 4932
214 7708
858 7618
940 8562
186 6827
544 9692
24 4889
606 4425
843 2204
172 9967
685 2122
138 444
266 9890
860 2029
201 7648
168 5686
844 3084
939 4549
255 2320
258 9596
172 6997
750 6758
120 1592
336 8634
964 7638
909 4860
586 3631
946 2671
434 8799
189 7195
189 8143
951 2399
298 3616
666 671
944 4968
926 4588
837 6287
483 6414
703 5743
260 736
834 8348
61 7510
706 7209
80 525
978 1757
12 197
624 4780
24 5563
20 3637
742 7132
477 8149
772 822
632 5210
459 5052
99 9264
471 9195
547 4560
513 124
953 734
150 8021
463 5910
613 9603
883 9470
628 7958
773 6158
821 5399
55 7450
452 822
375 9346
755 7193
420 1832
318 4901
473 860
5 8651
211 88
567 5504
430 4480
253 8221
602 53
325 2245
795 299
35 1375
384 6391
139 5616
741 1719
48 3218
125 7404
126 531
306 306
581 9695
670 2638
412 8623
417 4449
118 1000
38 5011
282 108
415 675
690 2449
233 9168
904 5119
861 9302
23 5030
93 2607
41 6507
614 616
900 6659
567 7529
794 762
397 6288
318 7731
195 6808
787 872
333 3929
640 6000
396 5896
535 7936
216 1630
328 7048
491 84
296 7645
428 3646
658 5766
590 879
370 5613
737 6258
914 9762
699 1094
133 8473
434 3285
269 8549
553 2558
894 607
791 3435
720 2609
149 1763
251 4657
178 9648
7 3153
230 3821
850 7843
369 4295
347 6228
674 4607
860 7407
214 9814
191 537
336 3879
593 4224
193 5612
817 2803
28 5923
591 6043
968 5117
167 5384
931 5812
923 8396
936 1028
219 589
944 4250
695 3597
582 1893
729 2300
402 3391
839 2328
644 3662
669 3915
93 7519
513 2788
968 7753
705 1142
67 9516
247 958
595 3825
564 797
747 1330
985 1512
456 5796
995 2705
905 1720
235 6657
58 1572
299 9079
595 9853
757 3835
369 7258
849 8446
993 4558
236 7027
904 5911
815 2687
377 6446
233 2572
360 445
155 2279
590 7593
167 2919
904 5002
450 5589
666 4346
239 662
280 2088
912 2866
959 1933
642 4287
579 426
542 7661
103 6861
762 8950
102 5585
107 499
511 3413
383 2637
247 177
387 3834
438 9914
684 7754
984 1007
828 8480
314 5788
440 5350
552 8377
815 9306
417 2440
208 3882
945 723
187 4726
666 5641
578 2354
367 7999
517 5416
346 8686
463 1712
662 3290
907 3837
669 6113
961 2286
912 9810
752 5900
675 4595
256 7937
497 9420
671 649
7 69
198 6025
665 1133
343 2221
457 3412
399 886
449 4572
783 7819
150 379
779 3093
433 4965
255 661
283 7428
220 4005
24 5252
968 9159
57 8414
376 8401
245 3828
613 6015
310 5891
791 5462
55 487
131 1514
408 6394
500 7080
72 1944
458 1564
132 9756
171 6591
538 3229
564 3957
779 7857
131 9834
648 3927
101 5040
27 2314
248 125
784 6411
381 8305
569 4006
450 6590
38 6572
523 1603
274 6477
951 1969
704 4211
929 9030
165 9708
9 6084
89 4751
62 7561
885 8463
196 9191
345 1778
165 1644
248 9637
60 2545
167 250
796 6068
971 6585
568 940
879 7240
470 5222
335 9514
545 4378
638 5485
233 6371
878 7481
67 7296
65 2518
399 3713
68 9648
785 9862
341 4833
879 6079
609 7985
71 2818
447 4194
614 5587
397 5758
425 8284
962 4533
662 9325
398 4391
553 19
137 3547
638 6878
901 550
