57363.24030886952095897868
17368.99978871645726030692
29182.23525587734184227884
13418.57121784213450155221
40400.20880775142722995952
41996.16207976535224588588
25758.27377375919240876101
15541.14115088281869248021
28958.74815577440676861443
29314.03426536330152885057
48187.20092325663426890969
16764.38920615052484208718
15968.02523417405609507114
24286.97297622020050766878
20726.69888361015910049900
37920.32002027820271905512
31548.26704549970236257650
23384.29524863751066732220
35638.99857060473004821688
16662.20714549270996940322
23352.39899933565175160766
18859.91877019793901126832
16839.25872982506916741841
33348.00685307265666779131
24063.31219343980046687648
3730.40809576520859991433
20123.18955290011945180595
38664.51106812210491625592
13196.02315425219421740621
19321.10259548947942676023
8885.66361350278384634294
30814.65568948422878747806
41229.10524099211761495098
16549.21452021105142193846
15044.01227047058273456059
34084.45685307266103336588
12704.60844874041322327685
15662.63959006597906409297
23536.98296468689295579679
4994.72759171280358714284
17084.64604819842497818172
6278.46844343979773839237
18987.68657374041504226625
14496.69365229351569723804
19837.12206379203780670650
12067.19802409921248909086
12599.69785354438499780372
9407.72687913400841352995
26161.24457660835469141603
29904.37111400799767579883
9558.79885623367226799019
19948.80240769472584361210
17100.68234538293836521916
26251.67284341972117545083
32282.00135255300483549945
6519.99471502661617705598
12109.17164343510376056656
10548.97776703052659286186
33602.20671643859532196075
11135.46984115862142061815
17935.45484007034974638373
23543.82432540673471521586
18693.45304835994829772972
7457.82302409921157959616
22550.20923535061228903942
9778.44533124560621217825
30370.20703800266346661374
24587.32432540673471521586
21086.43488260585581883788
23179.09472939375336864032
6457.75630854351402376778
17892.02112665195454610512
1795.31640209786519335466
13688.88036949058187019546
14534.58456868394205230288
13196.02315425219421740621
13851.41592119509004987776
9896.15765874006683588959
22329.63783960194268729538
19367.36753182982647558674
18275.33561769088555593044
22736.25455398479607538320
21381.45304835994829772972
35538.27249173942982451990
15402.83539562590704008471
24385.71453783426113659516
14787.24039097842614864931
29405.09414252496935660020
15410.66641817614072351716
16541.44625347563123796135
6539.96079298996301076841
11744.79172761811241798569
21789.33893353178063989617
25296.47143879203940741718
6190.78721405841770319967
8649.49994717911431507673
26682.93057587270595831797
11526.62402126401138957590
13619.21261320064877509139
6631.20809576520878181327
9282.33456868394569028169
8237.70809576520878181327
16496.30685307265957817435
11195.91138169328223739285
13934.34184707012173021212
3095.39360702920885159983
4330.76390920603807899170
3992.00630854351402376778
5193.91957660835578280967
26060.25120453052659286186
8857.12402126401138957590
48454.13712687609950080514
22169.67370466933061834425
9753.29851373679048265330
5417.18857432545701158233
26707.40430671409922069870
23097.35685141195790492930
19020.45228380398475565016
22075.46839234742947155610
12500.83456868394569028169
12168.56240862821505288593
17450.91338310526043642312
17446.55189649474414181896
5360.20828051244825473987
16618.71844343980046687648
12793.74994717911431507673
7902.17164343510376056656
14231.92007576660762424581
7393.04925686839487752877
14231.92007576660762424581
29472.24176155028544599190
12865.83049411448155296966
15649.54269781295442953706
10613.45440488079475471750
5999.45172568076395691605
4424.21046176753043255303
6183.91117456343818048481
21041.79570895869983360171
34780.95304835995193570852
17333.19821779929770855233
6588.73039649498150538420
16591.37967662105074850842
2173.33157167553872568533
22859.92007576660398626700
23600.83800995438650716096
6462.54741484829446562799
1768.90906748013253491081
5188.85413620940471446374
10225.57150673701835330576
28064.70004464289377210662
5091.53474093386648746673
2414.24240081346579245292
12150.89925686839524132665
12086.98086134282129933126
28799.19622437210273346864
17868.82290756685324595310
16423.11895047065263497643
4410.33013032614144321997
4899.60523088376521627652
8730.06473469800948805641
5467.92164343510376056656
11252.77275810525861743372
10468.33331572637143835891
26610.85890787007519975305
28164.57104819842425058596
8323.74716078114943229593
12723.41882850499314372428
26008.21012442241772077978
8223.99043067141064966563
11504.76746923157588753384
32942.08170281856291694567
33123.41752950704540126026
6286.69419595391900656978
21779.20310068227263400331
4415.42886559739417862147
2813.19318952631465435843
18273.70194169092428637668
24080.85017256807623198256
22439.53527502425640705042
21964.20703800266346661374
14963.04594653398089576513
5896.48344874041322327685
3916.04795636902144906344
4928.48306876453170843888
7479.84509167475152935367
24043.25749724647539551370
36747.33450248860026476905
6562.37358039057471614797
43410.05744223298097494990
4412.55694683611727668904
10506.71720324637317389715
19866.36421326816343935207
21711.62623535060993162915
2263.12120040673289622646
11308.21114415209012804553
17277.92462843419707496651
4503.47443952631510910578
30229.28038450880194432102
15878.93581407766214397270
14947.41392051676302799024
25881.76155609302804805338
3346.31117456343827143428
5180.38038362760653399164
17823.57004147414045291953
14667.03362562214897479862
15145.92306803134306392167
31889.60334577631510910578
18676.43086134282202692702
5346.53507696125507209217
7776.89651763337406009668
5563.00950248859589919448
8835.44962843419853015803
14994.24987575473824108485
20477.26219893072629929520
8649.49994717911431507673
6439.04664343510376056656
7213.68983831052537425421
7684.94442683748275157996
7591.24153438226585421944
8756.13373461578885326162
3969.96082171755188028328
4362.72834577631510910578
6059.21683923474301991519
14909.24831004183761251625
13041.63612599207408493385
5892.12066597075681784190
10039.99716078114943229593
2221.34971405841770319967
7231.44318952631510910578
15113.60685141195790492930
1795.31640209786519335466
8647.16879510086437221617
29430.27583644407786778174
11336.74725385009514866397
11021.87298349021693866234
7813.85731151784420944750
6615.73344874041322327685
14979.43477921208432235289
3826.70529098675433488097
5516.40484007035047397949
8218.73888536749655031599
1958.02397818451072453172
7072.81806299603704246692
3859.93115710854908684269
8757.16346365947538288310
6059.21683923474301991519
14799.42007576660580525640
16811.07122437210273346864
11428.28685601044708164409
9807.33561769088737491984
8557.47046056442741246428
27254.19934565146468230523
19366.11547882604645565152
17587.37561767530496581458
16318.46398244711053848732
39324.79570895869983360171
16744.84905609302586526610
18717.96483831052682944573
8928.44705117546982364729
3904.40903149801852123346
13492.32481393502530409023
4081.26390920603762424435
10361.44120957763152546249
12278.13373461578885326162
12776.21790703883016249165
36603.97652417997596785426
2899.33873045870313944761
6515.06280113263164821547
19949.02113446596558787860
5862.80685307266048766905
4199.89928451479499926791
19130.55553794859588379040
5522.70277601708130532643
7664.66572026038284093374
24032.84134328771688160487
979.01198909225536226586
25385.18811767530132783577
8245.82104819842425058596
7684.81033298537840892095
11852.68115258524994715117
5341.48086134282038983656
1705.20174362792158717639
11328.85184598286468826700
2474.59728317366852934356
2673.26753848062753604609
4199.69120957763152546249
12026.52114217098642257042
6088.04038902325737581123
9900.14360702920930634718
7972.40083644407877727645
2474.59728317366852934356
9671.66650307953386800364
7266.82240108212408813415
12272.78419849649435491301
5191.35736828264361975016
13965.72744846098066773266
11542.76876985117633012123
5584.05626503362145740539
27903.79876400474313413724
9393.26458151336919399910
23753.21115789022223907523
6376.85184598286468826700
11716.26219893072629929520
8558.63450248859589919448
21055.01793118092246004380
12388.85592800522317702416
22089.47352558773491182365
4056.18746954273819937953
5896.48344874041322327685
7231.44318952631510910578
15646.58674243327186559327
6976.93190298623358103214
1838.80161335678349132650
17339.98369480302062584087
2527.06942683748275157996
22116.93190298623449052684
3847.58958995039211004041
32871.31019195757107809186
11477.09553226406023895834
4600.26390920603807899170
3696.52462843419743876439
3731.97046056442741246428
13487.36056760618703265209
6384.16610334727920417208
6897.64290756685204542009
14796.13036275215927162208
10694.81280113263164821547
25018.58278982841147808358
12043.70584394327488553245
9255.74943668061314383522
12807.80851373678888194263
25685.02007576660616905428
7779.01894587875085562700
6437.07617760534776607528
24126.23849982602405361831
27341.97652417997596785426
14227.16155609302586526610
17420.24524700935580767691
18328.49184740151031292044
5881.01882850499441701686
12116.31019195756744011305
7987.83049411448155296966
3637.56942683748275157996
21055.01793118092246004380
3114.86841029458810226060
27751.37472824753785971552
8466.44904940187188913114
13583.33436447962048987392
6278.46844343979773839237
5191.35736828264361975016
1803.01931216004368252470
9056.98238273520473740064
3744.85869480302108058822
20641.72776703052659286186
4182.37066597075772733660
2961.88787116759476703010
8245.82104819842425058596
6432.92292328372604970355
8542.83614415208830905613
8802.64425837947055697441
3489.44443857545684295474
5836.44705117546891415259
3457.48906774879105796572
10309.97009237264501280151
3489.44443857545684295474
2897.13141945982351899147
12829.50151799493323778734
3489.44443857545684295474
17185.86421326816343935207
22600.51914741099608363584
12080.21046176753043255303
11262.02315425219239841681
5215.52891414442365203286
15613.17723389964885427617
12607.51851264953074860387
16869.17670454996914486401
19550.35648758552633807994
10756.62493787736821104772
1237.29864158683426467178
5938.30278947255555976881
21159.01848529765629791655
3354.64280446053362538805
16607.21882850499241612852
16127.87472824753785971552
7693.37298349021693866234
12548.67094874041322327685
14191.93733641286598867737
19232.59905609302586526610
23283.39619480301917064935
4415.42886559739417862147
5271.60872065146395470947
14842.46524732051693717949
3922.83049411448200771702
4412.55694683611727668904
3859.93115710854908684269
11532.11378109590623353142
15358.61785969800985185429
17142.91392051676302799024
19746.05189649474414181896
7693.37298349021693866234
4161.87358039057471614797
8609.26458151336919399910
12793.44705117546982364729
4167.53010623367117659654
6598.24062013645379920490
4199.69120957763152546249
4251.85827131167570769321
17392.50151799493323778734
5700.22744846097975823795
10539.36086262058597640134
13603.71866820643299433868
11103.16718223980933544226
1838.80161335678349132650
18803.36695895548109547235
11005.08058718342726933770
3986.20041822203938863822
9207.81201063200569478795
11007.81894587875103752594
7183.22216769317765283631
6306.04029359171363466885
18873.81541782520798733458
5531.69904870075515646022
1999.81724189358806142991
6753.63373461578794376692
11811.44062013645452680066
10110.89411512764672806952
7927.63373461578794376692
11909.54594653398089576513
3290.86221976315755455289
11424.79697112720168661326
25349.38181889693441917188
7716.06075336850881285500
18275.33561769088555593044
40476.68459784759033937007
4271.28808880267388303764
6088.04038902325737581123
6778.53561218605136673432
12912.21462303568841889501
7669.44062013645452680066
8283.91807207604506402276
4199.89928451479499926791
4362.72834577631510910578
8839.21866820643299433868
6346.29702941882533195894
5578.34057629262497357558
1207.12120040673289622646
9566.23344874041322327685
13752.17636377938652003650
8091.53474093386648746673
17496.64176155028690118343
10532.67390962595891323872
6615.73344874041322327685
3145.96082171755188028328
8069.42202941882533195894
6951.03733263742469716817
8912.64102267711496097036
17907.47352558773491182365
10309.64904940187079773750
8548.38038362760562449694
6456.96866820643299433868
28741.92202941882715094835
5474.37298349021693866234
14667.03362562214897479862
12548.67094874041322327685
3731.97046056442741246428
3723.68110988157877727645
1786.73609350414949403785
6488.80422437020661163842
4355.84062013645416300278
10309.97009237264501280151
11005.61944268374827515800
6202.21114415208830905613
2973.84971405841770319967
10143.22744846098066773266
6546.07949994200680521317
6488.80422437020661163842
12026.52114217098642257042
6278.46844343979773839237
5978.54664343510376056656
10734.74983641286598867737
19317.35648758552633807994
6388.10895351941508124582
39497.79570895869983360171
10588.80685307265957817435
3986.20041822203938863822
8727.37251060994276485872
4395.51376464362601836910
11054.18736412376892985776
10756.62493787736821104772
919.40080667839174566325
12748.56153261586405278649
8813.30379389776135212742
2099.94964225739749963395
10540.67164343510376056656
12596.90765874006683588959
4932.04345425071915087756
13003.30278947255646926351
5474.37298349021693866234
2474.59728317366852934356
9043.90947293937460926827
6242.39929032692452892661
4410.17028814631248678779
7266.82240108212408813415
4433.93474093386612366885
20668.70816974619810935110
3294.36519824749075269210
919.40080667839174566325
5578.34057629262497357558
6456.96866820643299433868
1237.29864158683426467178
7800.27636377938688383438
5271.60872065146395470947
17910.47652417997596785426
8219.03898200130606710445
7952.02114217098551307572
9255.74943668061314383522
9230.24062013645379920490
3776.05626503362145740539
893.36804675207474701892
6059.21683923474301991519
2474.59728317366852934356
919.40080667839174566325
4856.16458151337064919062
8894.31019195756744011305
2937.76793129925317771267
1536.98888536749655031599
17758.44443857545775244944
15889.92778947255646926351
11952.06075336850881285500
5031.39209924824717745651
5608.91807207604415452806
1795.31640209786519335466
15672.68736412376892985776
8666.59910889964885427617
21987.23271533570368774235
13339.81063432874361751601
12190.28552409921212529298
8383.60126463258711737581
3081.91398200130606710445
8597.14342800522354082204
8234.02583644407786778174
13226.33077804651293263305
12083.84905609302586526610
13724.61714575402947957627
6365.41398200130606710445
6507.47636377938670193544
10769.49987575473824108485
6893.09901204960624454543
9238.67911087914217205252
11060.40425686839444097131
5180.72060478881576273125
31594.79570895869983360171
11477.09553226406023895834
6778.53561218605136673432
17709.69949966782587580383
1768.90906748013253491081
2317.01244421247474747361
7602.22221928772887622472
3346.66572026038284093374
6412.60468223981024493696
7006.12493787736912054243
12932.37472824753785971552
3457.48906774879105796572
8680.34290756685186352115
19763.32432540673471521586
1971.47203444909314384859
17554.23419617371473577805
12434.54038902325555682182
14086.84905609302586526610
4965.73181889693387347506
9759.31063432874361751601
11548.84491045942922937684
4932.04345425071915087756
4266.51291822203893389087
1786.73609350414949403785
7753.44176155028617358766
5271.60872065146395470947
8256.28350590141053544357
7213.68983831052537425421
18571.39107274635534849949
14645.87298349021693866234
4521.48177708186813106295
919.40080667839174566325
2595.67868414132180987508
5638.01931216004413727205
10206.74616660867468453944
7699.11895047065263497643
11693.69904870075515646022
2173.33157167553872568533
11952.06075336850881285500
15879.27639632937098213006
4415.42886559739417862147
4651.56060020336644811323
6691.44962843419762066333
16124.69553637317767424975
8691.21543067141101346351
9333.02075153976693400182
9759.31063432874361751601
2099.94964225739749963395
4901.26753848062799079344
6278.46844343979773839237
1914.67310405334796996613
6631.20809576520878181327
14277.52075153976693400182
9807.33561769088737491984
5506.86519824749120743945
1872.42934740151054029411
13637.14290756685295491479
10743.84062013645416300278
6412.60468223981024493696
17709.69949966782587580383
8223.47428861117077758536
20664.03362562214897479862
12100.70382937003341794480
4661.74943668061314383522
3484.04904940187043393962
3740.58173182973769144155
11176.03610935041433549486
2813.19318952631465435843
4251.85827131167570769321
919.40080667839174566325
8069.42202941882533195894
11938.56668154763065103907
10498.22985096670527127571
5031.39209924824717745651
4707.98306876453170843888
4415.42886559739417862147
20641.72776703052659286186
8701.72060478881576273125
9137.83049411448155296966
12565.61785969800985185429
6816.26394984033504442777
5938.30278947255555976881
5091.53474093386648746673
2221.34971405841770319967
6408.11944268374827515800
6546.07949994200680521317
23551.53552409921394428238
979.01198909225536226586
10605.44904870075515646022
8245.82104819842425058596
11173.94711442923835420515
2317.01244421247474747361
13715.98086134282129933126
4901.26753848062799079344
6809.13450248859589919448
3354.64280446053362538805
9357.85468223980933544226
5668.37362692504757433198
1971.47203444909314384859
2474.59728317366852934356
9436.90770891260399366729
8839.21866820643299433868
3346.66572026038284093374
6228.97046056442741246428
7927.63373461578794376692
3269.98039649498150538420
8597.14342800522354082204
3533.32452470093539886875
1872.42934740151054029411
19766.51914741099608363584
15161.87636377938724763226
12665.42778947255646926351
3211.20809576520878181327
4307.08173182973769144155
22748.31019195756744011305
1677.32140223026681269403
6546.07949994200680521317
14165.17842500808546901681
4558.61108384658837167080
3730.40809576520859991433
4433.93474093386612366885
9393.67723389964885427617
8857.12402126401138957590
10366.92202941882533195894
10904.17723389964885427617
3107.55550102651113775210
8108.22985096670618077042
7939.46790703883107198635
919.40080667839174566325
7479.84509167475152935367
3154.94037409081374789821
7662.39865789022223907523
25640.22819928253011312336
6630.19558081109062186442
2177.92031006822708150139
1569.32768958817723614629
6436.47467662105100316694
2871.23721976315755455289
4570.43459796592014754424
5215.52891414442365203286
20740.97352558773491182365
4410.33013032614144321997
8654.90001488096277171280
8912.08077804651293263305
5180.72060478881576273125
3725.34536978347159674740
6059.21683923474301991519
9341.61421326816525834147
8950.53362562214897479862
4661.74943668061314383522
3533.32452470093539886875
8649.49994717911431507673
6376.78808880267388303764
4239.23820767856250313343
12203.67467662105082126800
5116.10126463258711737581
17737.03552409921394428238
3847.58958995039211004041
9030.44711442923835420515
7662.39865789022223907523
5513.81541782520980632398
7855.41259036742121679708
3842.40516649268920446048
6324.11785969800985185429
22303.84491045942922937684
6018.34055494078893389087
7716.06075336850881285500
2735.76198909225558963954
8083.03561218605136673432
10315.33561769088737491984
1536.98888536749655031599
2595.67868414132180987508
21964.20703800266346661374
11436.87298349021693866234
4173.24153438226585421944
21964.20703800266346661374
3346.31117456343827143428
8999.20382937003341794480
3454.44981393502621358493
11203.67670454996914486401
3735.80841961737132805865
5881.01882850499441701686
2173.33157167553872568533
11211.07180351460556266829
9285.69553637317767424975
9137.83049411448155296966
1131.56060020336644811323
7399.57180351460465317359
9116.85014614440842706244
6893.09901204960624454543
19719.96101470941357547417
2221.34971405841770319967
1795.31640209786519335466
6376.85184598286468826700
5048.64102267711405147566
17983.56153261586223379709
1999.81724189358806142991
8850.72834577631510910578
9400.85292197163653327152
5069.87636377938633813756
10093.37362692504757433198
5283.53898200130606710445
3573.76458151337010349380
18019.23271533570368774235
6403.90425686839444097131
4926.67027747039446694544
6522.24062013645379920490
7356.93649174510846933117
2733.96082171755188028328
17480.17094874041504226625
12077.22221928772887622472
9378.67870311680417216849
3454.44981393502621358493
7394.35468223981024493696
4271.41807207604415452806
19766.51914741099608363584
7496.83485132826626795577
5608.91807207604415452806
3081.91398200130606710445
3239.61108384658882641816
5091.53474093386648746673
10915.34368206188446492888
2173.33157167553872568533
4271.28808880267388303764
5785.79068793067926890217
5881.01882850499441701686
6976.93190298623358103214
13637.14290756685295491479
3484.04904940187043393962
5390.04029359171363466885
6298.45382937003341794480
10689.13474093386685126461
21855.41392051676302799024
19766.51914741099608363584
3735.80841961737132805865
8489.49987575473824108485
893.36804675207474701892
1768.90906748013253491081
6761.80422437020661163842
19763.32432540673471521586
5503.90947293937551876297
3346.31117456343827143428
10315.33561769088737491984
4266.51291822203893389087
8410.93115710854908684269
4117.01291822203893389087
9970.86421326816525834147
17935.04808612649139831774
5180.38038362760653399164
9814.22153149801852123346
12565.61785969800985185429
4433.93474093386612366885
8928.67636377938652003650
9433.71046176753043255303
3107.55550102651113775210
919.40080667839174566325
1768.90906748013253491081
5718.43649174510846933117
7836.34368206188446492888
3346.31117456343827143428
2543.84971405841770319967
6809.13450248859589919448
2897.13141945982351899147
20159.92245522971643367782
3536.40903149801852123346
6598.24062013645379920490
5250.33456868394478078699
5513.81541782520980632398
4635.81894587875012803124
8941.89929032692452892661
1861.84055494078938863822
3483.58546176753043255303
2464.24153438226585421944
8312.89107274635534849949
5700.22744846097975823795
2212.10523088376521627652
9378.67870311680417216849
9612.60895351941508124582
11697.57381215937857632525
2735.76198909225558963954
5721.80530706503031979082
3725.34536978347159674740
9779.53590175730278133415
5624.04664343510376056656
6932.47153149801852123346
14296.69390093952097231522
7372.31063432874452701071
6533.17028814631248678779
1999.81724189358806142991
2474.59728317366852934356
11151.92245522971461468842
8719.70851373678851814475
3625.32768958817723614629
1677.32140223026681269403
5048.64102267711405147566
1569.32768958817723614629
5605.53590175730278133415
10744.89280446053453488275
12084.46114415209012804553
4932.04345425071915087756
3875.90487434522901821765
3154.94037409081374789821
1536.98888536749655031599
1621.78030010168322405661
3847.58958995039211004041
3483.58546176753043255303
11435.88086134281911654398
5597.93269537549713277258
32320.62104819842352299020
18520.45228380398475565016
8850.72834577631510910578
11224.03917727660882519558
6488.80422437020661163842
6913.76458151337010349380
8195.57004147413863393012
5445.20809576520878181327
6021.85292197163744276622
8858.75841961737023666501
1971.47203444909314384859
5503.90947293937551876297
10971.41259036742121679708
4901.26753848062799079344
1621.78030010168322405661
3744.85869480302108058822
17370.03552409921394428238
2878.58514407315624339390
20374.77583644407786778174
27602.62104819842352299020
6517.64904940187079773750
6403.90425686839444097131
12083.84905609302586526610
13851.85014614440660807304
7143.37362692504757433198
17446.55189649474414181896
2570.72293170028751774225
17747.22819928253011312336
6286.63959006597997358767
4681.60088310525861743372
2899.33873045870313944761
2961.88787116759476703010
5531.69904870075515646022
4199.69120957763152546249
6432.92292328372604970355
2937.76793129925317771267
3862.67027747039446694544
2735.76198909225558963954
5048.75630854351402376778
12259.79952804651293263305
16340.31063432874361751601
2539.99823834220569551690
1971.47203444909314384859
13737.93269537549713277258
17452.90770891260399366729
8389.69070161597664991859
2225.86841029458810226060
8965.79038902325555682182
6919.97009237264592229621
9344.07150673701835330576
3218.53808880267388303764
5775.14290756685204542009
17479.40083644407786778174
3573.76458151337010349380
20629.75749724647539551370
2570.72293170028751774225
1768.90906748013253491081
1879.33977072001471242402
2595.67868414132180987508
3859.93115710854908684269
1838.80161335678349132650
9333.02075153976693400182
4426.10851373678906384157
13196.02315425219421740621
5474.37298349021693866234
7776.89651763337406009668
17823.57004147414045291953
1536.98888536749655031599
8972.25841961737023666501
12391.94962843419853015803
4362.72834577631510910578
11476.11378109590623353142
6507.47636377938670193544
12259.79952804651293263305
16153.96101470941357547417
14195.50151799493323778734
4600.26390920603807899170
6791.66718223981024493696
3484.04904940187043393962
4912.00643738668168225558
14127.80422437020752113312
1999.81724189358806142991
8791.84491045942922937684
11369.41894587875140132383
11077.37678758405309054069
7613.94290756685222731903
12548.67094874041322327685
2527.06942683748275157996
9777.76458151337101298850
7110.32518073484334308887
6515.06280113263164821547
14622.73271533570550673176
5085.67911087914126255782
9395.83077804651293263305
13913.79952804651293263305
6521.89280446053362538805
2946.06033298537840892095
2899.33873045870313944761
6691.44962843419762066333
9970.86421326816525834147
11369.41894587875140132383
9843.84491045942922937684
11754.97978434197284514084
8928.44705117546982364729
9343.85827131167570769321
2897.13141945982351899147
1621.78030010168322405661
13820.72153149801852123346
25385.46101470941357547417
5497.00950248859589919448
10648.21882850499423511792
17318.56153261586223379709
6015.82804835995011671912
4395.51376464362601836910
1237.29864158683426467178
16864.06668154762883204967
3477.90487434522901821765
5763.31201063200569478795
9814.22153149801852123346
7610.49043067141064966563
1569.32768958817723614629
9063.48086134282129933126
11938.56668154763065103907
3000.58514407315624339390
3658.44037409081374789821
5151.51376464362601836910
7876.94962843419762066333
1237.29864158683426467178
3211.20809576520878181327
3740.58173182973769144155
2177.92031006822708150139
5700.22744846097975823795
14947.41392051676302799024
9546.29228434197102615144
9846.80422437020752113312
17709.69949966782587580383
8069.42202941882533195894
2317.01244421247474747361
8972.25841961737023666501
5597.93269537549713277258
1645.43110988157877727645
