1500
1 2
2 3
3 4
1 5
2 6
5 7
3 8
8 9
4 10
6 11
8 12
10 13
13 14
11 15
4 16
6 17
16 18
14 19
4 20
19 21
17 22
14 23
22 24
24 25
2 26
24 27
20 28
20 29
17 30
2 31
10 32
16 33
8 34
24 35
27 36
31 37
5 38
7 39
23 40
17 41
3 42
28 43
21 44
26 45
2 46
37 47
37 48
40 49
28 50
33 51
35 52
2 53
50 54
51 55
3 56
37 57
32 58
53 59
2 60
39 61
58 62
26 63
54 64
27 65
63 66
64 67
22 68
31 69
63 70
6 71
47 72
61 73
58 74
42 75
28 76
16 77
54 78
42 79
37 80
79 81
7 82
71 83
32 84
7 85
63 86
18 87
2 88
87 89
61 90
56 91
44 92
24 93
27 94
90 95
5 96
39 97
39 98
71 99
91 100
42 101
75 102
22 103
75 104
93 105
61 106
80 107
27 108
21 109
99 110
81 111
99 112
11 113
89 114
17 115
11 116
105 117
103 118
41 119
98 120
111 121
11 122
19 123
25 124
102 125
73 126
113 127
12 128
47 129
118 130
32 131
81 132
47 133
47 134
32 135
7 136
1 137
26 138
95 139
77 140
44 141
36 142
34 143
131 144
43 145
136 146
91 147
95 148
120 149
135 150
110 151
60 152
49 153
65 154
17 155
46 156
21 157
153 158
81 159
46 160
52 161
51 162
72 163
101 164
156 165
3 166
161 167
82 168
91 169
162 170
52 171
15 172
120 173
33 174
62 175
81 176
64 177
144 178
140 179
47 180
22 181
23 182
109 183
168 184
10 185
181 186
73 187
80 188
61 189
128 190
41 191
143 192
116 193
117 194
58 195
9 196
64 197
159 198
168 199
28 200
91 201
125 202
1 203
17 204
166 205
16 206
47 207
178 208
77 209
101 210
101 211
14 212
13 213
197 214
28 215
180 216
108 217
24 218
118 219
150 220
179 221
76 222
55 223
166 224
5 225
178 226
32 227
172 228
79 229
38 230
136 231
151 232
103 233
126 234
174 235
202 236
108 237
188 238
227 239
18 240
222 241
76 242
9 243
179 244
165 245
112 246
28 247
225 248
243 249
32 250
2 251
203 252
136 253
50 254
219 255
238 256
78 257
230 258
10 259
7 260
20 261
100 262
69 263
241 264
25 265
254 266
79 267
23 268
103 269
33 270
264 271
239 272
1 273
197 274
105 275
275 276
222 277
64 278
110 279
205 280
53 281
70 282
154 283
230 284
164 285
56 286
167 287
280 288
150 289
107 290
15 291
52 292
172 293
20 294
211 295
46 296
1 297
200 298
184 299
190 300
212 301
215 302
182 303
68 304
275 305
246 306
131 307
248 308
57 309
145 310
249 311
263 312
56 313
82 314
26 315
182 316
297 317
210 318
70 319
169 320
151 321
74 322
209 323
36 324
238 325
12 326
74 327
125 328
180 329
238 330
20 331
203 332
272 333
76 334
210 335
58 336
55 337
150 338
190 339
273 340
124 341
64 342
62 343
182 344
124 345
221 346
164 347
38 348
222 349
88 350
334 351
272 352
44 353
324 354
282 355
266 356
239 357
38 358
154 359
305 360
201 361
199 362
309 363
91 364
303 365
63 366
23 367
192 368
167 369
169 370
75 371
348 372
53 373
186 374
77 375
332 376
344 377
48 378
289 379
281 380
139 381
47 382
189 383
224 384
321 385
372 386
293 387
114 388
180 389
240 390
365 391
49 392
277 393
388 394
16 395
65 396
264 397
140 398
162 399
188 400
63 401
272 402
207 403
151 404
351 405
368 406
35 407
68 408
213 409
182 410
159 411
386 412
24 413
47 414
52 415
311 416
13 417
168 418
72 419
126 420
252 421
287 422
7 423
138 424
300 425
344 426
416 427
129 428
101 429
156 430
379 431
328 432
215 433
179 434
27 435
380 436
108 437
316 438
17 439
94 440
286 441
286 442
229 443
173 444
357 445
13 446
104 447
29 448
54 449
27 450
40 451
3 452
367 453
119 454
325 455
259 456
23 457
105 458
448 459
69 460
421 461
206 462
46 463
188 464
98 465
403 466
211 467
231 468
282 469
118 470
145 471
99 472
95 473
63 474
242 475
134 476
235 477
413 478
210 479
327 480
137 481
33 482
120 483
204 484
69 485
279 486
44 487
443 488
167 489
412 490
316 491
127 492
269 493
30 494
131 495
240 496
220 497
103 498
50 499
433 500
402 501
388 502
170 503
255 504
4 505
233 506
60 507
506 508
395 509
443 510
28 511
152 512
474 513
89 514
1 515
437 516
380 517
390 518
51 519
319 520
307 521
81 522
341 523
284 524
420 525
469 526
46 527
120 528
522 529
55 530
302 531
363 532
335 533
98 534
204 535
384 536
432 537
19 538
488 539
90 540
381 541
274 542
242 543
163 544
367 545
117 546
5 547
280 548
368 549
510 550
147 551
432 552
525 553
375 554
262 555
494 556
214 557
474 558
123 559
175 560
117 561
82 562
128 563
122 564
372 565
303 566
173 567
479 568
455 569
303 570
123 571
239 572
456 573
396 574
283 575
493 576
520 577
335 578
43 579
349 580
454 581
50 582
66 583
293 584
465 585
492 586
545 587
222 588
495 589
131 590
77 591
47 592
80 593
224 594
583 595
170 596
247 597
46 598
586 599
109 600
238 601
437 602
371 603
43 604
286 605
573 606
143 607
202 608
528 609
300 610
339 611
182 612
164 613
42 614
19 615
209 616
506 617
52 618
383 619
280 620
359 621
556 622
325 623
532 624
179 625
219 626
448 627
153 628
574 629
436 630
96 631
8 632
399 633
142 634
118 635
119 636
177 637
344 638
573 639
533 640
632 641
366 642
514 643
268 644
38 645
153 646
414 647
294 648
589 649
572 650
267 651
362 652
473 653
234 654
184 655
210 656
496 657
364 658
318 659
241 660
88 661
410 662
374 663
11 664
578 665
74 666
88 667
425 668
205 669
144 670
106 671
76 672
386 673
218 674
521 675
565 676
77 677
467 678
255 679
238 680
8 681
286 682
229 683
598 684
243 685
371 686
419 687
138 688
493 689
187 690
293 691
328 692
586 693
155 694
442 695
156 696
547 697
474 698
510 699
72 700
496 701
131 702
477 703
428 704
599 705
389 706
534 707
200 708
449 709
580 710
346 711
648 712
706 713
156 714
459 715
23 716
145 717
559 718
541 719
579 720
423 721
537 722
589 723
289 724
343 725
413 726
666 727
724 728
115 729
110 730
533 731
541 732
133 733
101 734
35 735
83 736
67 737
666 738
738 739
200 740
245 741
35 742
220 743
726 744
444 745
741 746
109 747
707 748
694 749
463 750
77 751
229 752
434 753
441 754
262 755
555 756
497 757
428 758
174 759
503 760
104 761
230 762
303 763
606 764
26 765
359 766
663 767
153 768
647 769
381 770
684 771
697 772
13 773
242 774
331 775
154 776
586 777
59 778
576 779
553 780
199 781
554 782
342 783
653 784
434 785
742 786
289 787
597 788
221 789
676 790
70 791
584 792
719 793
242 794
177 795
135 796
582 797
725 798
17 799
533 800
413 801
573 802
367 803
157 804
709 805
581 806
15 807
336 808
213 809
620 810
298 811
675 812
180 813
248 814
92 815
143 816
485 817
92 818
168 819
631 820
113 821
92 822
666 823
141 824
716 825
403 826
688 827
293 828
380 829
456 830
328 831
233 832
485 833
369 834
472 835
266 836
231 837
605 838
835 839
669 840
261 841
307 842
139 843
709 844
715 845
296 846
335 847
624 848
789 849
579 850
608 851
278 852
634 853
438 854
311 855
735 856
722 857
208 858
759 859
582 860
836 861
83 862
639 863
531 864
378 865
726 866
819 867
511 868
442 869
310 870
121 871
247 872
477 873
412 874
621 875
331 876
427 877
545 878
536 879
790 880
163 881
797 882
722 883
370 884
114 885
774 886
253 887
704 888
58 889
22 890
354 891
545 892
35 893
635 894
502 895
557 896
834 897
139 898
879 899
257 900
836 901
283 902
418 903
422 904
297 905
413 906
79 907
904 908
119 909
612 910
460 911
143 912
220 913
101 914
862 915
284 916
465 917
704 918
767 919
387 920
692 921
369 922
360 923
260 924
769 925
923 926
30 927
18 928
494 929
68 930
15 931
835 932
715 933
223 934
880 935
261 936
652 937
676 938
40 939
631 940
516 941
785 942
666 943
357 944
354 945
542 946
147 947
662 948
117 949
168 950
442 951
614 952
298 953
70 954
241 955
483 956
307 957
144 958
631 959
304 960
183 961
624 962
492 963
88 964
80 965
545 966
34 967
475 968
581 969
872 970
918 971
149 972
262 973
477 974
19 975
685 976
130 977
898 978
478 979
653 980
193 981
214 982
375 983
815 984
252 985
413 986
750 987
607 988
156 989
235 990
33 991
824 992
122 993
405 994
572 995
970 996
452 997
171 998
955 999
526 1000
731 1001
453 1002
7 1003
450 1004
36 1005
820 1006
892 1007
272 1008
123 1009
200 1010
350 1011
261 1012
562 1013
294 1014
690 1015
515 1016
954 1017
343 1018
802 1019
812 1020
377 1021
787 1022
8 1023
542 1024
608 1025
617 1026
336 1027
960 1028
303 1029
855 1030
906 1031
102 1032
231 1033
88 1034
242 1035
124 1036
247 1037
465 1038
583 1039
723 1040
659 1041
108 1042
611 1043
653 1044
682 1045
873 1046
334 1047
325 1048
294 1049
898 1050
286 1051
160 1052
773 1053
378 1054
1018 1055
1028 1056
138 1057
6 1058
151 1059
797 1060
1024 1061
700 1062
252 1063
170 1064
460 1065
756 1066
372 1067
684 1068
253 1069
508 1070
703 1071
937 1072
343 1073
400 1074
546 1075
22 1076
248 1077
3 1078
363 1079
806 1080
335 1081
708 1082
565 1083
402 1084
1040 1085
1049 1086
230 1087
682 1088
685 1089
393 1090
734 1091
352 1092
946 1093
691 1094
24 1095
807 1096
982 1097
280 1098
1031 1099
584 1100
690 1101
877 1102
543 1103
87 1104
451 1105
9 1106
59 1107
952 1108
151 1109
1049 1110
538 1111
556 1112
1010 1113
6 1114
694 1115
1026 1116
291 1117
981 1118
377 1119
451 1120
473 1121
1088 1122
96 1123
800 1124
963 1125
924 1126
431 1127
244 1128
610 1129
211 1130
198 1131
859 1132
840 1133
620 1134
301 1135
631 1136
372 1137
475 1138
6 1139
546 1140
1116 1141
224 1142
918 1143
290 1144
183 1145
33 1146
845 1147
798 1148
653 1149
1023 1150
397 1151
38 1152
471 1153
126 1154
295 1155
553 1156
651 1157
270 1158
366 1159
89 1160
131 1161
1039 1162
353 1163
556 1164
292 1165
552 1166
124 1167
8 1168
1000 1169
278 1170
695 1171
912 1172
1104 1173
882 1174
698 1175
347 1176
59 1177
152 1178
934 1179
891 1180
1024 1181
495 1182
579 1183
905 1184
683 1185
622 1186
1003 1187
681 1188
232 1189
847 1190
790 1191
224 1192
386 1193
353 1194
855 1195
202 1196
603 1197
1091 1198
572 1199
1008 1200
49 1201
16 1202
543 1203
632 1204
952 1205
1057 1206
204 1207
1065 1208
1156 1209
29 1210
356 1211
259 1212
350 1213
597 1214
1175 1215
1201 1216
1066 1217
480 1218
1066 1219
877 1220
95 1221
1070 1222
167 1223
633 1224
227 1225
775 1226
291 1227
877 1228
17 1229
283 1230
352 1231
1059 1232
449 1233
4 1234
477 1235
1149 1236
529 1237
1104 1238
17 1239
13 1240
360 1241
960 1242
376 1243
786 1244
572 1245
229 1246
1221 1247
712 1248
648 1249
883 1250
816 1251
888 1252
959 1253
214 1254
839 1255
873 1256
72 1257
1169 1258
496 1259
532 1260
207 1261
970 1262
577 1263
613 1264
1020 1265
1223 1266
791 1267
1016 1268
630 1269
1231 1270
342 1271
95 1272
1192 1273
417 1274
221 1275
272 1276
1071 1277
791 1278
859 1279
736 1280
1042 1281
1071 1282
866 1283
1156 1284
1182 1285
469 1286
81 1287
633 1288
71 1289
406 1290
1125 1291
447 1292
921 1293
100 1294
735 1295
130 1296
385 1297
313 1298
470 1299
1127 1300
284 1301
1161 1302
442 1303
1173 1304
575 1305
1052 1306
143 1307
600 1308
561 1309
720 1310
1244 1311
26 1312
87 1313
1168 1314
1198 1315
1170 1316
851 1317
712 1318
566 1319
54 1320
125 1321
792 1322
559 1323
1254 1324
1230 1325
1258 1326
1054 1327
1150 1328
1145 1329
830 1330
399 1331
273 1332
1184 1333
1072 1334
337 1335
979 1336
1043 1337
1287 1338
965 1339
1079 1340
382 1341
1172 1342
843 1343
480 1344
1197 1345
1133 1346
1292 1347
1265 1348
19 1349
682 1350
627 1351
1269 1352
986 1353
450 1354
646 1355
912 1356
811 1357
621 1358
235 1359
1040 1360
242 1361
1275 1362
562 1363
10 1364
193 1365
1307 1366
208 1367
1037 1368
61 1369
755 1370
379 1371
1257 1372
1091 1373
279 1374
990 1375
646 1376
771 1377
507 1378
492 1379
612 1380
46 1381
452 1382
1195 1383
187 1384
392 1385
933 1386
705 1387
1048 1388
230 1389
382 1390
1137 1391
1252 1392
434 1393
1150 1394
1148 1395
1100 1396
299 1397
634 1398
1385 1399
383 1400
863 1401
243 1402
180 1403
1254 1404
1395 1405
906 1406
492 1407
1355 1408
577 1409
581 1410
1231 1411
48 1412
279 1413
1320 1414
536 1415
1007 1416
1189 1417
702 1418
1147 1419
394 1420
1074 1421
583 1422
934 1423
1022 1424
636 1425
810 1426
1405 1427
617 1428
590 1429
1288 1430
733 1431
1025 1432
666 1433
198 1434
946 1435
1146 1436
400 1437
886 1438
744 1439
1157 1440
1214 1441
1416 1442
193 1443
703 1444
443 1445
948 1446
1012 1447
430 1448
240 1449
189 1450
1236 1451
1239 1452
576 1453
419 1454
300 1455
624 1456
637 1457
218 1458
297 1459
1229 1460
585 1461
308 1462
1015 1463
256 1464
536 1465
199 1466
301 1467
1228 1468
1333 1469
244 1470
891 1471
1078 1472
371 1473
1194 1474
797 1475
1454 1476
15 1477
102 1478
1266 1479
719 1480
1116 1481
1141 1482
314 1483
69 1484
836 1485
536 1486
1386 1487
917 1488
312 1489
458 1490
684 1491
842 1492
440 1493
1201 1494
1171 1495
1271 1496
161 1497
719 1498
164 1499
855 1500
1732
46 13135
22 5885
841 86722
526 94494
1360 58129
1181 77954
1340 86276
587 82984
69 44834
8 55361
472 47055
381 46576
440 18616
746 2209
1351 60910
549 73542
1357 57406
667 38987
868 94148
21 86686
1321 81750
1005 601
1210 83176
677 86861
1468 66283
386 81420
1206 12167
1344 29306
1263 28077
1016 59964
199 18458
1047 53151
1126 62789
964 22346
1335 77758
322 2974
509 41482
1219 71054
1293 50251
492 83092
401 55443
485 49926
957 80700
1196 87852
522 23266
417 57971
177 68333
96 50507
402 18210
1025 42377
1278 45463
1187 71065
534 59259
10 13386
199 79316
259 3632
1343 94793
1195 99661
1203 96785
732 51345
648 44550
320 26251
1247 78355
682 6808
110 24104
171 96967
557 25699
837 14272
62 70651
416 78524
1206 36383
753 93184
1489 24341
1202 30921
566 99410
557 16169
784 66253
833 73219
971 11508
1267 12527
493 61115
927 56886
1318 18085
911 80041
791 90205
1497 79760
1082 97439
29 2620
1029 65788
844 84167
766 6927
1032 52435
1040 23885
928 33502
967 43887
831 13810
164 82253
673 99079
751 47959
691 81856
393 60678
46 56418
1152 12969
714 87153
1292 88468
959 57410
477 27501
331 48424
1083 24053
1437 63816
1442 53809
363 23863
504 5729
991 49229
346 31711
426 58381
1497 8103
768 87845
887 57022
669 17923
921 90028
367 57644
1131 44100
254 18214
1101 56270
662 61514
1320 62363
181 67430
475 75741
42 32536
322 33097
1186 70970
845 68252
1399 20490
1090 82127
1259 50438
1187 66095
186 2677
1136 86995
578 32929
643 52710
1066 66719
1349 82567
523 9047
261 79900
752 29691
1011 11625
912 33853
26 66739
240 14873
477 42668
743 40394
1303 48459
549 30459
1004 51312
1133 21456
1020 73241
306 45057
494 79807
1469 45007
216 77077
1018 239
301 3933
894 53364
513 43836
414 60077
656 59607
194 47686
268 66695
577 94411
364 22028
940 11311
998 99024
1171 85
1070 3192
422 74071
1211 4419
1091 83300
270 95369
227 93703
523 64571
255 38734
39 98798
930 97491
284 26327
296 65419
1361 41408
1225 17750
975 13698
342 40547
299 13714
782 9897
71 47148
629 16710
576 28952
411 84653
1148 66506
1499 62904
934 91252
1133 37569
375 40267
379 94783
1214 88056
537 17768
1447 25178
1240 88604
584 67135
3 75427
708 59104
1222 21616
764 26273
1272 51006
638 68246
297 31317
512 73388
1261 91584
377 133
1437 17019
74 85377
139 99378
72 92277
1433 851
1213 68122
1067 90517
1481 33115
663 91657
892 9153
767 6783
1158 29704
1056 51819
982 79450
365 20569
1351 45574
1168 77244
280 66051
483 45656
863 67419
259 94323
866 80160
276 48917
213 71361
356 54797
213 48348
1028 32796
1446 49409
836 66982
823 20292
1094 95251
445 40805
687 73571
1397 48851
134 27632
557 55418
680 16090
685 6003
356 51960
841 51469
7 46971
1385 98582
1358 92350
641 32679
178 55082
539 82391
1197 85130
573 18907
286 4022
379 7385
533 80318
580 60436
442 25286
1143 7933
1400 61759
790 27531
1028 34990
809 73540
210 67681
1216 60420
395 21741
335 6543
1464 62671
1423 20288
1313 82940
1027 48884
291 57531
703 85915
611 92077
1124 99160
907 48751
488 49619
812 86769
208 57988
825 29979
351 54326
1084 38484
1295 56723
826 6360
216 1113
1071 2712
435 19432
712 7438
1179 71651
550 77953
296 95488
21 79994
370 115
378 79598
1299 36891
135 40185
34 41877
762 11710
1341 42527
1474 74847
169 2332
1146 88969
1250 15468
18 72439
1176 75672
742 10701
555 66516
1147 84271
981 9969
580 94145
110 50393
805 48689
1257 82583
35 45255
312 99010
658 41583
411 62408
1362 15241
909 74313
1393 68473
725 19770
1006 67558
500 74877
530 74231
1269 37331
733 34448
813 48646
1239 74485
1439 565
1146 11080
1406 41829
466 56069
286 98959
945 11842
526 29160
1221 53546
114 46667
1440 57503
776 60653
635 21535
201 51860
1294 57873
546 18816
252 26821
1180 49571
508 50735
982 18167
1098 87228
666 46232
357 93463
109 69727
1275 51072
1312 42413
466 22768
1099 68155
229 96362
1198 25410
857 77038
548 58017
1220 66274
208 29889
50 16032
490 2071
1389 9965
513 47940
337 29468
856 76590
723 61311
405 77627
561 53788
1428 49420
736 46836
306 35375
407 74182
951 3374
744 63866
884 2766
897 58605
1481 97113
921 57684
202 21583
129 57924
716 39937
930 43967
540 17087
314 93792
964 16489
1181 26677
945 10058
351 47321
82 52300
666 51802
1211 70668
989 26326
311 15952
447 97420
255 4458
737 37517
868 31951
484 97880
784 7675
833 90656
1482 52897
646 15825
306 54497
707 80076
1031 13794
506 43281
170 32304
391 70208
1012 35359
252 58928
708 92580
721 78642
89 4234
711 98829
207 818
478 88970
131 83376
168 80295
937 49672
23 10182
284 82628
411 30912
857 26472
1016 176
252 87909
1364 68779
1333 11258
1290 24440
1215 18361
1489 21202
1015 57914
1128 6681
417 58592
1451 66449
1263 26286
898 51283
1036 53986
519 85148
892 60886
1119 1005
611 29121
310 84437
1445 93408
581 63432
901 9126
1206 53944
1150 63520
46 14675
321 8660
341 90363
1093 44306
978 63367
1044 63925
202 82149
976 28753
177 1121
538 71379
604 99006
719 10294
1361 95444
628 43019
864 4100
261 8389
930 95090
1258 57873
423 25725
666 61701
1172 35721
750 19397
161 17589
867 44155
724 45808
223 60749
51 76861
553 19789
963 87838
745 60939
1334 15093
1467 76412
752 34998
693 80138
73 83304
175 42772
185 31003
1290 87621
240 25149
1210 91693
816 79049
3 15549
406 78634
25 29236
976 54878
773 93925
870 79214
963 8385
471 48576
491 50218
247 43461
652 79702
1126 59622
1172 78333
1012 46439
1230 80611
1456 94967
746 15211
77 73477
424 45769
305 95527
643 40628
1238 61851
644 81052
1445 98189
1471 49682
1063 11658
61 26145
307 16201
991 57023
460 54438
1303 42514
174 5558
301 72078
484 85817
662 9339
943 39100
1155 76056
414 4543
1222 23748
324 56700
491 36694
258 20584
233 77342
1184 38722
1111 84840
906 61551
773 30180
25 90135
445 87732
698 97356
804 58318
1244 85730
682 50625
290 59317
1223 6515
109 8126
811 7430
755 29187
459 39339
155 11070
964 32624
204 54742
924 2909
112 86352
457 87623
338 10683
999 54125
687 309
1046 77462
1129 74129
841 39788
778 74913
737 58975
444 46660
219 6078
1049 31061
535 69946
906 16683
1002 22142
644 27782
564 58928
1440 54090
1361 46035
1382 29856
237 24660
601 36100
177 98486
386 54504
1221 82457
1416 89745
360 4613
54 27906
454 6352
1198 37852
472 63764
1498 81988
27 30221
281 22854
553 40420
1043 71390
1212 460
504 55204
371 50658
1101 78239
814 99524
305 57991
101 64316
896 47444
1268 13100
826 49443
133 88214
301 25897
236 15194
283 11381
882 81244
1256 68971
59 14942
920 77664
20 67765
1416 38267
1375 19082
1306 40989
23 62697
1430 1460
923 4037
1393 23016
666 6784
551 75532
988 53843
1451 81208
910 96453
1166 5646
600 22282
1454 72480
342 68476
313 66139
483 279
968 63188
876 5362
922 65958
136 71173
235 82878
1057 10991
259 64757
613 360
939 72240
531 97727
344 17897
908 76785
1076 85209
1202 421
493 37744
439 52433
689 33247
72 10102
980 8069
57 52036
1282 17552
1024 74638
922 4680
51 57709
111 39315
94 26055
638 75576
706 46025
70 28186
774 72729
205 88006
274 73553
896 66782
196 59480
1417 32051
934 74796
319 66491
1480 84278
440 54213
1118 76027
122 1500
675 20445
568 11801
980 52439
1304 53531
1239 39452
245 47542
647 11666
752 85843
1140 6980
1322 13436
1280 83767
1248 30889
310 60623
352 29679
656 56706
1062 3290
639 40126
869 19552
541 98848
1088 5207
710 28688
494 42617
534 51053
119 67389
1340 71481
957 6916
46 50415
987 22757
1303 36030
794 35455
1419 96095
276 20478
895 95156
426 53338
1381 17742
953 12463
979 85914
1226 87916
1115 42993
449 19595
151 33506
1122 16523
1189 6149
577 11559
425 43307
820 43593
816 64311
1245 65014
1242 38459
1022 77655
128 38633
341 41437
544 14822
1102 28915
558 39497
670 57276
287 46556
738 22172
1158 81980
671 62446
1137 40109
949 25915
559 695
310 39156
1362 81585
334 14535
516 32759
606 78306
669 24432
1012 52630
1012 73983
546 65005
1245 95147
619 11588
789 65624
813 97924
66 99845
321 40069
1146 3563
408 43788
440 10318
1046 72426
1496 5133
665 77851
359 22693
1489 32184
789 86071
919 99327
577 57014
788 92711
517 3691
1356 12434
530 49148
587 27589
1386 43958
640 3663
1088 1056
617 51628
861 82264
1097 39541
949 60697
940 11731
657 21043
1186 55431
79 71638
1034 29224
1186 79757
889 81473
1014 44661
675 82508
636 45149
1136 10744
876 8180
1277 29981
598 95660
691 2841
796 79674
1484 77049
603 85066
1189 91252
1445 88671
1260 30246
1020 80810
1168 49007
445 4256
428 51244
478 78429
1126 74670
1201 74262
788 44742
933 8675
45 87447
57 86457
1476 30324
474 89431
107 55112
523 1578
1349 56176
418 20375
873 24399
1076 24745
754 56867
1367 44073
332 6565
895 71138
244 12194
815 78628
1466 42349
798 27794
395 67139
590 72577
609 94297
735 23680
1113 21517
1045 34848
1119 24830
62 69650
992 24983
1019 8546
1118 94400
763 13741
48 93091
121 1914
416 36522
1090 52680
1348 57687
279 18035
108 94369
1461 7930
380 95698
1273 6569
316 19109
607 29293
117 74794
1019 72084
35 4126
711 9077
790 50917
751 94243
1283 46540
298 35096
777 42030
1437 52209
1326 16574
846 57662
713 74951
980 48443
803 459
1122 60690
417 58478
1483 99161
974 5836
1281 96897
558 98136
313 64022
410 58068
1475 792
917 70296
767 86427
34 35047
631 23735
627 67227
164 97750
590 64772
1261 36919
106 42172
146 49754
1321 51699
587 21416
295 86552
834 75914
313 31063
107 24577
270 63981
1163 99124
633 74394
392 28401
418 14931
847 93121
1434 75878
724 45520
795 38136
264 92966
1442 34545
1046 62856
607 73922
788 5033
1058 19489
871 52667
842 35990
1034 95795
1119 88907
609 69453
1218 54333
1019 62942
278 23117
1278 60293
515 62771
420 8510
1424 78921
840 80669
692 76650
88 80524
1488 84519
130 1492
787 5118
362 41076
152 23641
699 34720
1069 55879
746 43425
121 348
123 6076
637 14160
1108 19453
73 89788
131 58356
1431 15562
311 98570
286 80299
1155 3613
738 63958
47 59941
304 54635
841 15956
1277 58417
1183 76696
1012 42843
326 64479
681 76110
963 94902
967 61380
812 35830
735 6705
147 25081
46 89215
276 8906
1435 84575
610 11318
929 98421
588 635
1127 23077
486 77817
1224 4409
7 12303
670 12862
1329 9040
43 17709
1080 65736
1354 62284
1081 32010
1061 58258
95 60003
889 38073
112 79831
737 71117
1322 81209
1397 69721
744 24527
661 70314
930 95532
1056 14425
728 34626
306 24939
1086 55657
7 14422
245 72121
1382 66153
11 35350
1266 25816
52 83116
205 95932
1449 42513
756 64415
1076 31507
956 16771
1322 66466
1425 5860
1256 98407
466 13606
379 53012
695 75167
1040 90845
184 83292
1022 31163
777 39967
355 79594
1105 92684
736 82328
39 39004
169 1936
639 48768
1276 1670
1039 10815
387 50036
1348 1513
188 27747
943 19453
653 38938
314 16260
1251 28417
259 47234
206 54462
187 79928
863 19950
253 71175
336 33665
1122 80028
631 12870
657 72364
288 29370
571 2421
345 90257
153 2028
1392 70523
835 26863
286 56258
594 75777
39 18484
284 45616
850 34684
757 63859
151 19600
1120 96122
1116 42758
173 52000
822 10198
1105 94247
1207 32753
854 43972
251 17355
1395 29165
159 73961
400 19523
393 55027
1284 18317
597 53131
578 54109
1135 73916
1175 88489
246 90638
723 28649
606 97072
482 66054
593 51912
440 16354
201 68325
1055 82443
1023 74140
739 95279
111 44299
339 76712
1430 58281
962 57206
123 61335
772 16571
996 89161
1175 26396
1270 74008
992 47334
542 44157
675 21520
1011 2073
493 53234
279 22343
1134 12277
1218 69182
430 70167
149 25160
910 97089
432 34385
156 15310
1312 22284
378 85289
1108 47704
152 73854
452 57517
1376 59987
27 37601
1401 17839
384 25340
910 76343
6 27940
1122 52236
557 22602
473 18914
115 11844
48 7909
477 71700
954 12436
1488 24168
861 11618
5 82831
1017 47831
148 75908
673 69020
137 18912
706 69317
471 54668
1107 66665
1199 99667
879 52755
563 72805
960 17905
934 5244
472 47009
642 13063
123 39812
940 54794
604 31937
507 13706
605 12879
911 662
1225 42704
1441 18730
1430 56997
706 86992
299 26410
255 74677
984 45136
127 95029
709 87549
357 60775
863 21386
1470 86208
102 75770
1166 93380
544 95478
689 41655
212 67946
875 50096
864 38198
324 53153
126 57478
1211 12492
461 25573
947 17447
828 40585
837 48765
550 79709
94 23183
1332 92766
1310 21039
1276 87569
132 35399
984 43743
492 21077
288 61374
1165 69863
617 91397
197 93003
434 28041
1369 69681
1302 34850
1493 20089
678 82388
1254 66367
1148 96399
1469 81162
659 68521
84 71628
641 31565
1191 89771
769 97153
93 26591
930 66122
997 30985
1076 90743
439 97813
1372 22479
520 16952
593 23504
927 17915
1356 40664
426 7189
1330 95908
418 88006
846 76963
514 63793
1387 66054
1168 46797
850 29577
948 5675
894 22003
711 5673
1304 89362
1471 57610
891 37737
579 18033
397 5040
1071 34894
952 51585
167 33923
706 23055
1461 41148
1479 18819
1442 46893
670 70338
770 86627
673 30673
423 64781
1106 10938
638 81813
857 31963
1053 437
426 28354
1206 20749
85 74707
1148 67216
1477 6568
999 70891
1401 49826
283 27431
511 73531
566 28806
1076 8009
702 9947
1359 32811
758 32555
655 15086
757 8069
967 59993
525 5386
478 52806
898 41164
780 52682
1347 96725
822 28492
1302 58992
776 53503
136 10947
1341 46122
392 60072
623 60012
934 82619
1054 6944
20 25102
319 81009
285 70043
1414 55388
472 90499
574 68588
1147 67700
1190 72999
1333 24251
662 68723
793 87653
1475 93298
75 68505
839 8564
808 21581
514 17580
1378 64869
1305 55967
285 19808
1176 1186
358 88194
1257 82713
775 48859
413 25443
285 14781
1046 12738
354 3701
171 87493
993 36666
70 20742
949 65158
250 73068
351 79295
871 49087
386 93521
179 70143
78 99311
486 60621
1450 21498
326 38821
124 56382
1160 70240
619 8825
511 85890
1403 72221
1307 21283
1312 44263
482 22659
1326 40766
710 62452
1295 80117
317 99378
470 98381
882 12733
510 43012
199 39404
910 87672
88 6464
1352 12542
402 20531
182 53412
424 67689
293 18298
798 13445
324 93449
1379 18408
211 15790
298 19652
855 64858
323 82887
640 84425
1190 12784
1372 78581
1382 36403
448 64844
1094 87201
1049 7221
1168 85643
735 30312
545 37746
206 77045
470 56026
861 7114
1128 82936
55 14910
437 1132
563 91610
941 9991
607 55963
630 69329
481 66692
538 17143
418 52752
1333 32567
607 19891
762 56865
836 98007
883 91545
1319 66473
1491 14885
1012 40366
212 33473
552 86135
5 93696
1289 23469
1201 63109
1069 66519
877 13056
1116 62235
1424 34110
1307 97469
805 80844
139 92660
509 45397
623 69923
198 76315
312 57719
1184 53403
501 82986
1104 92295
864 72960
1245 84895
469 49153
633 24757
446 43494
1381 6253
1329 3584
223 81669
97 44413
1081 22
1256 56806
175 57772
918 16806
52 70923
435 65912
82 33399
378 43876
1135 48582
1123 92870
780 1161
1104 90908
456 36792
264 995
246 17340
690 97540
1433 46896
1412 30262
1380 54958
663 52295
1388 55481
840 12560
167 52271
1241 78165
1106 71828
99 71766
441 40904
257 52421
198 55729
277 6138
1304 61809
1110 74759
630 91166
1471 20356
823 11342
628 45215
886 88867
1429 83458
371 77988
1111 455
1243 11411
397 77390
276 96485
359 23222
6 33192
1282 55027
714 57909
1083 88463
521 76527
757 1500
1462 32767
746 20389
1163 83378
707 22070
636 84829
820 40091
1189 93418
629 62049
680 41999
998 55297
1245 73542
816 91423
544 48240
617 37215
1482 76464
752 99850
892 17147
1183 47692
252 79577
109 64693
854 41403
1411 67563
1364 22537
916 55209
328 57555
673 91502
64 333
44 34161
259 54941
96 28587
1352 34116
977 86638
1225 10232
1056 39481
557 18305
748 87268
743 50963
989 28527
855 55724
1000 8833
1500 94515
1160 65461
1494 64833
1236 58814
839 20027
1489 91336
435 15063
662 78760
330 38788
1230 59117
268 57110
391 12812
739 9391
311 21137
47 98220
683 37862
1400 39267
850 67446
1256 83867
275 53016
1282 83428
290 12485
1087 61857
490 77400
686 60455
1481 76510
1100 64917
564 40847
1163 99715
1418 87992
826 69993
1148 22020
104 31480
727 609
1046 50283
121 45986
1261 21515
1044 16229
17 46421
1359 62435
283 41206
505 44902
1169 85727
333 98667
1498 20872
817 4441
951 21768
1015 16074
556 76585
982 34321
354 70391
772 55697
908 42621
690 70715
1399 4489
179 15422
916 72477
1328 8699
458 92695
756 76122
191 61684
899 58332
1022 56712
872 57794
394 5781
1205 4066
552 1838
675 4642
590 6325
251 57276
715 98785
120 35472
1315 28004
1329 58513
392 85168
344 71065
1174 91181
376 6742
969 45406
1093 52791
860 66419
798 34473
94 12166
807 59048
640 85737
1199 65324
661 5896
1384 48979
761 76045
358 44800
1314 91053
117 12645
188 826
1407 9591
502 79494
1210 84302
873 98534
1155 35060
691 32616
1207 99224
582 48152
940 48177
219 3538
482 47892
325 73259
950 79761
604 66617
33 13345
331 43550
71 36827
872 79056
234 32827
1 68994
714 53541
911 33528
1081 40710
521 38013
1326 51661
89 55105
48 30864
80 84818
516 25102
567 78583
708 13766
916 86174
877 45404
928 90553
1132 10121
104 19429
1304 92616
499 68750
934 81856
206 3888
1079 64788
1293 50949
823 74287
582 28842
409 48416
556 40251
898 32696
475 9585
1123 39956
620 38829
692 97118
1237 79375
1396 37774
1064 74618
179 72631
1300 7263
1343 72500
1044 32424
1039 27280
752 48011
1033 57168
445 24920
738 6845
414 87170
1161 15401
150 44090
819 35001
56 41922
239 83598
1192 62442
355 72001
747 20443
1338 37750
467 74270
875 80557
605 55576
279 68576
315 21728
986 61035
1104 3395
810 76964
1238 99919
1164 70556
667 16926
190 5267
742 96601
12 41903
390 60409
1206 79154
346 61371
705 54430
1313 63151
844 41075
812 82865
213 6639
947 47953
1068 82242
1195 2707
235 77984
977 34611
1139 80486
337 34801
150 86301
634 90620
1208 97729
475 22215
826 6450
293 33671
255 64501
479 33854
537 46965
1446 31713
249 7473
247 38903
1419 66877
944 98337
50 52776
1195 70480
816 64942
1300 227
561 86402
663 87686
38 87209
602 27070
1172 28339
1490 91028
1387 91350
1182 11750
723 99846
1390 70683
1134 71137
723 95309
561 93886
1161 63202
1473 14162
1109 79996
1215 5211
839 73058
327 80450
1349 12426
436 30798
1315 79179
1406 19881
465 3309
1184 46641
1487 40116
771 68909
809 44099
288 27065
284 27957
809 31281
198 76744
267 42592
459 12057
1156 26525
335 70993
310 22319
53 57725
1420 67339
1348 259
719 16459
1243 87729
1329 60151
72 34528
