679821.76630034472327679396
852959.60455327853560447693
742594.30213539989199489355
468606.33767631428781896830
728714.48420675937086343765
490175.70269570889649912715
1035201.88012018788140267134
868115.01487421814817935228
322304.32289208407746627927
554765.21650857268832623959
323806.98126476100878790021
387073.06462488835677504539
639087.13637789525091648102
457607.58864259260008111596
184321.39691961885546334088
627701.18062021292280405760
826423.05517066165339201689
518329.34157456224784255028
562161.60331296292133629322
792251.83160669135395437479
451587.40055216045584529638
934820.90752858831547200680
816454.74808515585027635098
627069.79211930872406810522
279978.41911228222306817770
542378.02287235867697745562
630984.72685510152950882912
924445.17016062396578490734
576324.05798800499178469181
296486.14642615709453821182
339397.78866178402677178383
679892.70443928067106753588
779091.43652330560144037008
457858.83783917402615770698
531935.72135037742555141449
310099.54772981849964708090
564137.52176144754048436880
502110.54284135188208892941
528842.98924997390713542700
437837.58153712033526971936
220552.03948171262163668871
485294.62170882697682827711
503883.70288008917123079300
449459.67796183121390640736
161679.81333586928667500615
800382.98119375063106417656
999465.49085702851880341768
350797.17210702854208648205
432834.57903089199680835009
560357.58256758912466466427
525658.10394876962527632713
649276.74160340882372111082
286833.08877752476837486029
479512.37012106395559385419
588670.33094588620588183403
360919.38019923702813684940
354670.06794036191422492266
489180.47666580602526664734
230344.55737028602743521333
227859.04865406797034665942
559260.46839813946280628443
355315.44533316115848720074
461437.04742151743266731501
546942.86405804380774497986
283760.60560018883552402258
173721.73012580844806507230
243464.67281160876154899597
688626.90257751592434942722
690776.68183089199010282755
558083.98602858628146350384
432629.70534346468048170209
570302.05453966988716274500
419116.87701296125305816531
415317.60088871675543487072
468885.14002082811202853918
393547.81448723201174288988
506603.89051176828797906637
225037.79253026598598808050
569117.56219804007560014725
410079.45960702863521873951
627710.71277173224370926619
468021.66938224906334653497
260836.15178115488379262388
173005.45073988009244203568
210604.55430288397474214435
76906.17457025290059391409
674104.61694460723083466291
541450.04495036427397280931
594072.32601857278496026993
226861.90392962790792807937
364824.54154789383755996823
263632.95282379118725657463
230302.63935037743067368865
218035.89495204071863554418
625946.50321481400169432163
421229.85517468524631112814
192865.82974999130237847567
469417.11123147280886769295
662525.84067004383541643620
177816.60830957879079505801
546226.18042720679659396410
371246.77609747770475223660
412663.96797103458084166050
417267.07445138716138899326
487742.86712815519422292709
198892.19367962790420278907
194932.58990175713552162051
343247.34147981851128861308
353731.18907294236123561859
397461.20800112572032958269
286162.95212862204061821103
495918.61355668125906959176
178904.42041961886570788920
349673.67811730201356112957
93472.09642615707707591355
110359.46291961887618526816
563121.32793160725850611925
393963.88261775870341807604
336944.17251863412093371153
478171.75096604647114872932
268479.95212862204061821103
187779.96291961887618526816
198954.27184845678857527673
420509.46788947447203099728
431222.03030409751227125525
297130.31350648065563291311
201034.13104314278461970389
406548.80314577755052596331
212729.45083596612676046789
205951.51232110633281990886
891307.70955822221003472805
134117.61879528869758360088
221750.71009522539679892361
135391.26565078095882199705
308849.63901148503646254539
419335.53842986817471683025
184573.58009767648763954639
392305.00778031372465193272
635476.40342074062209576368
175851.10332934232428669930
164894.61949045781511813402
123504.29368771727604325861
740047.42725292022805660963
319427.73664594709407538176
374577.48429336305707693100
166104.51280995603883638978
223212.64164291211636736989
183915.60064296278869733214
139784.33774151161196641624
410908.31024648324819281697
392800.91933370858896523714
250216.35766036732820793986
339906.20134363067336380482
350733.15002231660764664412
112083.64642615706543438137
542619.00921815482433885336
175517.80018405348528176546
84875.15033590767416171730
456398.67435084423050284386
145476.39017053577117621899
302847.13498734845779836178
230472.35409403432277031243
274452.66363491746596992016
497892.68007120111724361777
220865.86851029761601239443
286034.79747767618391662836
487082.66749367420561611652
612894.29534963855985552073
103115.42497624544193968177
205683.84371368383290246129
414191.51498734846245497465
163764.45563392376061528921
307931.50440817826893180609
253094.84357068320969119668
229682.22266658057924360037
104618.45212862202606629580
306815.87281160877319052815
198211.71777087124064564705
475291.67041467118542641401
583151.39898411429021507502
436715.44887381233274936676
908652.15446921915281563997
215438.22969098080648109317
335989.55906992766540497541
135309.24330171453766524792
404338.94887381233274936676
390428.06350648065563291311
242567.49545731273246929049
184976.34367962789838202298
327572.60990622208919376135
141118.01974085631081834435
250161.08545058406889438629
227300.46291961887618526816
172172.88198290183208882809
97836.09533316121087409556
147088.10763069469248875976
424534.59781160874990746379
479846.00384208880132064223
383377.32573659438639879227
379617.27430866053327918053
181131.40830957877915352583
339841.89899025473278015852
278047.44815323204966261983
508359.74642615707125514746
442362.27790550474310293794
228728.94677003548713400960
357868.88602115132380276918
196211.10888543562032282352
158664.27937100900453515351
446447.89673786779167130589
366748.22451564559014514089
326001.25176975305657833815
406734.52272964920848608017
455895.82668358215596526861
353990.77430866053327918053
179182.27979682286968454719
81093.38536995463073253632
89581.39887418695434462279
187155.07482110633281990886
272579.07563771668355911970
439381.82593700115103274584
495676.27653847460169345140
418923.83253751759184524417
272004.97686383809195831418
175136.26350801857188344002
89925.52555210229184012860
396286.46462876902660354972
81882.22781696188030764461
683356.65096617676317691803
364298.82190160371828824282
239784.06836551160085946321
178758.38386674172943457961
299841.92428442533127963543
121609.43783549353247508407
475862.02942423050990328193
114765.63299675157759338617
99588.38536995463073253632
335858.29293021536432206631
557093.48231438454240560532
310685.21571003925055265427
286117.58302350749727338552
496069.89112180797383189201
286086.25577884283848106861
275937.82593700115103274584
280697.36851029761601239443
466816.11355668125906959176
433712.53224516846239566803
263330.26350801857188344002
203876.19637072540353983641
174205.45073988009244203568
161111.95606147538637742400
391630.18240994936786592007
345718.51280995603883638978
234678.27689189728698693216
289649.62074388650944456458
117308.45858604306704364717
201592.79253026598598808050
89326.96438032074365764856
478075.47246838116552680731
316743.26858859829371795058
579824.14965467154979705811
235480.52637701161438599229
356023.09545772301498800516
213239.24989672473748214543
120094.04288947442546486855
335027.31855856394395232201
259660.24054951002472080290
338523.49372847832273691893
172896.49199275864521041512
368671.66799197951331734657
90959.45828169569722376764
465115.71632701705675572157
196696.41343100983067415655
308581.00723913765978068113
454018.30293160723522305489
305566.15146580361761152744
273784.44413461862131953239
130953.33947827541851438582
349209.48600037524010986090
544797.58061941899359226227
162386.61292584158945828676
392138.48192381323315203190
302110.66111854999326169491
445864.03104698739480227232
193947.02001780027057975531
591102.94673307903576642275
275528.59187341853976249695
221253.59515485476003959775
428224.33489697589538991451
190989.08990175713552162051
90559.87938392377691343427
180611.11498734843917191029
585776.71323362854309380054
296253.44409911602269858122
269546.24150521517731249332
375149.46159910724963992834
452365.03843100985977798700
209475.98524383181938901544
243491.77953496383270248771
247443.05495311104459688067
442685.41843641974264755845
259056.13715433026663959026
471227.95089384383754804730
338409.35641472751740366220
354126.35979913698974996805
412827.11355668125906959176
601432.39405335451010614634
109621.42116933951911050826
285423.56794036191422492266
349780.99476445437176153064
398789.27970405871747061610
434387.59545772301498800516
251166.29339974565664306283
306682.97312741633504629135
106913.98000253597274422646
352843.39756051049334928393
214430.59614366994355805218
133923.29918446694500744343
333626.22150714654708281159
63971.87915478938521118835
120646.08386674171197228134
155371.78362957225181162357
120775.63968550450226757675
330279.23813216167036443949
309822.64191937638679519296
238202.69897911083535291255
249306.45029623893788084388
573459.01936062506865710020
116630.27979682285513263196
98202.05858604307286441326
354495.94965467159636318684
195202.97407661602483130991
171956.74326540340553037822
271341.76612180797383189201
592071.49918446689844131470
192675.26199982786783948541
300377.11031529540196061134
133225.52008216109243221581
268589.47161977773066610098
98348.20671550491533707827
274030.26697236858308315277
215751.97281160874990746379
380071.30599991395138204098
666088.77533828828018158674
170001.01697236861218698323
299748.27531233371701091528
173116.52001780027057975531
167905.66690160371945239604
250241.94413461865042336285
179028.40899007284315302968
288361.63306090398691594601
184430.49326540340553037822
423087.86949045781511813402
339567.15479882841464132071
271866.74096190661657601595
291370.90927928197197616100
529206.77188257267698645592
203910.34190160370781086385
256414.80000743886921554804
320534.44313247030368074775
121038.90830957876460161060
203777.60857886480516754091
416650.31794036191422492266
126056.50830957875587046146
179173.69017876876750960946
88880.59123691957211121917
306560.64095070061739534140
377850.58545058406889438629
263760.96687341853976249695
52315.62915478938521118835
410480.68556249828543514013
431870.13565160369034856558
90800.61292584158945828676
403000.44887381233274936676
129786.72381545344251208007
195291.47407661602483130991
310352.64733498496934771538
329994.41938684764318168163
296536.30607676971703767776
332507.11292584158945828676
399216.07197358022676780820
259774.59898411430185660720
183567.42183981393463909626
106056.77546595952298957855
96281.58386674171197228134
625580.92974623432382941246
245875.22830840715323574841
374261.88072531769284978509
266746.67979682283475995064
150567.40523667976958677173
168889.19017876876750960946
338492.35967696399893611670
328567.94413461862131953239
225136.19036265884642489254
258489.36343670214409939945
198406.80280009441776201129
152781.95828169569722376764
87925.55166467116214334965
185454.05204701717593707144
206698.52626354870153591037
123108.67457025290059391409
238504.40993207006249576807
347314.85967724234797060490
76789.98386674170615151525
236704.13306090398691594601
303931.29272529203444719315
164086.71093674216535873711
258734.30085917198448441923
206517.26136482460424304008
386713.23089384380728006363
304859.00384208880132064223
255632.39324874474550597370
448324.59887418698053807020
301015.59898411430185660720
124720.71498734844499267638
297288.80651869601570069790
266968.77272964920848608017
278359.95906992768868803978
258618.66363491746596992016
140468.10450216021854430437
126489.14413664978928864002
289286.09187341853976249695
298018.69716002687346190214
206407.00259343790821731091
118570.18498437033849768341
312790.75844609609339386225
239765.80651869601570069790
255668.99250263278372585773
89506.36340453446609899402
171163.76851029763929545879
131919.06970505151548422873
445034.32589798618573695421
214433.88715433026663959026
306485.13843700115103274584
187221.81161870737560093403
225573.20430861384375020862
139873.61453662128769792616
215924.36544692190364003181
217441.69642615708289667964
237084.39495204071863554418
192543.18934661580715328455
333367.39934661576990038157
622518.15996376634575426579
210763.58553742247750051320
317753.55260795296635478735
142759.52272964920848608017
343693.20389236026676371694
618123.40399400249589234591
273444.06336359929991886020
207678.97828537406167015433
381823.36051237344508990645
310964.20982886664569377899
112144.54698356686276383698
147262.52972843358293175697
97169.29730645881500095129
407031.84040085726883262396
207359.74372847835184074938
300512.12237605173140764236
438144.53533033456187695265
405818.97045772301498800516
126489.14413664978928864002
161031.44677003548713400960
138161.96159910722053609788
78474.74848577090597245842
330983.84263271314557641745
219878.92983862117398530245
237750.57483854852034710348
79928.02278850387665443122
422313.44929523998871445656
261265.34565443967585451901
210895.82809778768569231033
444711.66911223682109266520
254168.33230962947709485888
501762.29957025288604199886
242167.14852030132897198200
121575.26565078095882199705
676128.08341918804217129946
321366.91977483738446608186
146700.92418446694500744343
285491.95029623893788084388
175117.58009767648763954639
243368.33465864617028273642
170540.71274151161196641624
287356.08214205235708504915
363494.47045772301498800516
199615.66200012507033534348
110656.86949045781511813402
303782.55332125548738986254
117460.96687341855431441218
167551.69662437238730490208
216692.86544692190364003181
416214.45604314276715740561
316568.15865942533127963543
415164.07321307854726910591
246750.40794224338605999947
228088.79412556864554062486
139811.69187923887511715293
103165.99199275864521041512
188211.49564189728698693216
214433.88715433026663959026
154288.37163270171731710434
329898.44036265881732106209
65869.28123789461096748710
144896.31037194325472228229
129642.86753526284883264452
367078.94130887929350137711
156643.52432703398517332971
237857.22065443964675068855
214049.36343670214409939945
406057.27554347767727449536
388182.23859437485225498676
145553.01216351700713858008
220985.51652341763838194311
323115.35867285763379186392
205175.99676434317370876670
118139.39060164397233165801
105321.53764194718678481877
120362.90523667976958677173
220770.53464958985568955541
268352.22150714654708281159
497093.38135111815063282847
192091.45212862204061821103
208130.26697236861218698323
133410.67701566248433664441
138906.10450216021854430437
388313.80798095330828800797
110342.96159910722053609788
240581.83774151161196641624
180458.45212862204061821103
277233.61031529540196061134
307919.63715433026663959026
265075.74230351427104324102
469675.44979611673625186086
340626.37041049089748412371
211522.08214205235708504915
156918.90046595950843766332
314514.45461565977893769741
245917.93388549383962526917
278973.05332125548738986254
121974.45196481395396403968
386441.39015345677034929395
399822.42390580434584990144
171397.89852030132897198200
216496.33181745873298496008
476211.56365023355465382338
219351.79864956848905421793
197673.06350801856024190784
176409.59515485476003959775
240925.79272529203444719315
274690.97110507218167185783
145192.15415478940121829510
332279.07961565977893769741
212274.02116882684640586376
63130.69524106005701469257
219280.28657011501491069794
520004.53660653927363455296
343276.77556119405198842287
251556.84985675098141655326
58000.61839393003901932389
179410.22266658057924360037
341224.88198290183208882809
148865.63979408302111551166
279043.06823955540312454104
143527.48145980943809263408
237496.77349623426562175155
262818.39017876877915114164
184590.58553742247750051320
129773.92418446694500744343
97169.29730645881500095129
94245.59017876876168884337
58996.84061615225800778717
622021.24410479480866342783
567280.46186709532048553228
232700.80280009441776201129
131346.72037285001715645194
157061.91266304597957059741
395713.72150714654708281159
278687.57479611673625186086
429357.06762669637100771070
327532.44413461862131953239
265755.19639510026900097728
333085.80814189725788310170
136497.56345914179109968245
407811.70747507381020113826
142770.86421090437215752900
416702.99734411900863051414
216157.34091255837120115757
124395.31913461865042336285
280774.20397112169302999973
346426.21349779894808307290
82684.52937100900453515351
109294.37676189206831622869
154840.96490175713552162051
124833.99421595952298957855
45499.18781971393036656082
65869.28123789461096748710
355971.39963727840222418308
236764.81874196435092017055
261980.33244803966954350471
124599.89635764746344648302
96051.65858604307868517935
83283.14060164397233165801
225371.39518749940907582641
298192.15096002968493849039
171845.48934661579551175237
351181.57062236510682851076
352245.98545058403396978974
122293.38299675157759338617
240581.83774151161196641624
141332.01831770368153229356
290832.47161977773066610098
551213.53089384385384619236
115788.02001780028513167053
159301.73042720672674477100
93693.60055216049659065902
79332.13968550450226757675
515876.34565443964675068855
124720.71498734844499267638
101990.21091990696731954813
275149.09515485476003959775
287807.15000371943460777402
301037.17886884644394740462
183792.63063979212893173099
259348.70448509047855623066
110913.11760366779344622046
91974.87074388650944456458
401916.61866366793401539326
151050.65033590767416171730
198406.80280009441776201129
290421.70430861384375020862
547001.96925400930922478437
182682.98426774545805528760
266213.10935684188734740019
183917.62702105060452595353
173859.34565443967585451901
218920.64083954470697790384
136037.93640580438659526408
365039.42511276277946308255
342957.90395569847896695137
265748.64993203891208395362
123463.49213387272902764380
50971.79561845978605560958
282428.85867285763379186392
276620.99372847832273691893
97515.14190160371072124690
151870.02533590767416171730
230953.59898411430185660720
160823.09247748315101489425
140387.10198556084651499987
155505.31102619870216585696
238364.24054951002472080290
223090.60857886480516754091
572431.90782148134894669056
105195.93783549353247508407
161655.77953496383270248771
195462.67418446694500744343
138300.93137518956791609526
115042.50830957875587046146
168183.79918446694500744343
95372.52767450251849368215
166358.40899007284315302968
466847.23089384380728006363
518819.44887381233274936676
63583.06291961886745411903
235168.57479611673625186086
628314.06140735000371932983
150120.80899007286643609405
96916.68498437033849768341
260354.55561941902851685882
200126.57888198236469179392
177806.19367962790420278907
98386.95362180800293572247
382922.55991541140247136354
44790.69943709347717231140
504380.88135111815063282847
172024.51174811713281087577
155068.69603767566150054336
200615.57483854852034710348
114429.81037194325472228229
113642.85858604307577479631
193701.41283917403779923916
395756.73934661579551175237
199150.31274154418497346342
276655.81874196435092017055
170390.58525961427949368954
166409.72852083275211043656
166249.33181745873298496008
130768.33592677125125192106
170386.24599637932260520756
450732.44841990701388567686
383333.60330840712413191795
447867.42312020831741392612
192326.33244803966954350471
128045.14642615706543438137
147880.54983665395411662757
108013.46851029763638507575
197673.06350801856024190784
294941.18319008429534733295
213219.97110507218167185783
138197.66363491746596992016
76029.59804185622488148510
227621.46349779894808307290
358589.59168813034193590283
183677.95458464973489753902
289195.33244803966954350471
379441.17979682283475995064
336543.37041049089748412371
312752.31857716513331979513
397494.94834846630692481995
250241.94413461865042336285
253207.27531233371701091528
115915.37957207490399014205
266746.67979682283475995064
266895.86851029761601239443
648061.20199700118973851204
195931.99372847835184074938
124859.16143112102872692049
28884.47586363168738898821
429147.40341006172820925713
155642.27254223212366923690
252765.69716002684435807168
380504.70461565977893769741
387877.26865222753258422017
241932.11163232527906075120
262171.43533330463105812669
207060.16977483738446608186
120599.37894813666935078800
196268.11163232527906075120
87550.09642615707707591355
126278.98600037524010986090
149865.31659870556904934347
202418.52841006172820925713
194867.71009522539679892361
170484.41896009002812206745
353478.64427007548511028290
269174.57589057745644822717
243464.67281160876154899597
287525.67894813668681308627
241038.17894813668681308627
94904.31857716513331979513
220865.86851029761601239443
235604.91093674214789643884
151764.35854590556118637323
170107.33488741869223304093
187433.58553742247750051320
220865.86851029761601239443
119660.22969098080648109317
285470.37041049089748412371
64022.57321307853271719068
147860.46159910722053609788
201186.19603767566150054336
389815.81274154415586963296
161947.62947900037397630513
172091.18934661580715328455
102816.00879233720479533076
256290.78657011501491069794
139811.69187923887511715293
135571.32958464973489753902
128151.33845200826181098819
65869.28123789461096748710
238171.20389236026676371694
127719.76438032074656803161
105238.39017876876459922642
263492.57062236510682851076
88807.31333586930122692138
124018.40000371943460777402
449605.44887381233274936676
150758.90033590767416171730
273697.09898411430185660720
235158.86932012345641851425
149642.77291398809757083654
197673.06350801856024190784
220641.60606298252241685987
186374.48185363467200659215
242521.22482733579818159342
193015.05000743886921554804
193565.66578137298347428441
125478.35245676201884634793
73705.62299818966130260378
123023.67725108009472023696
116360.94191219811909832060
63130.69524106005701469257
89705.48640580437495373189
196607.07695537037216126919
99824.96281233370245900005
181953.91093674214789643884
277537.11163232527906075120
240373.53315197251504287124
272873.10864566703094169497
218713.83920739189488813281
323260.13817381323315203190
273272.18707087024813517928
199255.05113668725243769586
112224.14852030132897198200
144485.93640580438659526408
187564.31950574251823127270
347260.15407094859983772039
290142.43533330463105812669
82220.29642615707416553050
215971.98326537222601473331
88816.81977483739319723099
283232.57062236510682851076
97689.21365023351972922683
175517.80018405348528176546
248922.47417423315346240997
127123.06546503341814968735
90007.47938392378273420036
101517.29766658059088513255
256769.26136482460424304008
188826.04757742738001979887
129888.82595524923817720264
542555.38135111820884048939
233886.27979682286968454719
154126.08783600619062781334
212653.65094126370968297124
440495.58545058406889438629
175646.73522886150749400258
87877.65094126370968297124
186727.25906992770615033805
258812.24231350232730619609
89452.21020980943285394460
113670.98427459705271758139
204848.97894813667517155409
164894.61949045781511813402
175963.49372847835184074938
239780.42983862117398530245
130768.33592677125125192106
174284.47830840715323574841
102860.87097528052981942892
245337.92020042863441631198
195563.42312020834651775658
137030.62880887932260520756
255363.73522886150749400258
218118.48343670926988124847
363869.08577890350716188550
403647.36761261534411460161
121952.68945517053361982107
137617.98934661579551175237
253694.12622278509661555290
285791.55561941902851685882
315207.29988489055540412664
229119.04801778483670204878
307350.96780691354069858789
246776.97417423315346240997
478234.18433183396700769663
294695.96159910724963992834
289959.19979611673625186086
86449.56816169683588668704
197025.60864566703094169497
229420.93920889878063462675
61146.69149837578879669309
61623.83640580437349854037
76855.48017719197378028184
215924.36544692190364003181
433076.55651869601570069790
204918.15546837105648592114
257988.85230782988946884871
83459.38777605115319602191
133211.83845200826181098819
186920.07073761531501077116
188130.70587087178137153387
130418.07589057744189631194
352888.40395569847896695137
259056.13715433026663959026
130203.37636009047855623066
186920.08488741869223304093
169226.75906992770615033805
308471.73859437485225498676
96741.54983665395411662757
246513.49476445437176153064
244355.95212862204061821103
281469.17741505615413188934
785466.15418813028372824192
127816.19662437237275298685
209230.07500185971730388701
168689.97482733579818159342
391258.80651869601570069790
117165.59091255837120115757
129139.35011648987710941583
96282.25293702927592676133
137226.33181745873298496008
254854.88469031621934846044
266645.10230782988946884871
52258.12915478938521118835
167059.00572531769284978509
194443.48185363467200659215
189507.75640497801941819489
127100.47729232486744876951
193472.89533316119923256338
155663.36554047901881858706
321796.66073274752125144005
342893.09091255837120115757
104741.11093674215953797102
163091.84565443967585451901
290151.44036265881732106209
274180.27556119405198842287
180161.48343670926988124847
359866.35669580241665244102
102761.85011648987710941583
175382.29253026598598808050
126884.03920420512440614402
94035.38703951665956992656
190327.95906992771779187024
252250.59187341853976249695
301238.59614366991445422173
284921.01977483741939067841
175260.74054951002472080290
252250.59187341853976249695
156240.97417287802090868354
454385.26544692192692309618
250951.98522886150749400258
291470.66878391738282516599
90859.69187923888966906816
89506.36340453446609899402
130418.07589057744189631194
275984.01034899579826742411
241090.19754423771519213915
120424.72729232486744876951
403000.44887381233274936676
220857.22830840715323574841
434839.42312020831741392612
167199.48343670926988124847
162526.13823290180880576372
318197.76858859829371795058
225120.59898411430185660720
160507.63823290180880576372
185643.57321307854726910591
249443.19719152073957957327
236388.53660653927363455296
495010.30085917201358824968
36864.27938392377109266818
177457.37622278509661555290
345120.18433183396700769663
617528.99920418427791446447
96282.25293702927592676133
185917.29988489052630029619
208075.60857886480516754091
86012.25587405856640543789
194105.86051237344508990645
229429.99231350232730619609
89208.89060164397233165801
99824.96281233370245900005
166954.57894813665188848972
288065.55260795296635478735
168384.91073274752125144005
328805.71195290214382112026
140126.15415478940121829510
360516.73089384380728006363
250235.88198290183208882809
183711.15906992770032957196
100934.04983665395411662757
229303.23042720672674477100
101844.82595524922362528741
183829.34650714654708281159
178716.52767450251849368215
147573.21274151161196641624
257538.04801778483670204878
106475.91221531567862257361
185153.99231350232730619609
412067.02308139420347288251
107719.11484549040324054658
124586.90149503016436938196
266079.53901078569469973445
162557.60899007285479456186
98278.96490175713552162051
117165.59091255837120115757
298738.75225292029790580273
134754.07426015066448599100
113569.73213170008966699243
257624.67741505615413188934
63165.36364616243372438475
127204.33774151161196641624
78493.50879233720479533076
166315.57085479699890129268
105108.60055216049659065902
126010.29262980713974684477
163351.58949388650944456458
190759.51168123452225700021
254221.41977483738446608186
222874.32695537037216126919
197692.32097320628236047924
288274.27556119405198842287
58182.19524106005701469257
173339.65094126370968297124
109440.47746998310321941972
143748.31977483740774914622
138161.96159910722053609788
262711.48545058403396978974
151895.86851029761601239443
157936.84314141015056520700
218074.16799197951331734657
164894.61949045781511813402
111972.98145980943809263408
197890.63306090398691594601
155505.31102619870216585696
173392.83870752807706594467
161388.43824776663677766919
321961.51498734846245497465
178716.52767450251849368215
330903.30798095330828800797
149865.31659870556904934347
112144.54698356686276383698
264135.69716002687346190214
129495.48914268703083507717
103767.18257660615199711174
216970.24231350232730619609
299300.09091255837120115757
93023.14326540341426152736
57382.84061615225800778717
111042.06857716513331979513
96363.20449503642157651484
445719.29988489055540412664
74432.81989704151055775583
128525.14803303868393413723
252814.72420995350694283843
203860.49676434317370876670
177611.34650714654708281159
181851.60199997131712734699
283232.57062236510682851076
516848.88135111815063282847
155154.15700082582770846784
357743.11163232527906075120
213748.84141060258843936026
376916.79528623551595956087
92929.44149837578879669309
329421.75616055313730612397
115168.79766658059088513255
306751.34487403044477105141
146875.99017876875586807728
134310.35217289868160150945
173844.50988741870969533920
152391.42536582588218152523
118040.02278850386210251600
205405.60899007285479456186
82678.31518696800048928708
142797.76697236861218698323
137707.17741505615413188934
110052.19754423771519213915
77245.02115304727340117097
350870.93531889416044577956
133923.29918446694500744343
153766.13536995463073253632
265928.47161977773066610098
225594.57695537037216126919
150364.82978220528457313776
510126.74376073182793334126
159823.88306090398691594601
134156.63063979212893173099
241459.59247748312191106379
159076.01168123452225700021
110235.98934661579551175237
145476.39017053577117621899
158589.10606298252241685987
135411.37636009047855623066
181732.10199997131712734699
272858.34487403044477105141
274858.83592677128035575151
96481.25997309433296322823
76789.98386674170615151525
115753.38469031620479654521
205147.73097645107191056013
138197.66363491746596992016
117212.47746998310321941972
115614.61457122795400209725
242700.98522886150749400258
266028.61990344832884147763
175855.28391290092258714139
147046.60624732144060544670
222195.75640497801941819489
214085.72065443964675068855
379617.71251073182793334126
183239.60857886480516754091
126690.43533330463105812669
100095.42979844100773334503
95705.73265811757300980389
355840.86554047901881858706
87776.75450267284759320319
104460.32887648568430449814
331817.49230351427104324102
127123.06546503341814968735
198697.57479611673625186086
230027.31857716513331979513
175006.38674811713281087577
132037.37163270171731710434
156313.80099278042325749993
142177.96290540823247283697
122345.36438032075238879770
272003.32978220528457313776
84194.79262980713974684477
270715.44413461862131953239
295424.75229342334205284715
87268.74663270170276518911
212951.35597645107191056013
324677.10330840712413191795
89581.39887418695434462279
60483.47938392377545824274
222305.27556119405198842287
198317.84515485476003959775
166947.50988741870969533920
260291.43707087024813517928
264578.22420995350694283843
144824.60217289865249767900
85698.94926015066448599100
773139.76120375795289874077
284377.18025618675164878368
162612.10763069469248875976
119979.68579009534732904285
139632.61521360336337238550
140786.78386674172361381352
151728.96290540823247283697
201656.93388549383962526917
163598.51220217975787818432
111042.06857716513331979513
80240.42663976100448053330
85519.07321307853271719068
567466.58949388645123690367
35691.43969196188845671713
192707.82097320628236047924
212525.15700082579860463738
238972.68025618672254495323
123931.83282148141006473452
268871.82978220528457313776
263845.59425400930922478437
215971.98326537222601473331
170517.03901078569469973445
316743.26858859829371795058
143457.56970505151548422873
180745.07963516723248176277
135673.01831770368153229356
120933.57483854852034710348
227175.00192104440066032112
71666.41922600413090549409
268689.55561941902851685882
172810.04757742738001979887
265607.04255154321435838938
208224.49231350232730619609
143062.90891290092258714139
103160.07426015066448599100
147312.09330642767599783838
99195.73265811757300980389
330914.96141360991168767214
68001.24421595952298957855
61377.86364616243372438475
155088.08990175713552162051
173363.11484549040324054658
224508.50132531282724812627
520093.68433183396700769663
378356.93533330463105812669
273959.07695537037216126919
223375.00807726924540475011
111566.95828169569722376764
107890.34190160370781086385
159273.82809778768569231033
94253.60450216021854430437
226270.24150521517731249332
131944.09391774676623754203
238364.24054951002472080290
288996.66799197951331734657
44440.29561845978605560958
283546.52533952426165342331
295431.13016446557594463229
58197.52115304726612521335
352652.43474522890755906701
210635.84553551307180896401
180611.11498734843917191029
288292.57961565977893769741
102308.26697236861218698323
441286.34141060261754319072
369350.30798095330828800797
61623.83640580437349854037
110339.54983665395411662757
246887.91772529203444719315
504129.21393521234858781099
207866.38469031621934846044
303705.68319008429534733295
173116.52001780027057975531
75536.35245676201884634793
108859.01216351699258666486
288628.83293542545288801193
179394.33036637376062572002
228334.23097645107191056013
132187.70397112169302999973
224541.60587556546670384705
370621.59614366991445422173
180219.31274154418497346342
301037.17886884644394740462
264135.69716002687346190214
155646.41283917403779923916
274167.88386674172943457961
243398.69979611673625186086
141167.75293702929047867656
127564.74421595952298957855
189406.55991541143157519400
248967.43474522890755906701
278350.35217289871070533991
163204.29966341826366260648
225403.39518749940907582641
234867.04281337832799181342
279248.56102619867306202650
93023.14326540341426152736
370763.24856585287488996983
130735.19677003548713400960
134091.44926015066448599100
91341.49213387272902764380
108087.11521360336337238550
269363.33592677128035575151
252876.08214205235708504915
242700.98522886150749400258
61551.21362554004736011848
417310.86232733580982312560
237992.40927928197197616100
195119.90290085723972879350
123575.20449503642157651484
244537.53315197251504287124
246263.18319008429534733295
192696.45761625978047959507
121894.47661839082138612866
204503.47514811946894042194
157421.47661839082138612866
169730.60217289868160150945
308275.90064296277705579996
212489.72065443964675068855
146956.84187341853976249695
118785.88801175430126022547
217869.06564771782723255455
218091.72482733579818159342
35691.43969196188845671713
169736.60217289868160150945
82220.29642615707416553050
210475.38703951667412184179
193446.99663270171731710434
76789.98386674170615151525
133456.19834846633602865040
93721.26753526285756379366
161938.57085479699890129268
303366.07695537037216126919
180458.45212862204061821103
436355.21393521234858781099
190460.44642615708289667964
180351.18939631586545147002
198580.88823290180880576372
222278.84487403044477105141
191920.47407661602483130991
224818.91093674214789643884
394453.81102619867306202650
166021.06274154418497346342
240274.40064296280615963042
72162.52311937078775372356
72986.54623874157550744712
220872.60230782988946884871
290633.08545058406889438629
127100.47729232486744876951
156448.99231350232730619609
210958.16445008292794227600
202869.62622278509661555290
526269.74376073176972568035
356159.16363491746596992016
355423.30798095330828800797
109654.93137518955336418003
147660.87115175713552162051
253807.10967724231886677444
128812.33870752807706594467
197874.36075357327354140580
115608.02001780028513167053
439823.38135111815063282847
156607.34187341853976249695
152859.40242023993050679564
173790.49676434317370876670
228839.70430861384375020862
133727.49831635085865855217
92271.98640580437495373189
163994.00064296281198039651
96343.74421595952298957855
179448.27272964920848608017
253571.27531233371701091528
164414.34326540341135114431
227740.18958869925700128078
199473.90242023993050679564
66605.91922600413090549409
204592.57589057745644822717
153766.13536995463073253632
261544.68958869925700128078
146840.08488741869223304093
70709.71362554005463607609
126312.70397112169302999973
202964.55798095330828800797
136076.78546195535454899073
174950.38801175428670831025
152857.98511448822682723403
264614.29272529203444719315
170517.03901078569469973445
339217.20389236026676371694
360983.42312020831741392612
117844.80415478939539752901
235043.15546837105648592114
102727.08949388650944456458
96281.58386674171197228134
170554.29339974565664306283
184061.84565443967585451901
131919.06970505151548422873
133410.67701566248433664441
256129.63016446557594463229
177329.79983665395411662757
504129.21393521234858781099
131346.72037285001715645194
145476.39017053577117621899
254886.28545058405143208802
113458.89635764746344648302
224186.88198290183208882809
155642.27254223212366923690
181953.91093674214789643884
179607.31333586928667500615
322095.53898153570480644703
311940.84141060261754319072
203236.04281337832799181342
61623.83640580437349854037
61146.69149837578879669309
65760.52311937078775372356
198710.39017876877915114164
214591.41753026598598808050
232706.67676803248468786478
273272.18707087024813517928
28884.47586363168738898821
94417.91555837479245383292
140611.38703951667412184179
326486.80798095330828800797
131939.37636009047855623066
105450.33737196795118506998
173363.11484549040324054658
245337.92020042863441631198
92727.02602350858796853572
144731.20671550492988899350
335276.59614366991445422173
183239.60857886480516754091
268242.61031529540196061134
211264.41977483738446608186
230233.47161977773066610098
136076.78546195535454899073
98278.96490175713552162051
299423.49230351427104324102
174211.79949205715092830360
175691.41772529203444719315
307350.96780691354069858789
157398.97514811946894042194
182838.39518749940907582641
239177.05561941902851685882
294983.20389236026676371694
439823.38135111815063282847
219667.76721882715355604887
127132.82978220527002122253
368303.11866366793401539326
210174.20430861384375020862
113230.81977483739319723099
134981.48914268703083507717
73297.51266795383708085865
166642.16772529203444719315
126173.82595524923817720264
190078.57500185971730388701
208712.84314141015056520700
185378.30099278042325749993
235084.14852030132897198200
228035.27531233371701091528
74432.81989704151055775583
183559.64330171453184448183
75766.82097320628236047924
195510.28545058405143208802
105495.88777605115319602191
137707.17741505615413188934
166725.39367962788674049079
88222.50879233720479533076
122404.81970505151548422873
273511.16363491746596992016
133829.04281337832799181342
107323.66200012507033534348
157936.84314141015056520700
103291.01266795383708085865
115188.27291398811212275177
149790.52432703398517332971
112651.16401078569469973445
303085.76544692192692309618
130910.10445625007560010999
212101.93824776663677766919
191926.35217289868160150945
206382.19841990698478184640
300962.85967696399893611670
362761.68433183396700769663
261980.33244803966954350471
134156.63063979212893173099
80831.76438032074656803161
165228.79949205715092830360
123008.40891290092258714139
127100.47729232486744876951
160817.62947900037397630513
101100.83737196795118506998
266868.93533330463105812669
227832.93707087024813517928
223429.77953496383270248771
76855.48017719197378028184
251671.85967696399893611670
142296.71091990696731954813
298510.90395569847896695137
95362.08525961427949368954
174407.07979682285804301500
94417.91555837479245383292
252286.43533330463105812669
160276.50988741870969533920
106038.41401078569469973445
73297.51266795383708085865
170692.86075357327354140580
83299.06546503341814968735
130504.99831635085865855217
168552.25272018095711246133
107323.66200012507033534348
183409.91753026598598808050
39229.72511648987710941583
363306.09091255837120115757
178758.38386674172943457961
222647.96349779894808307290
444108.18433183396700769663
222245.69036265884642489254
100095.42979844100773334503
45499.18781971393036656082
262947.33293542545288801193
274978.11163232527906075120
153931.64083954470697790384
150344.04757742738001979887
252286.43533330463105812669
252608.17282721982337534428
274589.21349779894808307290
174950.38801175428670831025
177643.71009522539679892361
71740.94149837578879669309
158309.77894813666353002191
243064.00192104440066032112
206690.35597645107191056013
172702.50132531282724812627
166617.42979844100773334503
150009.98185363467200659215
125910.83488741869223304093
238364.24054951002472080290
200509.53315197251504287124
299300.09091255837120115757
75766.82097320628236047924
164975.62917739851400256157
394351.38665458880132064223
357679.23089384380728006363
299909.29988489055540412664
136080.26851029763929545879
128568.57190334642655216157
103237.17183981394919101149
273959.07695537037216126919
133491.94642615708289667964
73705.62299818966130260378
198831.33181745873298496008
82481.01831770368153229356
149760.90149503014981746674
128957.93640580438659526408
44790.69943709347717231140
148178.59614366994355805218
82220.29642615707416553050
142770.86421090437215752900
109621.42116933951911050826
215820.72420995350694283843
117308.45858604306704364717
39229.72511648987710941583
144593.60857886480516754091
242564.04255154321435838938
169736.60217289868160150945
301238.59614366991445422173
179040.57963516723248176277
218432.83036637376062572002
104460.32887648568430449814
135547.72852083275211043656
248967.43474522890755906701
178480.05135698287631385028
162591.33181745873298496008
42118.67938392377254785970
117434.75869915922521613538
143699.34187341853976249695
197005.05113668725243769586
369603.46141360991168767214
330914.96141360991168767214
251656.97312741633504629135
228239.22045772301498800516
120800.03920420512440614402
39229.72511648987710941583
340782.68433183396700769663
205942.19754423771519213915
356023.09545772301498800516
254164.62237605173140764236
102141.93958065478364005685
211124.04801778483670204878
187333.89495204071863554418
194902.95761625978047959507
110297.04983665395411662757
92271.98640580437495373189
192423.56749367422889918089
209393.05113668725243769586
162651.02001780027057975531
197320.35217289868160150945
