1600
926 32
410 587
1051 1150
617 1248
1143 760
163 1372
1303 1369
1523 1017
943 1504
365 1474
1164 1147
1579 1240
424 1371
1139 1393
1544 487
304 1424
297 873
468 1284
257 849
416 14
1571 1196
166 478
573 54
305 438
305 155
363 591
687 1092
688 196
303 1434
871 634
77 13
659 1186
1377 341
1514 361
649 1273
257 1132
1169 755
244 1464
660 1491
446 1328
105 1136
684 964
125 1256
378 168
189 783
1239 1055
1096 671
456 212
448 402
1568 1161
1417 1103
148 1463
825 1006
327 1009
1253 300
1140 653
440 369
390 132
910 237
829 246
114 686
654 765
664 259
568 984
53 335
1456 1092
199 1151
704 134
1086 605
1370 325
297 38
975 898
140 640
1319 1120
146 1326
713 1109
1095 260
1085 389
275 203
125 1046
1212 244
386 1353
572 152
926 1220
1045 206
933 1363
1459 952
372 24
142 950
221 401
272 267
1079 329
1502 1116
193 1050
1519 1192
752 250
491 1110
382 1225
1082 921
920 1597
1158 378
728 108
549 1358
513 254
553 56
798 1080
882 327
665 1086
1372 1126
1264 609
727 668
835 375
869 1337
1039 1428
618 1535
1560 856
1274 900
71 1251
1077 392
1534 1384
759 830
635 934
1040 344
214 1108
428 281
849 715
1325 811
1074 453
681 680
775 191
1070 601
563 227
299 1248
159 524
931 368
1394 1443
658 123
1089 561
1528 642
1380 584
1044 1484
214 1510
1223 1471
53 961
1332 845
379 870
1127 430
928 1446
233 340
1355 978
1506 728
905 489
953 782
450 276
467 1246
1166 1348
1233 706
1470 703
80 909
948 290
673 476
680 101
1287 47
1008 737
1011 1269
1326 453
1324 520
1525 1172
574 861
1165 28
1485 838
157 796
890 1206
793 876
339 284
617 412
431 773
811 892
1044 785
408 1345
1259 875
1158 67
10 377
1476 1266
693 1260
955 1025
740 504
564 1159
1493 1020
1224 160
599 630
922 402
660 1034
772 1542
724 580
1117 1573
1468 948
1420 259
1100 1042
266 51
605 812
1168 622
508 888
871 1223
802 202
563 67
697 1524
1388 1497
644 1591
1492 828
936 762
1276 181
169 1493
43 1204
1015 150
350 371
705 1565
501 741
146 566
208 221
599 6
825 417
989 1311
606 377
460 691
1470 325
247 1280
1146 51
636 383
558 1410
1289 494
364 1277
696 1225
395 1276
959 1347
89 821
1470 1302
708 1537
1096 575
832 1242
1407 747
490 151
313 422
18 1418
552 388
378 446
446 1243
350 765
704 117
1339 506
945 1188
1396 994
839 977
1221 908
73 680
976 1476
1235 654
1 378
1071 1411
1197 336
903 590
1117 683
749 1271
315 1587
282 622
1228 428
1433 313
887 820
112 1308
1499 894
219 1069
954 229
813 465
720 1104
1380 399
1296 1462
354 670
597 1450
1437 242
466 1222
1275 1201
973 141
1176 1593
1529 102
1112 1268
1108 208
522 429
774 632
528 1044
758 1365
1098 1022
1288 144
1042 404
1519 698
350 1265
1580 687
1384 775
1025 504
1240 1479
429 761
1044 197
1380 1096
609 733
197 111
675 606
1050 766
1595 1414
969 387
296 735
1436 1568
419 213
1065 799
1553 848
461 1153
1523 352
128 58
1032 747
797 324
214 579
1513 903
197 856
722 1016
474 582
24 1356
1527 1072
669 738
413 914
15 655
68 935
1258 1475
799 276
1074 1412
634 546
162 771
1034 686
909 1076
1014 1415
795 874
110 1283
757 1592
1317 936
1346 296
1436 234
1600 40
1069 78
1113 1406
1408 751
34 617
625 308
847 1416
1051 511
619 360
761 588
304 592
75 1483
271 758
1492 805
1170 1535
535 731
189 581
343 1438
731 778
1373 792
992 1278
1400 412
233 1426
748 837
966 1172
364 790
1600 1483
1137 1007
652 9
565 1566
1253 435
546 342
1182 659
940 102
504 783
396 1153
769 487
864 1511
1324 393
902 68
1419 1269
895 79
1564 598
779 457
1145 654
1142 1274
407 1301
498 834
391 1556
552 591
1162 13
1054 1130
1004 191
842 1528
1090 650
1343 96
115 1594
995 1503
658 811
1095 350
1087 1438
414 1036
1441 713
127 1141
1151 164
193 18
993 1561
839 770
384 1554
795 1335
1108 253
781 389
1234 4
1371 864
984 1046
1367 603
1401 629
1351 1048
1352 149
351 1187
337 1528
1346 1217
749 346
1308 217
1518 394
1316 222
525 1313
1024 1445
941 1033
1405 1251
1451 1056
916 654
1043 503
29 1330
265 105
514 1469
148 28
129 1299
853 600
1535 793
1257 128
1029 43
344 25
1421 1123
1073 1212
1391 334
398 560
915 786
1452 98
927 899
1000 492
200 355
1569 1327
628 711
1430 1504
1094 122
500 1594
1135 1558
374 1506
1338 185
1326 806
1292 41
607 1295
1005 366
198 1086
919 436
889 102
1359 1402
1543 1547
559 855
447 423
1423 1002
1416 869
19 1294
1141 548
1035 287
390 149
984 439
495 1354
126 854
1174 510
626 370
210 1282
1574 488
817 736
69 941
165 243
932 133
6 699
421 1201
617 363
1090 853
1380 1586
296 58
1143 465
127 843
701 1382
889 1425
1455 1552
953 925
773 1180
290 1432
992 1452
1099 613
581 939
1494 1013
687 1210
279 939
309 222
425 572
813 708
879 679
306 477
152 974
233 886
1104 730
26 1043
1477 1480
123 659
993 496
403 1465
777 199
1125 210
1312 893
803 1214
379 1504
1290 778
1084 615
1549 164
519 371
780 794
671 443
237 578
1068 1062
803 354
883 867
1191 1354
54 57
1208 1022
803 1199
1341 545
1178 949
589 907
360 808
936 107
866 82
1211 644
477 1470
282 1055
280 482
954 895
201 250
663 16
1244 473
698 1303
1314 1389
678 1562
888 309
824 567
1066 76
1457 1470
1396 1502
721 910
747 463
1404 677
1013 1057
22 405
557 750
265 1119
544 790
490 1114
356 433
1367 1180
1171 878
1009 1214
631 89
792 158
1000 217
1357 1575
140 1078
376 1355
256 440
937 74
758 1433
472 948
1170 752
710 695
646 1180
911 1215
108 358
246 1186
552 816
1106 1114
1060 572
344 1329
148 1449
988 1126
362 751
442 464
1332 468
130 744
1422 135
622 1427
913 1207
1059 441
177 900
361 700
1179 20
875 235
33 311
525 98
1244 849
47 317
537 1121
294 931
1087 64
1132 1000
1350 1585
600 1178
321 826
1572 1518
1410 1140
739 1371
161 514
1251 90
269 63
694 1009
1133 105
642 867
1192 965
796 1028
1416 187
999 1406
341 1469
950 1508
997 423
1472 1533
998 570
764 115
122 1575
965 1439
1289 1154
135 79
445 1115
430 1317
456 618
753 624
1026 1506
1352 718
1211 1366
862 884
1210 485
915 1431
483 1501
1084 623
922 1397
1496 733
1594 258
1224 948
1517 497
1592 934
1162 230
1578 1167
987 216
1203 1108
472 352
143 1597
1454 1424
554 1012
1427 92
809 85
1559 1583
46 25
413 270
16 714
484 367
1579 197
1037 533
1038 113
1490 1398
656 264
1340 1067
980 366
1488 1129
1536 220
498 506
484 1160
1518 459
401 368
1037 310
156 689
887 1068
281 847
1092 114
1371 46
1387 1361
783 754
269 823
1575 703
118 184
290 1521
982 1530
884 824
1534 556
776 1010
1024 83
271 39
902 1067
1386 1590
891 267
454 204
601 275
707 1056
562 1600
877 1094
1210 871
353 917
664 518
1539 791
992 604
1459 523
652 287
956 322
423 1435
422 180
1585 215
646 1499
249 833
645 23
1226 613
493 188
860 1481
1094 843
669 420
834 1145
881 359
1019 1570
1382 331
182 337
240 1334
797 1335
211 411
94 835
213 1487
456 448
1383 1219
90 941
747 209
38 626
445 1411
1236 1201
517 66
1297 1142
1514 486
1296 1553
1432 540
1232 1521
283 516
109 387
796 103
512 2
1249 1246
881 1330
798 725
1569 815
1069 1034
714 261
987 746
56 1295
879 1053
1359 728
583 236
365 36
1285 989
1479 647
538 486
944 1381
641 882
820 852
1447 1329
942 569
990 848
1557 855
1232 1390
87 322
1505 182
616 677
734 807
368 946
529 1101
703 218
207 500
487 266
385 1136
229 56
35 808
596 543
1378 448
86 1555
734 1570
972 577
478 1286
1417 483
1484 317
1563 277
1053 778
497 1003
594 278
1100 1058
1563 986
11 923
953 392
232 1376
1083 152
995 1058
1555 732
1091 323
1384 351
774 1375
1291 6
278 580
1341 1307
1551 78
129 194
635 380
263 1571
996 1327
480 41
1219 384
800 84
1255 1152
1227 1149
756 475
1385 1224
701 241
269 1084
743 31
153 116
1454 650
225 578
91 205
929 1441
981 247
649 772
1090 1564
1173 588
818 551
1432 452
886 1241
81 1391
293 1410
736 612
858 257
518 1128
1346 1406
927 1365
1499 996
305 586
130 279
983 237
803 246
1537 771
624 407
957 1320
904 531
141 716
1273 977
326 491
2 827
472 1548
1522 623
1392 1494
1005 38
376 388
660 643
102 1316
565 107
1526 151
274 1583
534 1216
1090 291
859 142
1486 147
1587 199
451 1276
498 1182
1443 750
577 913
59 1019
868 719
881 1440
202 1292
984 672
614 968
1320 802
712 1545
65 702
831 229
1349 800
791 1129
131 1289
1400 988
1518 940
667 684
124 182
753 57
789 1121
1487 939
567 918
1193 596
1194 419
172 373
279 320
812 305
1559 3
312 857
1350 1348
1320 515
513 975
545 1198
181 142
145 555
861 409
23 1346
575 536
391 138
1310 856
1032 134
75 1099
1477 794
1021 284
1375 1045
14 1252
1206 1002
1588 506
488 542
1389 1256
184 1059
466 1565
139 1163
92 879
1362 804
840 157
1490 178
23 998
755 1183
1168 1507
1332 1065
406 3
1479 248
1201 1344
923 339
831 1576
1412 140
1578 1042
1236 1290
5 520
685 590
1584 1446
176 965
397 457
841 1412
434 612
1584 1342
691 238
489 526
359 357
288 163
1096 929
198 329
912 170
840 195
1568 232
1353 1068
1307 91
788 1288
1562 690
1413 1152
986 1039
286 417
445 214
217 688
342 1245
742 637
1505 531
1368 644
247 120
387 380
4 1169
1466 740
820 93
306 610
810 734
1465 732
821 146
179 806
818 1133
187 1490
1006 327
24 1473
344 1041
928 1008
702 1052
612 1473
651 560
52 1448
1027 661
1500 349
620 962
1041 1138
330 1105
232 418
1587 300
1450 787
319 784
1134 1258
1538 576
577 808
1388 1483
400 788
653 930
530 42
1249 611
872 1220
173 933
1063 1082
208 1311
768 582
991 1555
1392 897
446 311
1468 1076
981 213
1312 1365
769 1184
1509 389
120 461
686 956
557 875
1322 1542
1393 621
1030 119
342 258
880 324
1259 161
1489 364
610 592
116 720
751 905
390 846
1298 1230
583 224
706 683
1152 1328
45 85
1445 1385
1467 1097
1515 316
760 349
1455 1453
1033 1539
1113 920
819 763
611 986
869 1054
220 1304
1385 1246
1361 614
164 383
400 1330
1334 1079
1259 1081
1027 718
648 1194
801 223
1318 72
293 801
1237 1206
312 264
167 17
1099 1107
1481 100
1497 303
306 1537
507 1116
776 1496
964 60
943 255
1078 273
1556 164
984 1198
1247 468
81 1102
712 39
97 338
136 124
445 1088
1021 959
73 1340
505 126
319 1345
951 726
285 738
710 722
455 825
1255 745
1261 651
1566 1272
1482 578
523 915
1385 1293
682 606
961 931
867 668
307 789
1574 1154
835 1436
1402 457
1070 639
1305 1137
1306 325
1074 469
1577 1279
251 343
405 1475
954 1342
1490 32
99 254
743 1582
842 172
222 271
159 571
1277 597
511 1568
1163 1460
1122 307
1388 243
1397 272
836 1018
549 569
816 984
886 211
720 1550
1017 479
697 760
1595 656
1498 1149
397 924
175 476
849 1531
452 501
33 1297
1196 541
1229 1187
1002 88
299 82
1176 509
938 1444
564 1035
1557 242
145 47
307 604
527 934
1215 458
638 1083
605 252
1329 346
950 1333
1007 705
186 112
1117 906
805 1544
1453 139
629 1164
692 736
379 561
695 821
27 1409
702 119
257 66
1486 1418
792 1315
883 284
470 1082
364 347
1402 382
325 150
1039 1566
86 1348
77 126
1411 1485
1164 174
413 1301
1054 369
11 878
1038 1131
1546 1258
1323 1154
556 1265
1185 940
1415 620
1103 935
104 1093
166 918
319 493
12 427
1116 14
1368 361
550 1408
1177 533
1291 745
435 803
209 513
1052 277
90 976
1023 337
1100 885
1018 1532
627 1420
819 809
526 671
333 687
1282 967
447 1061
1124 868
132 723
919 384
328 156
1347 819
1058 551
426 1195
489 1079
481 1181
960 1395
1036 1231
1262 426
1252 893
432 815
817 863
212 1029
252 1584
932 667
1120 524
656 108
426 1402
978 1111
1579 7
154 1552
966 657
1558 718
730 564
1478 949
1474 1176
110 75
763 1409
190 1003
32 70
534 481
17 1418
249 1590
970 657
473 905
169 412
573 464
21 307
462 604
342 226
893 1481
1520 69
858 336
294 1011
427 1152
159 426
1097 1596
814 1384
991 261
1118 256
938 920
1262 1489
539 593
1407 547
1123 541
762 171
851 242
484 190
332 510
343 1404
1203 767
235 1446
608 1184
439 783
560 37
737 1155
471 1063
207 180
97 1200
1399 1530
1076 314
339 118
1373 87
234 693
444 1359
455 241
428 356
642 157
424 1140
505 1070
1143 907
759 529
48 492
510 49
1279 1183
72 648
823 393
352 302
12 346
614 1221
552 1160
1599 516
1413 1286
1437 63
1075 1148
1204 1193
1581 329
1461 788
602 404
384 34
1547 1058
58 110
719 1216
1250 366
803 1102
474 1321
1156 912
16 955
638 245
595 1200
1157 1347
530 1128
1441 1429
706 433
1475 582
958 1059
1228 434
1229 1064
726 1349
985 231
676 1370
1442 587
452 1463
1144 1120
931 1095
1160 655
939 797
1177 669
1379 440
1082 202
539 1189
678 139
453 112
62 786
353 397
1110 251
1513 1027
1203 704
924 231
1001 418
106 66
579 585
674 800
1501 1534
1413 908
1162 666
729 648
1299 24
1043 268
844 717
1358 827
1227 289
507 47
1190 80
659 437
1489 1363
795 1395
496 674
226 410
850 990
52 866
68 137
1179 44
863 1403
979 251
757 1270
1055 996
1250 309
534 154
778 1270
532 618
503 220
500 1031
449 312
1209 292
1563 298
1047 183
994 1439
1405 81
1188 593
1159 61
379 717
1305 93
699 323
1397 951
239 1263
1510 476
1300 817
1309 327
26 1187
88 25
1164 798
963 947
1202 694
901 780
803 283
1079 1124
321 671
31 496
1313 826
1048 386
521 966
1064 1589
1014 414
915 832
1449 964
121 1362
135 1098
833 388
942 630
628 295
1422 906
183 95
1123 55
742 1596
724 990
610 822
1359 734
542 1026
107 1010
709 92
921 301
1156 1075
1250 1001
318 967
211 485
1281 1160
715 576
75 192
739 499
1338 1407
1566 443
167 1598
158 1495
1582 1135
993 662
1129 64
30 587
655 1364
1195 874
898 170
517 460
623 156
238 1256
381 1446
1003 1577
1047 104
598 1212
186 1298
1213 676
1267 930
1123 414
1218 816
1205 332
50 347
338 426
1193 482
838 1268
1429 292
231 228
829 509
711 1587
1238 340
896 83
1321 1360
432 756
1496 5
1041 1254
557 901
764 852
963 1351
454 737
502 880
331 1294
390 121
1182 1302
375 1343
274 161
991 1089
1382 1263
1597 554
360 84
1320 1081
1207 557
975 1567
837 1284
952 420
980 1516
458 298
1399 1196
633 731
337 1133
78 1381
262 842
311 758
402 1336
1545 316
100 1093
113 1597
104 1472
1174 1179
1462 1469
1056 739
688 746
521 96
1467 1581
1149 809
945 1435
1348 1261
1283 1049
785 1173
632 139
330 202
1189 804
1066 1073
142 979
1512 101
1527 384
656 1458
1373 42
72 865
287 437
970 487
1284 1298
576 1102
784 1099
971 1530
1401 110
982 377
1354 1578
619 1540
1139 1561
1322 856
753 1580
1438 425
200 1347
1440 941
308 1533
167 852
345 1019
1392 1560
479 490
666 493
427 738
415 820
1344 1211
670 1175
763 1331
690 1374
605 925
772 1321
60 937
661 721
451 679
1439 8
129 973
967 363
583 1520
1520 303
830 1528
1509 348
155 1471
558 861
1532 428
1541 1016
831 541
44 1045
307 348
10 157
1900
72 790707
454 330413
83 520618
443 302083
214 282302
1114 107427
1101 517699
140 25953
1263 196454
733 53713
613 923242
1418 126987
831 569474
1285 352472
837 812055
639 217458
689 162126
889 691997
819 559707
1549 705806
27 233772
411 883255
1346 770062
756 755506
1464 554422
1407 657277
784 549016
926 574526
1501 922411
235 211276
1413 172066
660 964757
789 467268
873 602682
869 699046
1516 894999
322 123289
514 812360
1049 676269
974 672026
1218 517833
1258 773161
80 772167
1395 514016
322 247686
1039 288032
471 253152
566 651508
980 862109
141 36049
1566 151390
373 871051
362 47830
314 973917
170 834275
622 790765
941 112171
463 288601
1430 366233
1155 681871
1376 332698
480 594768
585 727264
1219 968740
122 932106
1260 231809
28 927047
847 616374
1462 823401
133 411874
45 502914
964 214029
536 556307
1004 141308
1528 912616
115 334715
1271 138916
1236 963295
118 25162
892 892184
378 747863
673 664343
939 38950
1273 569129
1048 769123
513 344900
713 550345
203 53727
508 145005
469 612834
989 463997
306 672209
635 652310
745 794092
189 957235
124 539991
1566 50118
1100 322691
77 466275
379 998590
869 70610
685 802224
928 296891
628 100130
444 465391
114 933466
1441 896276
59 654792
373 108428
1520 591992
503 527813
1295 540177
716 291502
423 655758
1433 801790
136 318937
834 181270
1337 217966
1506 581718
1505 339141
1444 314653
1408 998494
311 993286
1250 232671
2 360519
1535 307528
794 227345
215 920846
436 925507
1133 344236
225 539455
411 786412
78 963242
1034 141939
1564 726264
1003 778315
1180 795874
140 982429
673 315130
1226 82791
24 297509
1402 805320
716 172241
356 835054
1520 840989
833 413437
952 483505
428 900494
252 518383
517 2757
1160 422360
294 542917
1534 652625
1213 277638
719 37724
1500 583608
597 130787
74 447817
231 643449
43 533993
492 688012
1561 762375
993 540380
1317 353199
1046 639002
933 568290
1090 323183
147 205042
305 819328
43 39667
320 640855
626 913402
746 406217
74 648083
113 883102
335 531619
260 584068
332 904091
1106 119525
858 293023
1245 966948
1322 232435
926 895235
1142 519156
76 595123
1120 859919
114 105021
364 927786
447 434417
1392 168822
497 821859
1518 48694
1170 4147
21 736259
178 19180
632 903347
339 183256
881 814701
385 534035
1353 553220
1428 144362
69 55150
1582 866103
713 419041
269 421530
905 956001
1442 123029
353 265747
617 150745
627 985205
1551 489686
1550 970205
399 907695
50 96656
460 205485
30 689362
1 509000
238 726447
1325 951618
183 196507
417 187771
113 707797
283 684417
465 122466
15 19103
1216 932677
172 268694
1268 902549
1137 468773
1333 445084
1472 897881
902 136241
219 786696
130 368862
452 633271
478 651611
485 821835
1195 299649
1450 458735
114 791079
631 472779
111 497930
1130 674331
995 751080
633 118404
631 24839
1099 765890
759 923900
97 285270
351 274151
770 640391
1019 293832
1066 225731
423 402672
1206 963996
102 18638
611 247056
545 21078
1009 431212
871 315929
1037 589779
471 44166
1073 692196
1124 69340
1176 872248
1409 221616
369 572932
1181 799640
654 45557
974 216366
12 748418
1183 833756
548 964214
1107 942579
214 768662
1006 218131
472 296094
1527 246540
1112 273019
1348 577038
1136 978193
516 339464
1571 651719
823 6032
1013 605753
615 620790
4 951665
1599 6189
1198 252814
713 630636
336 142313
1532 281860
1506 425132
1274 895849
804 5271
821 449839
703 208209
1381 607017
824 71358
1273 17066
467 247701
1369 545530
529 588211
783 44204
843 879310
140 355493
1383 130261
1271 632420
591 746008
1293 296485
130 138012
1306 874626
456 869209
654 114182
1368 33109
40 379341
795 383465
919 344201
188 322776
183 686966
1322 656344
1025 272772
58 97915
421 389994
600 46825
578 325831
451 922889
1540 227871
1011 2869
758 972067
1461 111421
1076 416066
1533 619744
1185 623014
120 580919
75 914955
572 670778
418 604665
1298 703218
278 941316
691 344965
680 132209
1079 964012
456 634504
809 833895
966 798371
835 755699
750 796664
804 135070
597 299366
1092 980987
1088 277718
1040 173675
547 727358
932 358648
412 956906
789 808584
41 655262
480 800074
620 628263
202 742558
1500 84688
701 181652
388 232523
1138 614859
1072 616920
826 694400
402 342543
1383 595095
1481 566224
1053 941093
1302 458305
1463 681780
362 554604
1051 81196
1576 28852
131 629000
582 202695
1593 994869
995 135948
1234 731058
1445 301889
1175 241113
906 621992
1434 324172
897 296909
1365 321718
1494 346372
148 792842
938 677248
1471 260020
641 253927
510 21575
883 277857
1443 324385
132 219734
1330 723712
123 455099
1351 935020
174 689347
425 165529
284 703003
1343 753019
1411 589962
409 193009
1451 448247
505 511752
1248 312027
343 681470
168 48002
1171 368706
551 971063
153 590085
543 714346
1045 381742
90 928584
1301 432321
999 450159
977 943678
1473 576631
1398 740097
831 562110
1059 240326
1079 228066
1079 287858
1149 88376
1440 671283
1016 348768
979 435829
827 518181
1269 238750
1011 959849
16 498553
1390 517266
904 858738
1267 468110
1305 360172
624 480656
426 387614
274 858606
1580 723808
348 756485
213 316
50 325228
476 417463
643 902780
31 866678
294 446066
1349 674637
1328 234767
884 668541
262 179362
1058 523200
1055 619607
998 298634
1230 330565
1573 989060
1316 51719
1264 470968
132 827099
1509 266620
465 564687
969 782600
1471 948272
571 877803
327 764089
1196 153489
728 227892
1174 303001
1382 355963
1339 434900
182 666150
1587 374206
637 975967
1370 376320
760 582123
109 102225
1123 146782
1228 139694
125 419997
784 263546
958 846144
829 743997
64 648082
1552 870197
584 19207
255 655670
1366 532798
504 294548
1169 294388
1480 784057
230 115410
231 56743
590 906794
1448 542878
1086 700618
66 483091
1219 157698
1531 222600
98 496253
510 827837
35 587255
13 701813
978 930963
164 197547
374 277121
42 885659
295 237728
476 544620
1481 588076
683 82182
1074 122006
1353 215775
836 317734
583 125762
1282 333835
163 896554
1337 642049
1265 825794
249 737938
178 523059
403 935808
534 394805
531 85503
738 866752
1059 434341
1320 365481
683 370009
1048 404208
552 907472
1109 532154
591 884657
348 579163
874 301885
1422 467427
1393 269722
542 932383
1310 673467
1350 781255
8 472160
1212 502190
1105 144881
732 924557
52 983394
1384 975999
1125 661476
1550 176218
96 136925
454 139326
372 134899
616 61026
419 314397
1283 487090
1313 160157
488 841554
1396 636117
1120 381207
132 23454
538 318795
1314 36360
1506 771512
108 68329
677 856583
780 618272
1019 956768
10 281145
322 624469
1521 386656
569 191334
693 466754
883 20789
865 395110
1342 165606
634 321289
799 282296
868 365522
1231 659427
786 868729
777 937340
711 578438
721 16514
1514 29478
4 745876
775 328730
825 646953
368 348229
835 346754
945 610280
842 940435
1135 880803
46 448422
1503 958631
1095 416117
303 524240
374 665022
709 527745
261 876176
81 612283
1372 452793
557 484994
636 662666
1294 563845
455 445650
489 588815
1248 604733
647 874243
216 569098
708 126810
1151 93659
1008 306769
491 46983
1488 827990
343 120400
1315 376234
435 99675
1076 95329
588 425074
1583 234417
1459 525114
717 404133
690 864865
697 277169
864 348498
953 126060
438 748148
413 225040
125 218803
84 828298
186 564948
1499 743454
281 534301
849 376876
1081 50764
1235 153195
1474 421075
1531 2868
1538 324802
1143 618607
1150 997283
824 531996
144 303035
757 222901
1510 591594
817 590233
248 454815
1123 388035
1407 657316
440 409773
1311 366536
633 469204
129 653103
1176 995376
881 360216
1529 604398
33 253626
566 877031
459 600457
1265 680588
885 190951
541 912370
412 83852
511 999096
539 471280
1322 215091
928 845863
551 83561
111 729084
843 413308
685 671627
991 124778
1399 491024
819 192791
448 393999
27 93775
1451 548399
1150 374569
468 42339
89 382860
1449 94009
310 417930
1163 888777
712 710415
1082 510131
796 225558
1039 353678
1352 137382
1221 675874
830 477964
1051 253978
752 22990
749 293404
1529 875190
1168 981376
1477 893313
927 467984
1139 696301
1507 461175
376 926250
1438 207719
293 974200
195 188269
705 345880
1113 60926
237 696708
1493 705471
754 782039
1105 845185
828 650836
1279 832079
1451 696586
222 778809
288 540423
479 414302
401 673581
867 331702
698 960737
798 187079
701 854341
1272 81927
671 546359
232 696280
1301 313991
1259 347611
903 403355
938 395619
305 579796
337 242089
1200 431039
1343 183573
143 236875
1307 461762
138 511919
1511 369459
917 960501
1277 671207
1028 474440
581 261211
482 721
1262 376323
895 804696
449 57169
480 977356
299 560353
1385 664944
1246 261301
1218 116839
669 828775
412 919128
1568 120911
1227 649597
612 781091
885 631547
1352 717314
1080 56118
324 330431
1035 746577
1018 59269
734 942931
1311 441969
383 294718
1560 341239
859 429943
34 93389
415 776173
628 663448
986 339053
1131 215378
64 515569
1143 270962
631 25853
354 127913
19 898520
1137 857933
1256 770043
645 562248
190 707153
1477 158166
1233 752085
1307 488423
563 34867
359 449634
1323 659970
1149 442749
94 740681
1061 435130
863 72858
1483 493174
1107 68627
1246 146686
1499 265661
386 617981
769 39616
1243 969239
1207 703794
325 947832
1162 274804
724 884520
330 333091
1184 111597
943 664128
267 595316
371 839532
177 293254
556 130528
1555 376566
1258 562781
1245 364718
55 321353
30 559207
843 376496
1304 111060
1410 482288
198 60091
1485 846833
1309 65171
145 249617
1160 700644
603 118525
370 767013
1003 648312
531 811342
1142 471240
541 17278
718 73313
1018 985015
1376 45983
161 805939
1010 20565
1424 632721
395 804589
511 773039
1399 221745
1419 314111
22 284256
613 525493
949 960336
1023 746802
398 8217
761 975748
366 185554
880 462727
201 100574
1262 931695
963 879390
749 301205
700 944778
1385 34208
1351 616020
662 772058
175 165356
553 679851
255 703399
394 325066
431 229901
167 608090
998 7084
745 306848
1199 694078
1333 24870
496 511609
571 169782
279 1742
453 847412
271 313520
1439 781206
53 231068
614 741649
1205 492279
316 946657
520 322155
1229 692151
607 8251
583 772557
703 579855
1400 87109
1389 525991
1089 634889
406 952860
301 283050
326 524219
1588 170921
220 503070
884 136296
107 321800
792 617962
963 404950
103 448251
242 245866
913 912732
1081 187983
502 650672
217 366490
1527 603368
1497 811813
670 826556
17 634433
332 581041
171 78065
651 515886
63 95111
439 566815
404 558814
691 750978
23 390969
151 913652
1415 779838
1299 335065
1437 676542
234 442410
355 714462
1204 477229
1430 572772
1388 366486
115 513166
369 459000
1433 721906
384 310224
1257 370790
588 330516
322 494669
1090 873636
225 788298
194 245020
931 786255
326 441950
950 402528
710 811786
467 699073
279 682340
1570 73930
936 238789
812 491708
630 402779
695 160696
709 399637
567 324453
415 322913
466 453103
206 696811
1012 6500
616 267932
666 760623
957 570870
905 776612
1591 355541
65 512353
1513 639821
946 360294
1536 598230
537 218636
605 977492
870 114516
973 127746
285 761894
1187 849359
1085 412029
781 797954
213 885823
1015 472705
1318 887735
541 692984
1287 77781
664 85751
1432 400731
972 486023
1052 722745
1484 450121
1410 391428
567 817339
6 195740
1289 567451
388 161047
1235 410001
363 804477
1325 243104
1137 543321
1126 869344
300 824990
95 377071
245 867340
392 748474
155 541811
176 356374
389 625473
225 568035
1581 821886
1068 607301
968 66810
67 272052
1262 911295
830 948724
387 488494
617 419317
1337 576122
3 458044
1420 157167
86 526045
266 72491
1154 218247
1314 195234
483 727947
505 671909
619 987630
1429 682665
532 841655
179 263049
1226 735763
958 531553
1266 621134
762 675865
854 708927
249 97778
1250 999658
78 858285
48 941330
193 402744
754 554118
747 515195
424 768486
1397 884865
949 783150
1365 548499
719 98275
595 881346
1102 728461
1376 825331
359 463132
355 11956
544 915257
397 378994
1453 488912
1217 741528
390 585406
219 184368
80 196112
1553 447738
1030 511346
1489 927314
1127 771012
1450 93767
329 752977
682 302897
349 411838
707 882867
916 633811
116 379995
274 736376
836 621417
1314 825646
1533 353150
1486 520161
263 200057
680 23269
1116 877666
450 422997
1223 261193
675 645395
818 841918
1499 321339
676 282371
1093 992676
1385 913769
817 468404
619 179286
1119 489059
1297 35568
1292 232991
869 272463
924 215121
62 835506
714 893560
582 388209
787 66938
911 443213
862 681970
766 823979
442 272191
242 37127
1210 446050
92 448216
525 822215
1188 974937
212 437848
941 131892
1468 794351
534 320980
152 306531
954 448831
751 331238
1108 785049
662 210630
646 544145
1367 345847
1422 692887
207 27189
1281 928229
1290 428814
526 955272
1192 896988
523 295334
757 391845
192 103297
41 213383
706 172264
191 903373
959 698518
375 296798
650 815519
943 46400
1244 883607
137 337232
58 860231
957 62573
1294 530436
1256 831014
986 549912
736 3369
1596 358113
1359 798617
1310 740664
1538 715670
1329 64358
295 332931
1303 913263
104 4608
833 75208
688 506352
575 871031
621 299137
46 349101
289 560363
273 45063
476 39233
1407 983001
839 364900
1205 874488
445 96238
297 101764
1356 190756
40 684108
171 982493
244 963541
905 385456
1037 387835
377 878155
1079 544817
32 698408
1427 984905
1482 944820
331 957870
223 685854
844 536312
20 108116
466 723338
540 826050
930 3095
1133 245547
407 867841
157 271399
677 4977
5 497550
860 295495
1518 919972
562 495143
288 483894
837 421183
298 970013
186 466953
1542 249689
1326 620701
1082 319863
381 614878
308 286112
1572 711579
381 661041
1467 320319
1316 255682
1366 401890
1152 344488
1502 501679
608 815379
135 351500
1548 63417
1586 98846
1014 352185
581 211601
470 829775
1426 300174
1027 339855
695 276098
792 888289
870 591635
142 985453
970 305079
136 919382
446 765764
923 667764
135 235653
1394 357588
725 503184
1323 545719
420 239597
60 299223
895 100804
1321 77817
1574 278927
615 722207
974 354075
1199 513555
648 408717
621 230036
589 197026
228 96209
357 385996
1235 872866
956 913191
99 587195
1392 421748
473 969742
227 616679
785 628791
1103 808190
1080 207511
65 912609
1452 745366
635 772991
1580 101435
22 598677
990 205641
843 726908
998 171919
1403 77531
1114 91973
1084 715873
207 247524
151 104061
344 845188
1191 900217
855 383412
85 459049
617 416244
788 432511
486 554746
594 757905
1266 262181
1336 107742
1338 90596
812 984015
127 445250
1322 55851
139 818178
348 954364
847 241963
945 145311
1447 389180
1264 439448
282 589684
340 136527
1274 593685
99 711885
610 929049
893 147976
935 374774
1436 592552
496 928079
516 337500
726 300538
228 44938
146 793277
636 952024
142 162948
197 317152
1401 557276
1046 428716
773 980327
882 989907
1484 95107
357 218860
1400 890546
210 34136
427 255808
422 780732
1238 785107
901 409103
992 485664
495 679357
268 820336
832 848191
312 68130
732 227315
1498 182722
441 426621
1065 446390
629 74105
26 830951
899 456797
1141 281137
247 855120
848 806906
1270 991338
1237 116291
9 278636
1579 228180
1412 131521
121 986022
7 646810
846 617717
558 392973
1312 770742
1127 583194
1189 51807
447 266371
108 92590
732 655387
698 556325
545 607735
780 410175
1416 697123
1330 663367
1267 328699
136 108545
507 985685
646 898318
251 376170
1218 314283
93 465830
1263 319707
672 686587
781 626502
1537 791612
954 659826
689 572143
1037 288221
650 146201
490 520436
1300 769569
772 120007
1039 862111
921 133466
906 899583
1194 493566
727 601107
158 137444
260 330880
558 209458
19 714551
618 56390
767 82957
1481 839684
493 234223
1186 808960
777 889981
528 853891
61 892232
1409 56408
586 224416
1039 509367
1371 676838
735 216776
1227 462069
874 632369
1247 750100
744 237065
440 673619
897 979610
100 587669
1118 19143
645 397337
550 449617
1404 375910
1024 378469
1066 274221
272 440778
1225 662985
290 955247
894 777187
1413 528624
1162 881450
1239 169636
731 494585
143 680097
955 111994
1462 261310
1380 320451
1496 303648
51 924277
275 325936
1344 989581
1360 795976
807 715456
720 205990
385 596333
624 160294
1008 312591
432 861147
1425 181465
878 777033
942 759813
160 104444
1005 964616
351 479755
1559 635870
547 479480
1176 240082
315 140031
1227 723181
181 789826
484 286089
1431 674081
518 905568
996 680769
1071 195282
564 39586
1044 113458
889 903757
1491 448319
755 167074
1352 859051
584 775969
705 834357
670 712513
1545 960437
450 717892
743 40505
1253 845121
849 319373
79 863093
110 21469
1536 399626
163 758576
1174 216700
231 613878
1534 672655
637 122320
1331 819311
829 191482
708 590679
711 97434
144 194962
444 135598
954 121238
636 314393
451 397683
628 614116
140 319057
343 644638
773 954765
1530 791786
17 780645
816 202503
408 395010
277 68788
779 312507
1515 924195
477 427093
481 602594
745 364262
491 85099
913 86625
1541 69309
1360 316948
778 478131
1334 181578
291 311608
1252 666015
461 470987
310 816262
453 235748
1073 134131
1438 163733
4 595404
391 720648
1366 875817
1585 466646
1567 736595
1418 781192
1031 258205
791 503770
500 126225
1015 818191
1117 501354
925 105451
41 45867
23 787086
1508 268547
1192 680023
1158 522502
702 609039
434 662691
778 919545
1268 197283
238 104395
1466 330016
557 942943
1513 243367
1041 442306
1073 715975
466 603760
1568 926532
592 299807
531 449857
1127 92412
394 162339
707 654696
1268 439745
378 520787
1026 488691
1191 753657
960 498433
1504 546183
291 893641
1139 706894
1040 221746
1363 177454
651 441641
777 902202
820 787754
1380 39096
600 728031
1249 709426
1115 242457
155 952021
732 913972
908 975705
737 296613
800 760715
910 261986
642 624495
1596 46114
258 29980
185 128839
950 962625
1433 791427
1177 5927
1032 661872
259 683588
444 943151
652 261401
268 650597
983 537912
3 295345
496 832226
73 956778
221 550280
845 587125
409 651649
1056 466862
487 433242
1002 792883
77 660714
1564 362211
555 120030
328 258708
1400 593478
81 669758
365 403375
414 893671
619 865837
1357 245671
644 441530
455 504052
1405 315339
992 528235
1144 304783
70 590137
286 766633
49 207328
587 126975
1457 62952
996 218973
1158 652195
270 794312
315 476814
1260 907298
562 626290
765 172058
1053 147128
1391 200282
784 396791
639 131853
523 655437
39 960866
1047 623828
88 884008
176 47732
1182 253404
1460 330583
68 202874
965 860525
1181 432968
1000 373269
150 464320
1591 251999
1189 748210
533 383415
1123 596161
811 734053
195 215141
1110 368571
317 510818
1505 957639
407 703622
863 116732
1590 590503
222 563216
209 214213
786 120208
1524 805581
590 377257
808 244422
1128 574016
657 624015
1423 963785
1308 501045
923 769886
28 345583
815 463866
1208 853456
1284 487928
1261 762937
319 795027
1584 867231
602 419219
876 447927
994 887047
1272 728752
1571 751303
967 294547
1373 266331
968 133944
36 166686
316 950343
1129 966040
1423 908686
1600 880571
1347 288357
1358 614497
1020 79000
224 458318
1317 621579
1354 176469
347 669148
1288 296647
302 219653
566 586263
840 354107
93 216053
56 116734
546 216295
1252 306642
548 230513
335 599946
1419 182402
348 169179
1494 359458
1592 978874
118 615181
1184 84877
1202 904598
1007 492040
442 843457
367 766695
848 398522
204 92617
29 47427
187 401225
1442 982165
342 369815
79 709459
797 197871
131 793195
722 718375
458 590765
1125 722926
1578 8458
467 99455
943 880790
362 243221
1542 148775
522 157157
921 760917
1387 890335
110 820538
971 748570
1315 609412
240 962051
1075 699372
1492 449271
229 465721
1346 425607
618 549752
810 340610
548 949136
1416 265060
126 421731
1120 221944
436 434335
47 425531
725 469641
1336 846702
430 89933
1374 340002
1141 166520
114 643631
570 100601
462 408271
134 796884
907 544149
307 155760
1458 792583
805 239498
1491 923538
806 783272
182 701925
266 327938
879 37511
428 120640
258 434247
1275 530505
389 396280
1466 720757
1405 712018
1078 970389
1595 184909
293 731868
1522 943557
458 251987
1324 208506
53 104453
674 17627
1143 335432
1335 538374
380 686128
1335 545040
1157 499870
1222 89436
661 128573
437 582507
549 577837
1002 949908
1087 674864
826 80432
1495 534021
1136 974498
765 444217
58 613132
73 404903
1291 999780
708 996894
555 915646
807 579705
849 652529
1005 527156
663 370163
967 139202
172 308390
344 44384
1526 699000
480 521195
1414 152111
1426 981485
505 338240
1054 155095
54 375016
1372 764363
122 832937
1591 447440
1420 266308
1221 474142
416 618479
633 884254
1069 978342
989 775997
1138 856666
742 556533
352 774402
1077 801793
373 628656
873 90274
1475 223940
372 261512
566 821533
997 864533
1436 88074
609 700083
1265 526791
226 155430
1166 622813
211 594012
477 819147
1550 733857
215 858737
405 339877
475 857256
752 619468
1364 598236
42 841696
1421 823825
1084 416871
875 860568
276 316901
853 565622
1198 44553
1217 178663
569 139300
1263 761498
1479 893767
382 906236
886 267172
48 549158
1392 278878
1124 756457
261 617087
1306 598038
710 325791
741 247584
535 314688
975 490165
921 405537
1186 60785
1465 166750
1250 662308
461 893831
1375 498765
649 404824
680 1018
91 191494
593 126506
1176 644638
1286 977967
1455 827174
853 725878
1214 520401
1525 508263
403 573271
543 683389
836 100544
87 415294
563 61972
1374 891626
294 842282
1308 205771
640 356257
920 665861
1570 942767
1147 797148
882 578691
1128 439120
1126 338665
1563 480010
929 469200
668 768968
938 345327
17 218386
1319 197152
452 45120
1098 105903
253 478597
486 805010
1369 593178
524 951395
184 601494
1394 325239
163 646006
1435 968780
447 48414
1279 493646
771 892896
924 901788
509 458226
696 561859
7 267390
1038 216284
948 314811
446 336083
1431 803291
851 151243
63 918637
1543 770247
411 170125
915 950836
417 461271
876 340995
1198 824976
852 299075
154 248703
1355 819848
858 136829
1556 878414
494 957582
987 342356
1143 452712
233 462764
1590 652707
579 464995
341 462312
1597 505485
1226 879344
970 151556
602 464592
