2044161.25670763966627418995
3709351.76162713952362537384
4943343.42602123692631721497
5771879.40626741573214530945
3835395.43314707512035965919
5341301.18992094602435827255
2230959.54481945186853408813
3217576.09731013607233762741
2177969.17725175572559237480
2645914.17053090315312147141
3222547.24207309447228908539
3899935.07060669176280498505
3439596.59294486138969659805
5590254.36162151955068111420
1246118.52781260898336768150
5779721.83312186691910028458
4123804.68771364446729421616
2690193.38552348874509334564
4244582.95551492925733327866
1956664.05684272665530443192
1954381.00023766933009028435
1846140.43818595726042985916
3615454.47904250212013721466
3770377.21445852192118763924
4715120.23095140606164932251
3377854.91849059285596013069
1592349.86297283042222261429
2680557.12720250245183706284
1718276.42741529271006584167
3020053.55771322362124919891
6699716.88654310069978237152
3318314.96230407524853944778
4321316.05353683978319168091
3583064.33545149769634008408
2661239.40517032751813530922
3142217.14639028627425432205
1491217.30641920538619160652
4584892.09550578892230987549
5868626.00725929811596870422
2548773.82175767794251441956
5180458.25207879394292831421
6644695.79519160464406013489
3208680.75005942396819591522
2900494.94701878679916262627
2103962.51922283042222261429
3527618.08075348101556301117
6273774.47271955199539661407
3311688.01182151446118950844
2201030.52842136332765221596
2197988.26011106232181191444
2624517.19442060496658086777
4493929.71878483146429061890
3196949.40748390741646289825
3452501.08267613966017961502
1863522.82734785648062825203
3466393.19882224872708320618
3264993.08267613966017961502
3966836.26587113365530967712
1994310.30931889615021646023
2389434.00110125122591853142
2395138.80737587762996554375
3273360.46216764859855175018
3555924.89365687081590294838
4511629.26545426994562149048
2973683.32763129658997058868
5069787.15081111434847116470
2766502.59004097338765859604
4808535.30955466814339160919
3017975.52337484154850244522
1837824.64781870413571596146
1744977.60928023792803287506
3149339.40305403340607881546
3451858.98811066709458827972
2239822.50110125122591853142
5425288.79966890532523393631
3612285.30200715176761150360
3652184.59294486138969659805
4584031.21269996929913759232
6214622.51652063615620136261
2282826.16952974302694201469
4457503.10794441401958465576
4002232.71878483146429061890
2183845.75397497275844216347
4844571.60737031977623701096
2333487.01922283042222261429
4587009.50518190022557973862
5925805.25704987533390522003
3874018.40714237000793218613
2930222.49762123497202992439
4490581.43845677562057971954
2979833.10454095760360360146
5655224.05335202161222696304
5346872.63671650364995002747
3037806.49985696375370025635
3031150.12685165693983435631
3716710.16652363073080778122
3147965.03983304137364029884
4545226.17046937718987464905
2458392.43889042735099792480
4119294.75370331387966871262
1411591.91072200029157102108
5924233.16682409308850765228
1449442.14843853516504168510
4933114.75370331387966871262
4704328.52954341750591993332
2454378.40873889019712805748
5497063.65967163443565368652
2593569.80179928103461861610
2016511.87157322047278285027
5194594.37921062298119068146
2675085.64519445970654487610
4567072.64262950699776411057
2737157.29397113434970378876
6183345.60784975159913301468
4764999.20224346872419118881
2603683.59118793904781341553
1280175.86250922922044992447
3678678.24207309447228908539
2516875.32763129658997058868
2341236.15305403340607881546
6123814.89775718376040458679
4271753.65861409157514572144
3372641.38922573346644639969
4208401.34030730649828910828
4442374.87689117342233657837
4246284.34294486138969659805
4758486.70430704578757286072
1906933.46626890008337795734
2583108.07148617412894964218
2150353.86166362185031175613
3136149.39970407681539654732
3988257.06442384980618953705
1912665.75110125122591853142
2620058.75834256270900368690
7739989.96125443279743194580
3938405.84030730649828910828
2539071.32144400058314204216
3021967.25074315676465630531
8851193.59877938777208328247
3280074.71138830250129103661
1473548.28574308706447482109
6456088.17834636755287647247
1807042.79397113434970378876
1562722.52620764635503292084
2954262.07423985050991177559
6182504.15715160500258207321
2410079.13552348874509334564
3716449.92107167188078165054
5693324.35993821732699871063
3128247.86947156675159931183
2464126.32970882486552000046
3800914.17172305705025792122
2413686.09118793904781341553
5649845.32100161164999008179
5821445.50870672985911369324
2436552.92653921758756041527
4737092.14063121192157268524
3381650.89759580232203006744
4054902.16483304137364029884
1320597.50415762537159025669
6839755.18537580780684947968
2957022.79294568905606865883
7110224.26217019371688365936
6492388.50222947075963020325
1651823.26518464693799614906
4938853.49773825146257877350
4952146.95876062288880348206
1736829.25670763989910483360
4089007.01217019371688365936
2391298.65694521367549896240
3372940.74825124163180589676
3559305.81721821520477533340
2549631.86366652045398950577
1725604.45262834080494940281
1693905.52735954802483320236
3237863.04865506803616881371
4194503.05353683978319168091
1954819.26785963075235486031
2744708.86548493802547454834
5296369.20467654243111610413
3898094.21912278607487678528
6715977.18061461299657821655
3472886.62685165693983435631
3659253.74207309447228908539
2055466.02916820487007498741
3494027.47235642001032829285
3528827.35913444776087999344
2103945.99838972277939319611
3980784.23749073315411806107
4141380.22920149797573685646
2855843.68420340772718191147
1801048.01655630161985754967
2891565.38552348874509334564
1305213.53574308706447482109
1943389.79687707056291401386
1584013.89162725373171269894
5650516.93558337911963462830
4171309.24493899382650852203
5769410.25445894151926040649
2081394.66716909967362880707
1660153.76563985599204897881
7420957.25623637996613979340
1537264.21073621534742414951
2265028.14149000449106097221
2884086.10454095760360360146
2796541.86368545377627015114
5433725.70467654243111610413
4084830.50693446956574916840
2502755.91944752074778079987
3001862.61637169122695922852
5735649.59414711873978376389
3140774.75005942396819591522
4238326.52888279967010021210
4807579.66415728814899921417
4004454.77950507774949073792
2055706.14162725373171269894
4536790.14984234794974327087
1735011.87972818338312208652
2956728.17103330232203006744
3478301.83424529619514942169
3214463.29802243225276470184
6790445.86142596416175365448
2814371.35279427189379930496
1680858.07921550353057682514
3558031.87832561042159795761
3650046.61542644770815968513
2630476.59004097338765859604
1452486.64291967661119997501
5456184.31431116349995136261
2180685.96794486138969659805
3201849.61917268671095371246
5995943.10767824575304985046
3896276.72145344596356153488
3775071.74971392750740051270
4293533.58305596373975276947
1451699.07921550353057682514
6086044.51330244168639183044
4495759.21993557456880807877
3244424.45551492925733327866
4230507.30404026061296463013
4092377.07769652549177408218
3409187.39365687081590294838
1651823.26518464693799614906
3804027.05200715176761150360
2283038.58586152829229831696
5601180.08556114509701728821
3413724.80610806634649634361
1836175.77240972593426704407
3478777.28714153030887246132
1660153.76563985599204897881
5102412.83250774256885051727
4880189.51507260277867317200
1761780.51600913982838392258
2458392.43889042735099792480
3633131.32811618875712156296
1364573.60131541709415614605
5791319.72978325467556715012
4551776.32827286608517169952
6122812.29519160464406013489
2715691.02429392933845520020
5190666.47906093299388885498
2412106.31721821520477533340
2612644.34942926466464996338
759863.30029988021124154329
2596693.76477170875295996666
2362593.19442060496658086777
3299287.71141289267688989639
2830903.08424529619514942169
5127661.28731374163180589676
2427831.16633806983008980751
7692338.68118526227772235870
3222018.71141289267688989639
1624677.43902748473919928074
5364139.92602123692631721497
1700232.21073621534742414951
2609535.23980873450636863708
3385631.65526259271427989006
3667944.04400530923157930374
3531359.05666057718917727470
1810629.50002971198409795761
4472339.86410222947597503662
3779606.78547342214733362198
2674575.99254349246621131897
5153151.30162571091204881668
3255951.35633922554552555084
3262709.16102985898032784462
3946601.85450351145118474960
5959656.26217019371688365936
2363236.82211141521111130714
3692217.35815670853480696678
3559631.74290319252759218216
2117884.46822637785226106644
3667405.35279427189379930496
4420524.07415057439357042313
3342450.54612560849636793137
2801158.36731056682765483856
2715247.04775289446115493774
3727575.15526259271427989006
4282409.21878483146429061890
4184899.88837682595476508141
2220774.86180404247716069221
1378405.03441764926537871361
3751167.20555918989703059196
4237970.78426513262093067169
8550311.72264836914837360382
5878723.52594942227005958557
5639899.00095067732036113739
3148067.12685165693983435631
5094649.93071298208087682724
4354135.05316961277276277542
7042285.44040701352059841156
833867.80029988021124154329
5296369.20467654243111610413
2043575.41952974302694201469
2688719.21279227547347545624
6336693.00725929811596870422
3476109.63005260750651359558
2200600.86637169122695922852
4633138.55605889018625020981
1972093.36166362185031175613
4297099.67046937718987464905
6463214.75704987533390522003
2638027.26162713952362537384
3061215.04116625804454088211
5879109.60841470025479793549
3096759.16625387128442525864
5593319.63284582085907459259
1347630.46326960879378020763
7145818.88851195480674505234
3349392.41874545998871326447
4723517.95551492925733327866
3894599.02842136332765221596
2239509.30424116877838969231
2065148.55397220677696168423
3029188.90748390741646289825
2192318.07659441838040947914
7066907.54184383712708950043
3005330.03983304137364029884
5030132.31747952196747064590
2365959.77739338949322700500
3030076.08801061846315860748
8215605.59627934265881776810
5765518.44109332188963890076
5138999.90813199710100889206
1666914.30931889615021646023
4484030.03646317310631275177
2532562.26011106232181191444
4598081.50023766886442899704
2808521.96386142214760184288
6337705.11427245009690523148
3379600.54531451873481273651
2795291.06883529853075742722
2401264.53583935322239995003
2719427.74254349246621131897
2081394.66716909967362880707
4612927.87934372574090957642
2798354.79233058542013168335
1269965.06756630702875554562
3254737.79233058542013168335
5683675.10927188955247402191
3542895.52470650570467114449
2999281.36708959704264998436
6284232.21548676490783691406
5312995.28033318743109703064
3343904.64639028627425432205
5534421.52434491179883480072
2856858.93753483146429061890
4237285.22046616114675998688
2855268.03596416767686605453
2904303.04775289446115493774
2812178.37142414972186088562
1496273.98815284064039587975
3270763.81721821520477533340
3351104.47381630679592490196
3796646.66652363073080778122
3551416.78714153030887246132
4080878.81434498541057109833
5431646.27012291923165321350
6939613.96869713347405195236
3668618.90981310745701193810
3459894.86631334247067570686
3352070.68502407940104603767
3679320.91740982327610254288
6681342.66045149788260459900
3405521.01477170875295996666
4363101.99891380779445171356
4093630.07647977396845817566
4969243.07428306061774492264
4967897.16690433584153652191
9435405.19327155128121376038
3382291.25074315676465630531
2899863.01610822463408112526
3586620.43314707512035965919
1558923.42130504222586750984
3041567.54181689070537686348
2050776.65305403317324817181
3569738.90501203946769237518
1495325.80641920538619160652
1834046.09918795549310743809
1956083.46908195968717336655
3276113.79802243225276470184
4484245.34422539267688989639
4948432.92184856720268726349
2443832.09881611820310354233
2016078.93818595726042985916
4566648.92602123692631721497
4374912.49934280663728713989
2381569.77802944509312510490
1836843.30139713594689965248
3572331.61542644770815968513
3688718.79707355936989188194
8399573.85767371952533721924
4136363.66600947314873337746
3726636.71623674547299742699
3557511.13671650411561131477
3104366.68081075977534055710
3587230.16102985898032784462
4383064.30212268978357315063
2625030.05610806634649634361
4650218.21983627881854772568
2190734.16827046638354659081
5686735.20467654243111610413
7173555.89775718376040458679
3186181.95284375315532088280
3206864.42677944712340831757
8380341.45933216437697410583
5804208.50869023613631725311
8428722.82841780036687850952
2777935.93249695980921387672
3708148.74825124163180589676
2867747.33620146382600069046
4158632.65730585530400276184
4195400.87934372574090957642
3907409.13725037733092904091
3822242.38837682595476508141
2803781.34011287428438663483
3267176.04200351145118474960
3232275.57421612320467829704
3575221.55942864669486880302
3071134.86929750069975852966
2456087.87103654723614454269
3264993.08267613966017961502
4075886.07442867569625377655
3096830.70776522811502218246
2978792.83249687403440475464
7893679.72703542560338973999
4189839.44887859188020229340
3797072.43773769680410623550
434163.40014994010562077165
2451084.73980873450636863708
4672629.40632788650691509247
3487210.96714334422722458839
4927078.17027308698743581772
2499897.64149000449106097221
4567228.07769652549177408218
4901522.91678551491349935532
3267182.39335741288959980011
3663944.65526259271427989006
1634291.42130504222586750984
4183080.71993557456880807877
2733185.65305403340607881546
2016116.33428401127457618713
1701942.11389196547679603100
3264993.08267613966017961502
4350461.06377902254462242126
5896031.63671650364995002747
2830425.84308811370283365250
3114875.70923493849113583565
1912971.56860993849113583565
2151951.52847070898860692978
1796980.19513737550005316734
2427875.01267059706151485443
5223112.00507507659494876862
2198762.79441049508750438690
3728059.15730585530400276184
3556227.05471909604966640472
4278188.16831053327769041061
5264658.99773825146257877350
2022814.74275098252110183239
4723202.25207879394292831421
5204708.00155716761946678162
1810990.00002971198409795761
4468080.30955466814339160919
5042385.87506966292858123779
4480692.07331378571689128876
2958031.76235325261950492859
5270740.58326181583106517792
4618755.18214964121580123901
7841767.79069579672068357468
2876161.82608431577682495117
3162800.16625387128442525864
3655694.01182151446118950844
3963190.33011277858167886734
2903842.89970407681539654732
1885288.36845402955077588558
9497483.27308620139956474304
3647800.15626741573214530945
3469497.81227971753105521202
1640677.47642187634482979774
6587248.64616346359252929688
1754332.31690500536933541298
2895999.54116625804454088211
2852370.33424529619514942169
5167278.47874373383820056915
3335780.92147243069484829903
2189114.65613985899835824966
4457055.00024012755602598190
2619827.46535649104043841362
4230298.29278057254850864410
4477870.39017605967819690704
4878744.52720563299953937531
3529092.26162713952362537384
3732671.54444752074778079987
4520837.67602123692631721497
1835429.75623638019897043705
2670849.49254349246621131897
4081716.71993557456880807877
6233802.29519160464406013489
2392412.37142414972186088562
3747697.93314707512035965919
3648247.66652363073080778122
2777935.93249695980921387672
5005805.21983627881854772568
3110326.08241652045398950577
4708207.17046937718987464905
5420891.38522661197930574417
2495075.74314644047990441322
2455715.59916362632066011429
4011192.07888087490573525429
5781018.29519160464406013489
4893566.59030730649828910828
2253895.65627971198409795761
4545842.55316961277276277542
8511512.00311433523893356323
2411307.99314644047990441322
2506739.07534164423123002052
2044608.25023766933009028435
2278153.76235325261950492859
5866443.89775718376040458679
2067962.66506001050584018230
5334790.90853158477693796158
4664169.68214964028447866440
2509316.75002971198409795761
2303854.26011106232181191444
3198492.60454095760360360146
4682054.63343292474746704102
2571816.52916820487007498741
4535861.70430704578757286072
3818010.76162713952362537384
3050885.86708959704264998436
4346995.62329341750591993332
7529287.22284918278455734253
2053666.43274445761926472187
1200061.46063780109398066998
2829453.57423985050991177559
4227444.73716489039361476898
8824875.74632127583026885986
2707915.10279427189379930496
1753281.19682843540795147419
2982434.61283841077238321304
4075033.46869713347405195236
2577765.82175767794251441956
2678896.09004097338765859604
3911240.94808508874848484993
3541375.32112996745854616165
4427206.74524246901273727417
5509749.49773825146257877350
1726952.10454095760360360146
3694409.26162713952362537384
1781094.48952125106006860733
2551243.58241652045398950577
4149825.51011278061196208000
3264993.08267613966017961502
1414514.30139713594689965248
2942254.57534164423123002052
4592855.17586770467460155487
5029079.91657974757254123688
5328886.08998455479741096497
2387284.72138576302677392960
3197286.04400530923157930374
3738572.73749073315411806107
3004568.50274382811039686203
3202837.82509767357259988785
1759033.43252128874883055687
2154787.22138576302677392960
2883120.90754945669323205948
4833863.11542644724249839783
3155730.93249695980921387672
2910694.30272284429520368576
5875166.01330244168639183044
5008378.63076454214751720428
4387874.28426513262093067169
5694056.89775718376040458679
3197286.04400530923157930374
3005330.03983304137364029884
2509316.75002971198409795761
2504672.09344439581036567688
4114702.68734763748943805695
3529092.26162713952362537384
4413507.74290319252759218216
1537264.21073621534742414951
2164425.09881611820310354233
2414748.08620146382600069046
3623961.66856802254915237427
8614413.09664934873580932617
2605299.24050582619383931160
1852910.68274445761926472187
2343092.69442060496658086777
3621492.75606374163180589676
5823287.34630804415792226791
3626575.93574219942092895508
4712610.59558371081948280334
4588337.93453111313283443451
5520766.08107158355414867401
2975104.72807843517512083054
3115521.05387999396771192551
8707011.65635449439287185669
3868183.64589275792241096497
4480337.80463594477623701096
2468576.19145170599222183228
4217114.27660488337278366089
5598195.49803017731755971909
3383640.35307843517512083054
3909655.99934280617162585258
3005011.12685165693983435631
3361004.04775289446115493774
5781018.29519160464406013489
4031297.54612560849636793137
2390450.74677391117438673973
3730481.76162713952362537384
2738792.49762123497202992439
4419934.81070424057543277740
2989894.99314644047990441322
4734551.63343292474746704102
4038205.40981310699135065079
3531961.91740982327610254288
4522298.02758930996060371399
2283038.58586152829229831696
1603572.21073621534742414951
1537677.18902748473919928074
2492916.46094860695302486420
4973423.84712784178555011749
3031614.95228330232203006744
4279128.21607967838644981384
2091177.23952125106006860733
4249540.08906959369778633118
2045889.77240972593426704407
3192805.30610806634649634361
3555964.84923765668645501137
4718830.78426513262093067169
3457089.61283841077238321304
2308669.67725175572559237480
2355350.58058854332193732262
5272764.54639245197176933289
2473134.05562521796673536301
2177000.90089964028447866440
3530484.91659514885395765305
3145091.88922573346644639969
6403902.00101053435355424881
5482035.57123327068984508514
4652445.84663577564060688019
3835048.77660488337278366089
2991850.24989426694810390472
5823893.79519160464406013489
2749459.58981918031349778175
3217441.31088972277939319611
1912665.75110125122591853142
3205976.96308404393494129181
6922747.93967255856841802597
3425005.74254349246621131897
8606602.42807479947805404663
2276221.70454095769673585892
2100964.02735954802483320236
5322958.77308620139956474304
1625347.12025291309691965580
2426558.36947156675159931183
3546301.05387999396771192551
3991590.03292646305635571480
4012343.40632788650691509247
2875349.15477733407169580460
1411591.91072200029157102108
1454098.12025291309691965580
4573614.08854856155812740326
1912665.75110125122591853142
5233140.51330244168639183044
7587780.68076641857624053955
6718527.91272350680083036423
3336811.78325450746342539787
1585410.96326960879378020763
4424022.53292646259069442749
4628309.71993557456880807877
1422838.91972926096059381962
3787243.74971392750740051270
2586261.24395693140104413033
3294771.99762123497202992439
2898952.68502407940104603767
2776162.71386142214760184288
5365529.04865506850183010101
2638027.26162713952362537384
2243836.76235325261950492859
4610373.57769652549177408218
4725417.65526259317994117737
3732711.75945636676624417305
2560351.72501845844089984894
5596049.63671650364995002747
6041676.86748374719172716141
2917383.86321093793958425522
4864076.06377902254462242126
3216600.36000934429466724396
3645163.49762123497202992439
3680386.54612560849636793137
5743400.50725929811596870422
3413311.71822637785226106644
4890814.97906093299388885498
3291593.68807880347594618797
1455523.78574308706447482109
2924307.65623237797990441322
8756348.21987643465399742126
5946333.68366989027708768845
4115953.01570921111851930618
4596416.34663577564060688019
3435562.49762123497202992439
3453113.56442384980618953705
3639546.04400530923157930374
1686587.94853639253415167332
4539016.87855495139956474304
2821492.96308404393494129181
4450683.77026522811502218246
1528283.15305403317324817181
2648445.09904254414141178131
4672789.65295954793691635132
6309048.42184856720268726349
3298307.75606374163180589676
5499208.27258004341274499893
1508967.18365528341382741928
2846800.83945852192118763924
4301440.78298000898212194443
6038926.04601178504526615143
3281354.95284375268965959549
3059934.40603853389620780945
1754332.31690500536933541298
4800564.52758930996060371399
6286630.38654310069978237152
1896916.86166362185031175613
5052343.85658761300146579742
2258814.64162725396454334259
4657423.09167589619755744934
1981274.89673493849113583565
3073639.76823158655315637589
4049863.49877375876531004906
5263320.40084586106240749359
1981382.76563985599204897881
5226830.16535227932035923004
3103155.98221595585346221924
4708943.90626741573214530945
4105812.15730585530400276184
4467045.31962621398270130157
10263947.48105578683316707611
4179036.57888087490573525429
4525031.92772284429520368576
3265809.93249695980921387672
3710873.24825124163180589676
2718140.72594566084444522858
4341058.70224346872419118881
3354839.97766622528433799744
2690193.38552348874509334564
1189668.88126845890656113625
1403800.25137191405519843102
2362900.69442060496658086777
3353552.84923765668645501137
3403470.79294568905606865883
4956918.53180864639580249786
3835293.33620146382600069046
3968261.31070424057543277740
2568522.18420340772718191147
3551889.33504415024071931839
4249466.62722947075963020325
8582519.62554530985653400421
1789844.69667870644479990005
4765016.66544042527675628662
3025884.41678550094366073608
1937611.01610822463408112526
6648204.94664786756038665771
3943274.98314222367480397224
3092331.43249695980921387672
3767828.96216764859855175018
2289595.59344439581036567688
2623294.88574862619861960411
2682534.25023766933009028435
2303854.26011106232181191444
3846349.94041826808825135231
6525198.46185827068984508514
1842676.51563985599204897881
4364465.66544042527675628662
5165408.15404241625219583511
2525819.29687707033008337021
4810705.08233251608908176422
2462710.56373945157974958420
2592232.73980873450636863708
7447015.37950573675334453583
2814371.35279427189379930496
3185401.75623637996613979340
10559807.45526095665991306305
5700974.39775718376040458679
2504039.36108727194368839264
3136344.86548493802547454834
2617932.50752668082714080811
4816697.81034065503627061844
3753451.53844566084444522858
1981565.17419334780424833298
4677913.55589240044355392456
5249434.95482442900538444519
4006884.56377902207896113396
1899250.85087007470428943634
3959992.15730585530400276184
4585623.30912429094314575195
3011457.66972926072776317596
4240642.62329341750591993332
3758309.11855798866599798203
8671299.91014951281249523163
4912630.32857580296695232391
2756802.17315402207896113396
3589636.43314707512035965919
5240530.49773825146257877350
5649915.32205971796065568924
4684515.67046937718987464905
3788182.76162713952362537384
2384290.36108727194368839264
4468924.79278057254850864410
4430430.57888087444007396698
4885082.48913710005581378937
3093536.62883431510999798775
3305241.78714153030887246132
2561254.08419037749990820885
5702416.33304726146161556244
3859657.77613926678895950317
2597893.89673493849113583565
2081740.05541614559479057789
3536002.84923765668645501137
2120443.29687707033008337021
1212745.50305496924556791782
4958328.96776976343244314194
5733872.70430704578757286072
2722241.15623237797990441322
1912805.98980873450636863708
3508162.56442384980618953705
4634357.86410222947597503662
4422504.58801061846315860748
7609452.58865860756486654282
2361874.54400530923157930374
1733049.69682843540795147419
6193459.62585457973182201385
4671829.74290319252759218216
2407317.17147243069484829903
1944987.19682843540795147419
6300028.54334260709583759308
405578.90014994010562077165
2336087.57659441838040947914
2342957.97611545585095882416
3025062.25370331387966871262
2829028.60279427189379930496
4938853.49773825146257877350
1510247.33486463036388158798
2342227.48062153067439794540
1640440.20152701670303940773
4002232.71878483146429061890
4767962.25950142089277505875
6061095.18366989027708768845
5434651.06052333675324916840
2700756.15623237797990441322
7209709.57710930705070495605
1910196.39781870413571596146
2664365.04775289446115493774
4076617.37449420196935534477
6737033.65816989541053771973
1842676.51563985599204897881
2641697.95430704578757286072
3611063.74207309447228908539
6110701.80201654322445392609
3127363.04116625804454088211
4927109.58466117084026336670
3277215.46094860695302486420
3391167.96482015494257211685
5341271.99773825146257877350
2242813.76013223640620708466
3907793.19290689285844564438
3859024.08116094861179590225
2619827.46535649104043841362
3423962.88894136436283588409
1569337.87261892575770616531
3001629.71141289267688989639
2662706.61127953371033072472
6276921.34814658947288990021
3051416.79740292765200138092
5881096.51652063615620136261
1923536.75397497275844216347
2791780.13222376769408583641
1974161.15694521367549896240
3504508.83770581055432558060
4194503.05353683978319168091
4455344.66544042527675628662
2839138.98811066709458827972
5434818.01330244168639183044
4220215.59030730649828910828
7988821.96835838910192251205
5999928.00869434606283903122
3182768.80272284429520368576
4968641.41440491750836372375
1798686.66952974302694201469
4719152.34663577564060688019
3242568.65526259271427989006
1974161.15694521367549896240
4545518.96589615382254123688
2030675.16633806983008980751
7397841.38650294579565525055
2166817.26546415034681558609
2268391.03583935322239995003
4938853.49773825146257877350
2975881.84011287428438663483
3360397.01382680656388401985
2870734.86180404247716069221
3285092.25568372569978237152
3941372.24207309447228908539
2813683.95250601973384618759
3297912.53221644926816225052
2645076.89781870413571596146
3738500.83770581055432558060
4170397.03298000898212194443
2993529.01978608872741460800
2356898.08058854332193732262
6685479.47245172224938869476
2091989.75110125122591853142
2833776.86366652045398950577
4990151.48629288095980882645
4291493.80955466721206903458
5426987.32983581721782684326
2239822.50110125122591853142
2790193.67358007002621889114
5951203.50331506505608558655
3194019.69449691986665129662
6515867.73315018042922019958
3908998.76162713952362537384
4428790.32811618875712156296
2140182.02301665116101503372
6008599.39775718376040458679
2240751.44356641359627246857
4054111.49891380779445171356
4126587.01717845862731337547
4897822.74290319252759218216
3885216.14278212236240506172
4388747.87855495139956474304
4772172.21983627881854772568
3917242.03221644926816225052
7911706.25497414357960224152
3681002.43728853343054652214
6174753.75704987626522779465
2257725.08956971345469355583
2931625.87103654723614454269
3414758.98761841095983982086
2896513.74368787463754415512
3029188.90748390741646289825
2154444.69145170599222183228
4696281.49891380779445171356
3305476.50220250245183706284
6358461.76397680304944515228
5190777.16652363073080778122
4545784.73274338245391845703
2737151.87386912526562809944
2356699.37157322000712156296
3446794.91659514885395765305
2450866.33597403671592473984
2757551.45828987378627061844
1519396.78574308706447482109
2470602.08586152829229831696
3344887.14722376037389039993
2532184.21922838781028985977
3825391.84923765668645501137
3553773.28714153030887246132
3529687.01867237035185098648
3830366.34550578938797116280
2357210.55610806634649634361
2647107.71765324193984270096
3195860.25665122084319591522
8634760.52270478755235671997
1381913.14291967661119997501
5712601.78771703783422708511
2226884.14162725396454334259
5959656.26217019371688365936
3350773.00346723478287458420
4792296.08801061846315860748
6566748.60406093392521142960
5346297.67046937718987464905
6867536.21987643372267484665
4879992.36128693819046020508
3435570.49943113932386040688
5858516.81461171060800552368
3842639.44887859188020229340
2019912.98952125106006860733
1642159.53466014005243778229
4913305.02364302892237901688
4080731.80212268978357315063
5719849.32380903698503971100
6538354.14586816448718309402
2404157.18420340772718191147
4347002.09550578892230987549
3406856.90539305098354816437
5251951.13671650364995002747
3908700.03298000898212194443
4411661.82124719582498073578
3562171.83504415024071931839
3986250.57415057439357042313
1200061.46063780109398066998
2784292.88222376769408583641
2330537.19145170599222183228
2896087.86947156675159931183
3250758.99762123497202992439
1815663.74275098252110183239
4381799.77613926678895950317
3750695.28530445881187915802
4089007.01217019371688365936
3065499.98761841095983982086
4225339.89729388337582349777
2833329.76394794601947069168
2112771.25397497275844216347
3761391.43728853343054652214
4442323.68214964028447866440
7820418.02660488337278366089
1462536.64843853516504168510
2921850.75005942396819591522
2516875.32763129658997058868
3401689.32308173179626464844
2552552.75834256270900368690
3594464.94041826808825135231
5991500.30913320928812026978
3112600.48975175525993108749
2044086.69145170599222183228
4987052.55316961277276277542
2049849.79397113434970378876
5802532.53311636764556169510
1902482.96937733259983360767
3258300.69159955438226461411
3165632.19763223640620708466
4190873.16849059285596013069
5687729.29749087896198034286
5023520.06070424057543277740
4656833.87689117342233657837
3343064.12685165693983435631
4640776.99891380779445171356
2274573.54307020734995603561
2690193.38552348874509334564
4160264.02720563346520066261
3712610.15526259271427989006
4847654.07924901321530342102
3843634.23859500233083963394
5031380.85839008912444114685
4452825.39308854285627603531
2481416.38222376769408583641
6302679.49829341750591993332
4710443.74207309447228908539
1963116.42172305705025792122
3815238.44887859188020229340
2705189.74891380779445171356
1796980.19513737550005316734
2313432.54349059285596013069
2674279.73980873450636863708
3862261.30200715176761150360
2771018.48811066709458827972
5612813.16449428163468837738
5268506.34206660464406013489
2857833.42147243069484829903
1446269.05541614559479057789
2436229.96511287428438663483
4383436.30200715176761150360
3253777.80388654349371790886
2323847.15694521367549896240
3283698.83905948605388402939
2525626.01610822463408112526
2109871.93902748450636863708
11092030.16212078183889389038
1331989.94853639253415167332
3670654.93537580734118819237
5003803.08541212696582078934
2283038.58586152829229831696
4984793.78949020430445671082
2519670.91678550094366073608
5732458.51297169364988803864
4267235.76545426994562149048
1170056.44416562467813491821
4392477.96869713347405195236
8567601.97870957851409912109
2638027.26162713952362537384
6342857.80944950319826602936
4321798.25370331387966871262
5283395.90861409157514572144
4655139.71525452565401792526
5536572.22602493315935134888
4522298.02758930996060371399
4278291.39729388337582349777
6938852.80359333846718072891
3770693.18693113885819911957
3717086.57888087490573525429
4882324.38463389128446578979
4508201.80955466814339160919
2648445.09904254414141178131
3182846.91874545998871326447
1460954.07970882463268935680
2923264.10119777917861938477
4524409.79802741948515176773
2613300.71822637785226106644
3281044.66625387128442525864
3088291.78714153030887246132
2081740.05541614559479057789
2031485.13882680656388401985
1560654.07970882463268935680
1146549.11083229118958115578
6626548.22257387638092041016
6999322.73149527236819267273
1364573.60131541709415614605
2596693.76477170875295996666
3860976.08241652045398950577
2044608.25023766933009028435
1402186.75023766933009028435
5230606.98204356990754604340
6291232.68366989027708768845
2984794.61637169122695922852
6563660.76217019371688365936
3663182.24825124163180589676
6287586.29519160464406013489
5828864.69280391372740268707
2233133.45263083465397357941
1941707.79397113434970378876
3073816.75541386287659406662
5711592.64242016803473234177
993837.84409297851379960775
6706779.38654310069978237152
4381866.51477170921862125397
5940944.63671650364995002747
2291195.17913311067968606949
4918711.77660488337278366089
3912344.66117708664387464523
4759690.20430704578757286072
4689701.05353683978319168091
5911525.77211235556751489639
1839034.54120826022699475288
2470619.08419037703424692154
2162378.69442060496658086777
1797471.78596167406067252159
1974161.15694521367549896240
3425728.81088949739933013916
3992677.02720563346520066261
3661925.75222947075963020325
8667745.23642950505018234253
2050776.65305403317324817181
5635840.09881630726158618927
2442220.39149000449106097221
1974161.15694521367549896240
1930362.66716909967362880707
3217825.09004097338765859604
2395138.80737587762996554375
6156805.66687565390020608902
2375672.69387229997664690018
4631379.93588972277939319611
3843252.53292646305635571480
3798119.35788502218201756477
2044242.12720250268466770649
2817307.77950507774949073792
1253061.98690805910155177116
3633923.08234842214733362198
4772600.90626741573214530945
1662227.26563985599204897881
3222547.24207309447228908539
2716458.24992848187685012817
2777935.93249695980921387672
3013115.72350939363241195679
2655471.24254349246621131897
6622971.29278057254850864410
4357098.55316961277276277542
4026079.74290319252759218216
3805212.11368545331060886383
4803339.00573626067489385605
4903411.00155716761946678162
4361487.34040787909179925919
5042284.90626741573214530945
2441329.69442060496658086777
1908516.84724845993332564831
4130073.93442656472325325012
4563909.25364785268902778625
6118272.39775718376040458679
6030812.39775718376040458679
1798686.66952974302694201469
2372546.86845402978360652924
5395503.54865506850183010101
3620898.50005942396819591522
2714614.55610806634649634361
3759314.87449420150369405746
4374883.69885852932929992676
2121161.57659441838040947914
3445257.60454095760360360146
2766328.74254349246621131897
3220849.53983304137364029884
5792214.50481139961630105972
2586261.24395693140104413033
2296380.76253691781312227249
3160465.25005942396819591522
3152033.02842136332765221596
3460007.74523785151541233063
4397737.46589615382254123688
4225339.89729388337582349777
2117884.46822637785226106644
6409443.95912756957113742828
4746428.84882602281868457794
5775717.27068097051233053207
2285372.86947156675159931183
3278421.62680275179445743561
3242568.65526259271427989006
6344672.68366989027708768845
2099251.39570916863158345222
2733538.65456214547157287598
3184474.71511287428438663483
1910196.39781870413571596146
5055796.91440491750836372375
5005931.13671650364995002747
5205126.00870672985911369324
2536751.00831525074318051338
3230445.18502407940104603767
3863970.43453111313283443451
3280660.32211141521111130714
3645910.63725037733092904091
2659508.04349059285596013069
2090886.38721987674944102764
2044086.69145170599222183228
2042197.84574502101168036461
3368170.26707520708441734314
4625406.90626741573214530945
2701651.26546415034681558609
4336003.53258917666971683502
1627483.37261892575770616531
2297696.27739338949322700500
2497240.59586171107366681099
2255085.21148611884564161301
1909367.92978677968494594097
2669441.12883431510999798775
3185565.32567847520112991333
5180044.50507507659494876862
3595494.61542644770815968513
4750618.35284289345145225525
1925431.35461746924556791782
4460612.71878483146429061890
3857760.93574219942092895508
6807558.79868982452899217606
3489955.21856047585606575012
4587721.45881159231066703796
4194965.38837682642042636871
1555432.67913311067968606949
4319742.85658761300146579742
6798430.00899560935795307159
1906933.46626890008337795734
2432989.68818595726042985916
6121555.78741828165948390961
3553866.74971392750740051270
3359794.61283841077238321304
4796936.97733304090797901154
3883253.95551492925733327866
3271451.25606374163180589676
5178767.23716489039361476898
2532184.21922838781028985977
2355350.58058854332193732262
2851528.55541614536195993423
3624266.57415057439357042313
4655341.31962621398270130157
2776335.26823158655315637589
2849546.87321330048143863678
3646650.34923765668645501137
4939270.05353683978319168091
2284408.16827046638354659081
5278546.08363378141075372696
2625199.09344439581036567688
2504165.66856802208349108696
5288269.40626741573214530945
1564342.40305403317324817181
2577504.22229188447818160057
3151712.11637169122695922852
2518118.54307020734995603561
3508573.46013654349371790886
2730776.00346723478287458420
5427836.99773825146257877350
2107651.24090651702135801315
1711046.02620764635503292084
5039254.13274148665368556976
4068763.03258917713537812233
4819632.85658761300146579742
4839697.75207879394292831421
1720868.08730830624699592590
4791723.45551492925733327866
2122999.18274445738643407822
3819790.58801061846315860748
4212287.05353683978319168091
4085613.77443975349888205528
1919908.32148617412894964218
1714073.83486463036388158798
3962336.99934280663728713989
3124962.66022130101919174194
5063629.54865506850183010101
1710835.91712264809757471085
5186017.13671650364995002747
2862493.20280489977449178696
3359178.60454095760360360146
3465110.48637950699776411057
1844213.12761527346447110176
3042763.51444753538817167282
3135028.50346723478287458420
4695769.56340829189866781235
4377178.17046937718987464905
3792489.92116447165608406067
3504380.39759580232203006744
3936337.11126853805035352707
4150571.24825124163180589676
1886752.70152701670303940773
1785219.04120826022699475288
5597659.51870914082974195480
3814626.88048765715211629868
4118269.68805864686146378517
3384390.04940815363079309464
3690873.43314707512035965919
2813975.61127953371033072472
5041633.06430321000516414642
3728059.15730585530400276184
4226035.55336623266339302063
3535418.83246769802644848824
3851485.52149725239723920822
1768725.86297283042222261429
3238486.97961746901273727417
1950059.57139106118120253086
4321296.30404026061296463013
3983054.18990275543183088303
2662254.17211269633844494820
3261707.53026166837662458420
2100764.02916820487007498741
1312007.32806992949917912483
2771018.48811066709458827972
2884086.10454095760360360146
4980412.24811032600700855255
4116543.66652363073080778122
3749721.14049268886446952820
2381569.77802944509312510490
4756289.43712750636041164398
4863437.25150729902088642120
7350556.83851523324847221375
4726066.37855495139956474304
4395082.27950507774949073792
4829631.49891380779445171356
6550197.85993821732699871063
4438608.99891380779445171356
3150042.73690805910155177116
3498215.78714153030887246132
1359170.65481950738467276096
2123725.03361409157514572144
3836340.76162713952362537384
6401866.37329568527638912201
2450805.94024382857605814934
3081942.37386912526562809944
5630803.89775718376040458679
2638358.86366652045398950577
1535685.02781260898336768150
6608301.00874495413154363632
3278466.92441301140934228897
2587671.58620146382600069046
2580355.02470650570467114449
4606998.04865506850183010101
2473532.86947156675159931183
5585728.94186459295451641083
6568234.26217019371688365936
8246172.09038320928812026978
3991590.03292646305635571480
4217643.81070424057543277740
3483930.88717245589941740036
2798920.08801061846315860748
1832869.71886884816922247410
1355002.10131541709415614605
3776635.04756386671215295792
2443690.52301665116101503372
5968673.74436319246888160706
2621255.71511287428438663483
5941752.30261022411286830902
4972864.51192491874098777771
3060919.28714153030887246132
3081942.37386912526562809944
3425808.53036929387599229813
4055485.42116447165608406067
2042197.84574502101168036461
2165289.55397220700979232788
4596857.26444753538817167282
4351975.27660488337278366089
3651531.49877375876531004906
3153521.74368787463754415512
4754527.36128693819046020508
5780167.42282578535377979279
2086724.60119296400807797909
3300807.12360220123082399368
6745222.76217019371688365936
2632036.24677391117438673973
6205249.05507223866879940033
1415452.33486463036388158798
3303476.05387999396771192551
3191608.44216829631477594376
2834160.06932028010487556458
4702659.72500307671725749969
3550132.86708959704264998436
1731361.86297283042222261429
4381093.37225520983338356018
2893910.11083229118958115578
2469331.33944327197968959808
7339519.82880983501672744751
888710.63363321358337998390
2544363.69145170599222183228
6050662.41271334048360586166
4104106.80955466767773032188
4657762.10438031144440174103
3504891.57415057439357042313
5992755.79519160464406013489
2198504.16068118996918201447
5819297.50869434606283903122
3505694.99523785151541233063
4554331.28426513262093067169
2626085.88894136436283588409
2511840.52739338949322700500
4270078.62823851034045219421
2637915.93322485033422708511
2459216.96822637785226106644
3025269.82811618875712156296
3371625.46216764859855175018
3443452.33012002147734165192
6453930.70467654243111610413
1950296.26944626169279217720
6115193.89775718376040458679
5740919.83276118896901607513
3387321.89365687081590294838
5487119.77022556029260158539
6223394.19462027214467525482
3575056.73049450479447841644
4193195.10311942221596837044
2948366.05771322362124919891
3813723.99877375876531004906
2081096.67358007002621889114
2074481.25397497275844216347
7827846.59894002694636583328
1951573.08290051575750112534
4002232.71878483146429061890
2291440.25220250245183706284
2565846.59344439581036567688
2995218.36321093793958425522
4669782.67046937718987464905
5769949.82100161164999008179
4237970.78426513262093067169
5939080.82100161164999008179
3007931.07139141764491796494
1735252.90008136676624417305
1254055.63363321358337998390
4792976.71983627881854772568
3398864.03292646305635571480
1295272.77620764635503292084
4362146.08801061846315860748
2692269.96273833885788917542
3322256.55200715176761150360
5031807.92184856720268726349
3059934.40603853389620780945
4682457.52758930996060371399
2610916.08905948605388402939
5366684.17602123692631721497
6752155.60032546706497669220
5678675.50870672985911369324
3453951.62685165693983435631
2923740.46445852192118763924
3352754.64639028627425432205
2714056.04303858103230595589
2532184.21922838781028985977
4776532.66544042527675628662
4026079.74290319252759218216
3515458.87815278535708785057
4250793.16544042527675628662
6419290.84073996171355247498
3082547.87832561042159795761
4074694.62036404572427272797
3493314.63005260750651359558
2505156.55541614536195993423
2670159.63552348874509334564
2765471.94554946618154644966
3167420.67973529035225510597
5035496.39399970788508653641
4779979.80357889272272586823
3266153.45228330232203006744
2608925.86108727194368839264
4441742.51217019371688365936
2834331.38222376769408583641
3312928.89759580232203006744
5356804.51212748326361179352
2834564.35642060590907931328
1715704.57211141521111130714
5769131.26147252134978771210
2602602.96386142214760184288
4565312.30955466814339160919
4687308.36128693819046020508
2992056.49943113932386040688
5293595.65623237751424312592
4868605.59030730649828910828
6352853.28096594661474227905
3143235.08234842214733362198
1849356.07139106118120253086
3501796.00023766933009028435
2612065.55471909604966640472
2167978.48062153067439794540
1411591.91072200029157102108
5674734.51330244168639183044
2292892.76235325261950492859
5388193.00725929811596870422
3399311.84550578938797116280
3236870.65626741573214530945
3944126.76391512667760252953
4606998.04865506850183010101
4698660.65019534714519977570
2235525.84574502101168036461
2163598.67653921758756041527
1815663.74275098252110183239
2637578.21386142214760184288
2716458.24992848187685012817
1955269.82970882463268935680
2861183.96511287428438663483
7405216.73664262425154447556
2959583.22227469738572835922
4417091.33861473947763442993
2574398.02955286949872970581
4000587.77613926678895950317
3491458.12685165693983435631
6596508.78577600233256816864
2998940.36461304547265172005
2154233.91712264809757471085
5731468.25255804415792226791
2816663.58793385233730077744
3594464.94041826808825135231
3463961.30463594477623701096
3076374.99762123497202992439
3737641.18805864686146378517
2570791.16609780583530664444
2384290.36108727194368839264
5868411.50725929811596870422
993837.84409297851379960775
2570791.16609780583530664444
1196297.00633529853075742722
2618204.58407649025321006775
2963784.84118793904781341553
2233270.77301665116101503372
5960592.32100161164999008179
4043659.58801061846315860748
1654824.46511287451721727848
7069318.34369713347405195236
3461174.25074315676465630531
1753281.19682843540795147419
6266377.88654310069978237152
4884583.92602123692631721497
3221689.51444753538817167282
4598301.77660488337278366089
3991590.03292646305635571480
5295545.14385851845145225525
4658940.18734763748943805695
5005931.13671650364995002747
6977659.61963990237563848495
1959046.90694521367549896240
7388878.83161690086126327515
3728059.15730585530400276184
3097914.45197112578898668289
3314155.34942926466464996338
1708372.75463837571442127228
3910632.36574763618409633636
4337441.68214964121580123901
4001779.06722818315029144287
2268369.91123521653935313225
4625406.90626741573214530945
2508943.30714945122599601746
3623779.08963890373706817627
4012107.74868561327457427979
4933241.02758930996060371399
6699429.38654310069978237152
4683857.42602123692631721497
7397360.48935683444142341614
4237777.77950507774949073792
1294813.43252128874883055687
6926019.13837682642042636871
1180017.82806992949917912483
2313432.54349059285596013069
3682524.28714153030887246132
2593465.77470650570467114449
4649109.31962621398270130157
3350196.14639028627425432205
6505467.64754249341785907745
981165.13363321358337998390
4724411.52758930996060371399
3713555.63191340304911136627
2374725.14604697842150926590
2332367.49254349246621131897
4327622.31018202286213636398
