1700
1506 448
394 740
358 617
1462 1645
1547 1544
93 1085
110 725
2 1338
1549 141
1430 127
11 1398
205 1351
1076 892
1664 852
980 157
658 1518
960 625
289 1470
1134 460
996 1218
1 186
1572 550
672 1264
1460 1475
444 431
511 1034
1210 95
648 44
383 76
815 1660
939 1638
1218 1458
305 673
6 546
511 474
1554 386
631 1079
1162 1618
1269 243
189 1376
1424 843
1298 89
1674 2
975 345
490 202
812 1525
1465 144
963 1232
1543 1653
1278 1679
9 97
12 336
1671 1155
329 810
287 1346
925 205
1080 1004
792 193
208 1298
320 348
1620 36
315 1627
787 1382
574 623
579 713
1102 1449
990 1322
588 887
554 1467
922 670
1246 126
562 489
778 91
1100 1341
222 1512
1340 655
664 1093
257 1006
1401 175
1300 1549
412 1591
1115 1186
1654 1098
854 347
1621 933
1175 1628
1158 1509
63 1527
1319 1053
750 1523
1397 41
1051 589
297 953
864 302
155 511
614 884
175 758
456 755
898 101
778 459
319 1581
932 1048
527 633
637 474
575 1630
513 1440
1473 1583
1437 878
1333 911
213 1525
123 1147
1468 99
46 1520
1525 1075
608 777
1363 162
1339 296
1644 1662
1566 1226
677 1286
232 750
1295 1547
785 456
262 1199
455 1520
20 849
539 868
368 620
1216 999
1258 93
1442 853
987 352
285 1626
1581 653
209 446
941 1682
1445 1410
925 1618
1355 622
1297 613
1642 1052
632 1329
1219 581
1462 122
942 936
1452 1103
567 1260
371 380
1602 245
630 464
1176 1116
1359 151
279 127
397 164
526 1600
1668 1010
209 401
952 951
518 889
1579 383
179 918
1211 1407
1656 454
333 156
691 953
1377 1247
519 1048
1591 612
1483 1564
1348 1341
62 878
901 1376
873 1097
811 1121
925 212
1437 851
777 247
495 621
863 1198
1376 157
1512 139
621 1539
220 1435
1353 674
1695 84
503 591
452 342
722 627
1467 1403
868 144
1332 729
547 22
380 1443
289 1646
1496 1198
666 185
1526 596
1598 1349
1480 1017
708 829
914 465
185 1505
420 836
1237 570
1044 1049
101 146
530 714
409 1680
460 1536
523 1615
834 676
1310 4
912 703
1289 990
134 715
306 1332
1123 304
585 1697
1043 656
101 514
607 1319
757 617
418 1064
178 720
1513 585
550 652
1580 195
950 920
1472 859
672 760
388 563
1598 1356
979 843
169 695
606 397
312 615
827 711
613 751
1013 1462
998 1311
1512 57
642 1297
614 576
1618 1369
838 1020
1012 1297
311 674
1350 214
280 734
814 1261
1547 1294
1543 1288
631 192
911 596
98 1434
621 1460
685 654
853 127
1641 1687
534 148
985 303
1189 1333
1390 915
1538 326
1245 307
144 1103
38 210
882 151
1662 330
44 79
576 893
925 123
1507 1284
325 1223
1423 330
494 1147
1116 147
1524 1238
1280 1670
962 1501
1318 577
433 1309
1023 562
1160 1057
659 968
600 143
982 981
1658 612
1189 1238
103 110
1677 187
228 1654
1588 1414
1541 1200
721 1078
511 1436
1301 1471
768 493
638 714
1028 545
309 1192
1033 601
1692 486
1512 998
1596 1371
25 246
1643 851
1233 51
760 846
1513 607
1656 1088
1462 293
120 1553
93 731
1616 1634
90 966
764 191
709 793
511 1463
1490 72
1244 245
958 834
716 1671
1573 1008
405 289
1573 672
774 145
68 1061
1618 911
437 1633
795 1221
1012 1441
527 429
149 288
1432 898
1195 536
523 1238
1296 1167
1076 954
351 67
236 1157
976 503
300 672
276 900
426 22
1244 197
1400 31
666 1412
1402 307
796 1225
1187 1654
653 373
1327 276
462 1467
620 464
1486 99
1438 1078
1608 458
593 121
1479 62
7 705
1012 209
335 279
61 264
710 1586
2 1352
1259 28
1684 485
875 1047
1120 1284
240 491
1405 603
94 579
1668 712
1360 887
1130 1227
1195 1607
140 1262
345 1444
603 1395
1540 1235
102 932
1581 1297
1056 25
410 731
1167 62
1689 918
357 456
1067 88
872 901
611 446
1189 379
898 25
1312 1554
585 1011
196 216
189 1230
794 113
1619 205
59 404
1495 1188
1150 950
666 43
1694 1530
374 68
371 1230
750 1319
1478 1163
1327 323
423 297
481 251
1485 239
1384 236
1045 175
847 1553
1035 1664
1257 1444
1219 819
836 1325
1173 273
802 286
1061 915
314 632
1182 437
1166 116
491 897
1208 383
118 1367
760 198
570 1335
1692 634
203 67
214 640
1271 1559
238 916
810 69
1027 1399
749 541
286 252
933 1001
1075 46
1551 618
1111 1192
698 1184
1364 37
1326 537
529 327
1480 1451
346 657
1014 1256
133 1219
678 260
559 1647
1574 627
1094 682
1169 1618
935 529
458 366
1468 188
713 1109
159 1394
107 780
700 1640
642 453
269 973
1628 839
1082 1193
182 414
640 761
1476 58
47 427
449 163
415 665
1170 425
354 1164
245 1553
1475 1071
1159 417
167 153
226 1284
889 1165
993 1504
1472 1639
563 1002
920 1411
889 1072
890 1567
99 577
94 117
645 403
916 1180
563 1375
87 708
1091 18
1244 404
1374 1339
952 659
694 898
364 1376
1433 1181
1226 415
27 155
1531 1586
1206 47
579 1645
1579 1510
1094 1415
1677 619
721 1345
1625 1334
1352 1467
948 140
1636 267
1132 323
910 1371
140 1274
1243 1591
1060 193
1622 1429
1012 222
258 1655
710 1162
463 259
868 344
1327 277
1033 744
595 1346
199 1324
1566 1269
1602 1252
1198 59
101 1659
1591 1690
1119 1149
1158 800
1347 1114
1269 1669
1551 218
1303 353
825 1446
555 717
612 594
56 1692
156 783
1311 478
1466 1481
1291 1389
1264 604
697 334
778 460
954 1649
16 219
642 471
36 706
643 597
1528 837
242 1015
1 53
860 1401
773 672
587 1267
480 1253
1652 1551
1034 434
1315 887
692 971
1281 219
866 1645
1089 735
1307 772
1357 990
1337 1016
675 1677
1698 9
994 259
591 1493
728 654
526 1562
437 299
1598 1589
932 1246
832 112
959 936
1540 1630
1429 451
1687 1555
1422 1258
149 53
363 79
663 1047
599 147
881 750
1356 1654
628 898
233 1581
1692 843
116 1232
838 741
420 953
840 1127
559 1525
949 556
313 1020
485 753
1297 790
706 769
1269 766
999 531
539 1346
1039 1632
298 101
4 1648
1548 1406
1096 955
271 1308
1283 1645
1247 634
354 365
1283 900
1134 770
1297 1052
1421 385
25 999
650 219
801 1537
1435 900
130 649
752 465
369 1030
1108 1463
1428 1230
234 1018
1065 1667
517 345
292 1533
599 885
1086 1250
489 152
1435 688
1418 823
383 1176
1355 943
1408 1010
57 116
340 902
178 1454
1563 868
621 553
974 1584
570 1031
1655 1563
1561 1609
1650 714
353 1402
1613 1655
1298 70
358 1652
1435 740
1065 465
1355 144
929 572
231 542
1516 656
1295 724
1209 1598
1682 1247
1261 1691
1203 4
1432 196
562 1656
1273 542
1369 1468
1033 515
1154 1659
403 1330
122 1533
1110 127
1590 1221
1561 660
378 1591
1122 1352
1550 83
715 305
6 1490
538 1389
949 156
760 1466
324 1260
510 1184
1069 277
614 475
1030 1187
672 532
418 1404
661 55
598 211
745 780
1561 114
1087 329
1475 1310
881 127
421 1574
145 855
1143 322
1081 1439
114 1285
210 1388
744 1364
992 161
854 200
762 1104
975 1477
690 253
860 782
783 205
826 784
596 1229
1370 229
1099 868
719 219
1465 450
81 1372
860 1144
1204 1121
336 1015
953 456
1531 858
1320 1062
1150 49
1448 584
295 1330
80 1171
937 1311
1178 1039
717 1511
923 1216
830 458
845 1603
1321 808
500 777
1663 981
1124 45
884 202
643 751
1442 424
1178 1352
1272 709
1486 331
1602 978
1298 1115
251 965
1628 1233
544 1166
341 952
870 1012
1623 425
1038 1465
1660 1474
50 163
187 730
393 1075
1014 269
901 1133
123 171
926 267
276 488
1159 1183
750 1213
62 1255
425 803
1306 1058
1651 830
575 1435
469 13
1198 1197
275 140
1189 503
1360 1606
1250 418
1131 30
1283 586
1508 1597
967 942
1517 1143
634 229
1297 780
1081 1052
988 1176
1267 1628
913 624
977 1023
839 1406
1444 1664
1171 227
809 1112
1491 531
621 1617
609 702
256 853
1050 82
1191 1374
767 1148
578 617
1110 1328
1529 1487
856 456
831 110
709 468
1324 1297
971 128
861 1417
1215 505
1686 84
73 71
64 1197
135 61
368 1447
641 1229
644 1664
84 1552
535 1515
1222 568
963 1575
535 1384
612 760
121 83
789 471
809 551
1040 160
1676 789
1391 1517
528 1366
335 1146
1563 695
317 448
818 512
905 1173
137 275
1211 849
1135 1426
613 919
1215 728
1600 579
759 984
742 1530
29 260
1029 383
1153 264
1234 182
140 485
1041 610
458 346
167 1416
1645 1517
1316 1134
862 1299
1131 752
3 1188
1661 949
21 1462
1010 29
906 1112
122 1044
346 1385
824 1082
267 1547
1356 215
1488 1519
627 579
692 1083
1432 817
1200 1036
1228 986
1386 11
840 85
976 334
1136 780
1229 1175
445 1142
1467 1118
797 131
1317 1547
972 664
842 1191
351 28
83 1520
1188 1627
1004 55
942 1630
179 1445
1465 1181
1419 477
1542 1679
1620 112
415 693
58 493
1518 1557
945 157
254 871
1201 524
946 1700
539 1593
1426 225
1459 1109
1005 565
1347 1
955 890
1453 385
1174 1119
1228 139
221 1394
63 882
185 381
1352 1602
1384 810
194 739
1283 38
402 1699
600 46
37 1616
170 156
343 201
1514 465
1089 1066
953 687
395 1185
549 1287
1028 737
1279 973
143 1095
183 1235
1313 1488
1290 456
1253 751
402 303
787 1645
703 1368
1236 603
552 147
1325 39
469 1185
1603 356
98 65
776 737
1595 1320
924 702
1163 1498
702 529
1051 1178
1308 1499
168 1581
1638 308
848 1473
884 96
1060 1305
1354 36
243 1635
907 1212
1201 48
584 1626
1490 1516
359 1376
257 28
5 1142
20 756
918 207
909 224
576 1089
354 1422
1158 325
1358 247
185 1547
561 749
871 1426
634 559
686 503
1280 1168
499 1206
1417 1680
109 1369
90 1556
1174 223
1601 1422
86 1321
1503 1214
1378 1140
200 1297
1632 413
1169 1323
281 1624
571 1403
979 283
703 1182
1107 1409
621 1618
752 461
1356 635
1160 1492
440 107
1134 1365
1438 1620
244 428
58 1234
1183 687
1352 89
145 351
516 417
546 348
1464 432
1352 1220
1010 957
34 613
224 457
449 450
28 1251
592 163
164 890
1478 483
933 1150
1237 583
1376 548
899 204
1293 1143
1148 174
796 1332
576 1380
1500 180
180 1683
431 1029
1638 377
1605 219
907 1263
350 944
1189 1308
1664 138
464 391
663 1101
327 1556
1455 248
1537 125
1627 157
1124 1257
261 654
14 973
1631 362
1652 416
1544 772
1040 607
896 830
1343 1003
880 244
1033 931
384 567
255 400
1441 429
1161 1483
1544 1275
1610 1292
1407 1277
1139 287
1248 1343
813 932
205 1421
933 723
549 898
974 119
1549 1520
716 243
131 1063
1461 32
1091 1000
1434 716
268 1061
1427 809
1478 1378
668 311
1075 1600
367 677
490 390
840 105
1224 1444
1105 889
1483 450
559 430
1461 1312
1042 286
1236 501
1187 821
1681 1184
733 498
119 1302
1426 1225
178 2
1659 701
1672 546
752 911
148 1044
1569 939
517 543
377 839
1251 332
605 674
1546 527
1610 553
1665 158
1309 1664
1526 402
705 391
417 92
805 1055
1033 467
1283 925
1663 1489
106 739
1618 576
157 602
1401 579
130 1226
178 1348
1555 282
647 17
533 1396
883 1030
1056 66
799 1006
190 1141
1383 683
54 1523
101 726
844 825
330 456
616 559
1009 82
1384 237
1545 905
166 1690
1470 1314
1173 177
1317 1024
1025 375
1193 733
826 717
367 837
1320 960
1282 55
911 1258
1198 1130
501 837
435 654
1539 382
822 162
1571 1635
115 1684
1602 367
119 826
352 1036
632 264
245 867
1301 1115
209 681
476 296
252 426
1030 1554
521 621
1666 1029
734 555
503 947
1531 360
544 507
1104 425
1397 1641
540 619
327 811
988 26
740 1211
473 1421
919 1362
912 1193
678 356
325 28
1019 829
691 194
206 1490
655 952
523 442
225 1512
902 403
412 1073
804 1696
1503 1202
124 1133
612 911
1342 949
1117 569
806 468
596 321
1668 1450
1276 728
1320 1255
1255 1147
549 533
1119 1600
1122 1473
189 598
808 102
857 989
706 1067
1587 1417
479 876
1414 1462
1106 1417
1297 1612
557 318
209 881
1692 1007
154 755
1352 234
176 1261
991 105
17 301
1627 122
1010 1654
307 663
1114 511
338 1183
590 1413
1369 970
1462 464
1678 316
1654 192
1376 349
105 977
675 558
314 520
1060 1432
891 1651
1437 425
84 574
629 1083
1283 1207
759 318
1090 333
75 1460
820 1440
873 713
612 828
52 1622
491 1224
405 180
620 728
1525 1384
877 99
1015 778
1333 1498
934 746
875 1570
718 1425
179 1418
1462 1653
42 58
1160 1529
1069 934
1413 1435
53 1456
1620 250
1103 956
1173 1434
900 1622
1072 511
971 1591
771 549
662 636
1217 173
812 1660
794 100
318 1089
850 1256
1275 1240
1131 1670
375 517
1614 68
560 1328
286 1037
1151 1154
1246 1367
1368 243
458 368
1401 938
919 350
47 107
1116 48
598 217
953 15
356 316
1615 827
470 350
1089 512
49 1283
141 1534
1255 749
1013 841
1068 775
408 553
1163 1494
1379 1494
1183 1260
1394 1490
1381 1434
422 619
1099 432
1472 310
1577 1611
171 1420
1547 1084
887 1176
779 598
763 1155
525 314
1344 1356
24 1341
1193 908
164 620
931 879
1438 1116
1242 1533
1179 48
1234 907
1517 684
1031 407
1371 1166
1530 1375
537 1244
898 1444
1672 1031
714 184
1576 517
1427 736
1481 566
83 725
1563 652
530 142
862 245
405 325
639 649
73 122
266 134
157 304
8 902
747 1558
81 1286
1426 1171
779 1125
522 102
29 917
673 1502
709 372
925 1297
190 1096
529 1488
574 1646
1594 806
1431 348
961 436
123 1419
1386 1357
241 248
1004 38
1156 1666
307 741
1537 263
1199 962
5 95
1304 120
1399 1250
922 218
704 1283
809 1639
1541 1068
230 1274
179 647
756 1535
1283 1654
131 398
1077 635
19 1426
1154 651
706 181
1046 544
1058 1393
1657 1289
418 1659
1492 100
140 807
191 658
702 389
1581 5
1521 810
647 411
1349 707
1522 914
372 927
1444 1368
990 182
1076 1553
737 1568
1564 1582
1547 1675
161 887
612 1091
1343 563
692 284
32 1190
420 1672
328 106
1543 248
1287 74
579 1444
704 1214
994 1162
816 920
1268 423
1631 1654
903 410
1687 1653
871 1061
18 1261
132 1560
370 1006
484 105
1270 366
8 743
1558 283
1266 616
1599 997
921 663
1469 439
225 1652
961 496
960 995
1197 1217
1021 1237
253 1044
1050 1092
441 1421
1497 67
229 1074
57 1117
528 318
1347 327
1532 612
1603 1679
278 616
580 1413
1591 1537
1113 655
843 1129
1537 1022
738 1659
1378 1041
265 1056
1343 1026
1009 466
506 696
46 1364
1032 1143
876 1185
1343 1114
1191 1324
1688 773
122 204
869 101
311 1602
152 689
1054 895
260 1389
122 509
1629 728
361 192
165 1131
714 1520
954 1457
414 647
1361 465
33 1322
798 471
662 889
1265 703
35 881
788 344
1577 930
1177 1086
679 1687
129 122
272 1646
447 900
791 654
1482 1349
275 200
1384 91
626 423
108 502
400 641
1334 696
50 624
270 672
940 1163
438 765
1416 1077
9 1532
310 865
1460 1116
1205 356
1284 547
1256 646
717 1257
314 1200
655 1383
642 699
1458 450
22 576
1072 274
234 1249
31 1595
1185 1434
224 331
82 1119
574 1607
1152 750
1457 727
931 438
1505 387
1554 895
576 1559
1410 1449
1517 342
1320 104
608 852
1134 309
1126 912
55 77
219 327
786 676
1368 755
1592 1165
249 1595
1196 1627
837 1199
1645 1547
964 1319
706 930
732 1448
385 1673
1247 904
449 1417
314 1488
1194 500
487 1435
511 925
244 1364
331 504
706 1017
1076 894
542 485
833 425
339 56
1034 398
1148 101
582 1005
195 1500
1199 1485
839 1138
1254 337
379 573
132 953
1005 1531
1257 162
518 667
1467 1028
1094 62
1604 1300
993 1241
807 1059
568 329
485 355
136 1258
150 403
1469 752
1184 783
940 1172
713 1700
60 1252
551 488
151 402
1599 1627
1158 1637
983 35
376 434
1282 1585
615 469
849 482
676 450
664 928
1231 1134
748 731
419 238
808 1023
506 1324
101 405
1492 1446
399 449
1076 502
79 1080
1389 1239
673 318
1597 1136
1435 857
1626 1255
1070 691
1402 898
619 1336
829 368
78 231
278 10
406 1687
1393 59
1373 1577
392 563
763 111
1283 58
506 902
888 14
1162 1387
281 1226
114 116
235 1695
750 562
1457 1440
562 294
1176 1506
187 704
1061 1693
388 973
276 100
1659 952
1015 302
290 179
718 671
189 396
1168 1578
725 680
8 669
330 1685
1145 718
940 1093
1440 754
23 348
781 504
342 835
1137 222
1518 1444
497 284
522 1331
1069 1128
234 579
806 1533
1312 1219
443 361
268 572
1665 838
993 696
969 80
414 1538
1236 1565
229 1409
585 961
1392 971
1166 1016
343 48
1663 596
508 1409
472 679
284 291
170 1221
1619 804
965 797
492 725
238 35
200 214
564 1149
1600 450
874 40
700 1110
886 600
1402 172
477 1055
1254 1166
1145 1659
874 1003
1484 1668
2000
1341 736476682
1367 980998270
861 968064251
1586 643221175
1380 907214679
946 889947211
1007 562821321
129 837986552
1620 993371379
929 664544062
874 861706991
534 830454356
613 570093573
627 531445044
1210 873240872
1605 731787417
1002 745560407
44 635589104
349 644595911
1682 734879681
1321 705645583
526 662570189
320 556171862
1367 878992038
73 704146389
625 582753500
469 619900282
672 855352399
1476 916352705
266 653230163
1400 896224784
779 965181229
1594 574506068
902 759096125
211 602775405
3 561928273
929 672344100
1477 725400843
386 757964030
1050 687428738
592 536923973
62 634762199
1613 855207837
431 867410242
1428 961484513
1292 706998662
1512 974526295
634 681353133
1353 817689794
1239 797138071
1661 904690674
638 620813453
151 836071580
171 614109337
1694 898728122
723 669430053
175 934849307
1145 825950597
1575 713507565
1670 977309587
1601 945340542
121 827091801
1404 531037438
1091 636356411
1380 780162094
517 726257560
466 996129487
10 655056216
158 997263585
1079 637176018
110 917105091
945 970505988
242 871052789
1095 709469686
1610 766749785
313 521322636
775 570981787
1193 725084382
958 622165305
318 786638520
1391 717562342
759 876750536
421 992537260
1370 515438069
986 892654928
396 864689726
1043 642778156
1491 924708337
713 659544048
595 755768812
1587 804167618
525 691565220
1274 935060821
384 827170797
314 937359182
493 902442048
199 782421083
299 831278720
505 526516048
375 549947480
1443 508381037
314 781358847
235 584962377
339 615064919
960 648389649
1452 985437992
382 657550788
28 694617159
1421 626458954
1070 643400697
834 939270714
1140 783527527
1131 809558816
621 878317490
398 841386904
1049 913254902
1203 550529958
918 792916475
1630 717213258
1273 692882327
520 973082867
1043 975155010
15 920024268
977 794384026
267 975745363
1274 627035290
49 944336685
1536 778907549
863 828106164
200 988006087
1064 789844058
1155 665179924
1614 508426358
1467 917695871
1682 669255643
1299 718381830
767 944970057
678 830045288
1124 814458278
689 532826179
1114 631098004
692 632951221
117 641157921
805 755886930
1501 909403928
1293 604945891
538 519573616
1161 981651858
1297 749586365
1690 937417391
717 586612139
1106 844343871
1588 667942624
1071 760633476
506 558103199
1115 663496889
981 686845438
1080 509219143
1354 547640814
1640 940056162
1566 693479193
1008 785249831
1165 798772558
354 932152147
147 788578977
118 685616733
1039 698796548
975 921017626
109 604297294
559 782827424
860 757315526
760 794869010
185 691352535
1031 571261888
1033 677091951
431 702095474
1045 524154369
1062 533115191
174 925684198
1426 578908423
586 794311087
388 937432846
393 879114184
1452 565503966
1123 858389841
1516 661852214
1442 864376440
876 961689789
1012 990356801
1210 581524793
1226 776424703
1024 964619760
391 623181994
1346 692197737
1228 988245710
1001 572925281
600 737295784
685 556840177
794 900436549
395 774390535
435 959538076
690 854956203
87 996592893
1255 534311092
1135 993313917
1132 994597276
35 509935006
136 771870064
258 980978983
492 756771304
1596 847777390
713 539154962
382 639850233
350 970089809
416 921407743
359 864884188
1408 820497361
981 862231176
1445 908869390
160 561904869
1084 828352224
780 823074919
1683 587659599
1021 565439068
193 723987802
20 967741655
760 574455543
130 843021723
455 876741705
1175 901815591
1090 630049085
1019 554622750
181 914933097
1250 638167065
1097 607497497
1333 508740650
1524 776670521
693 794903218
739 995810782
1077 967651740
1480 503673512
1051 569400465
597 774276457
1461 948008836
654 674184170
1567 604110480
1198 564682551
83 844919596
1064 977577978
315 896248695
1287 908330561
568 610118251
1424 833765923
1157 519931505
507 612143433
968 573290465
376 998189458
578 820425437
123 543954594
1119 563851626
274 821642530
939 857987080
1251 861016629
1308 619285301
238 610925887
1284 573039563
474 673171049
1130 979234228
1391 717796333
717 551337561
678 962381951
1096 960582704
1093 589861046
1062 537484994
116 855623784
441 673891799
904 778986604
1670 794851820
577 586405171
422 517728583
1553 998304403
558 509815704
397 957332510
1492 960039309
394 560559508
1010 725416253
513 728703701
745 616351050
893 864489982
126 506306434
793 624898710
985 784375996
1403 955051299
328 798795932
1297 592900794
624 997345836
1317 720118370
1534 586652768
343 771655396
22 552839942
1536 574062492
556 854594427
1173 602470798
794 601006962
67 869527710
1151 996100371
929 844034395
440 898197184
1675 670813476
432 715886446
685 559623725
1631 999348455
362 781401656
1419 608493127
1027 820497019
965 828270441
1350 912284568
1249 719266591
771 657163368
862 956297954
1637 649317449
1386 621856383
568 762485250
255 655379897
532 604406845
1127 539115961
413 928780447
1631 505046945
1537 788144565
278 856520802
1655 964062297
1035 655398802
534 699143504
582 915247990
524 651888066
427 565307125
1104 765863511
550 943629599
179 673647251
1083 666238930
71 522228793
1250 789943255
1389 712210587
1501 539015447
665 815679990
539 722215946
1378 917706224
886 956204954
968 760391164
123 674245694
1449 893881055
407 948102935
399 714919938
1680 862646951
1693 724485273
530 579403008
637 644163203
1536 517517319
220 903442959
713 714517073
903 552270566
394 881841136
1398 628107691
794 606706959
1243 673702496
1282 516759484
707 542882786
565 641532034
61 551490051
527 590375790
662 613199880
238 873514815
1492 589114546
1412 785948599
221 717836775
446 594619106
1012 720419764
1066 606396631
693 619917630
1238 893223453
1377 764738627
1542 546274619
520 608036670
347 649178063
821 816541379
1236 593799964
1144 639890318
1699 826745230
553 636880521
1510 744898017
878 759192707
1076 536855978
1202 855176606
414 693668314
818 836092479
198 524508877
740 792753192
360 912443357
1009 548937361
392 749660386
1205 772833383
1154 558771394
1502 612688090
1635 794345641
65 606777616
1342 509583480
1412 810760038
1089 781719250
379 731037485
1079 746433822
286 601066945
1168 800361830
1061 522006823
1164 940816438
1238 759784485
78 633731205
229 532359570
376 815774920
1619 724580199
1070 760491711
154 755192861
83 748972640
984 583179776
1550 996166108
1233 741961669
1585 788672409
1216 589362697
1279 637721149
12 876854376
534 822514138
471 563766352
1574 810065130
912 814625119
676 703960697
1021 957036974
1699 579068961
80 633063023
1399 762537863
286 810229969
1090 717046200
1494 790085001
1423 692293733
1477 905045007
1037 581004614
829 672165572
1144 858729454
119 884716679
308 633779211
665 647777558
1218 910825085
159 800537500
258 551281716
315 696043631
103 694303378
150 851370119
741 624343581
320 825935542
735 821479147
720 670946176
938 821502347
185 715032099
1017 879882722
99 695914015
1255 526447091
11 870768306
405 532062363
1377 627968668
987 773051251
1162 546938444
217 840602181
512 988622958
708 735221952
1257 582216265
412 741734313
1308 849106340
1212 615158855
382 500762766
1011 912988997
161 850489504
568 649707456
542 524541391
1146 828291504
725 994677324
776 658196578
492 573245925
92 556579873
919 984644437
1589 925801876
693 614936117
1225 852004275
251 545029057
19 823547493
353 601252259
152 858341686
775 855979807
326 523850734
85 674618852
917 572432738
208 964237073
1457 990614805
431 940292582
40 966855925
681 817730969
1129 951298102
898 822300115
1700 594975082
58 524194612
101 611142457
443 834835923
993 548070025
927 557481675
593 886105973
1293 786859694
461 558637012
1451 982475694
1363 642640691
125 731405163
1593 599231264
1511 952842321
996 774566920
1293 711906111
150 942354849
922 805874173
1177 546482970
633 710428512
855 720301684
258 952074439
12 802305551
1192 504088963
873 771588878
864 645376545
1279 565940978
275 809444302
898 605932319
865 677961007
661 604522179
1290 668830892
1189 839864146
846 650116709
93 812268953
140 691620862
1049 547832881
969 992231233
1203 897153190
1573 629103036
1553 617991788
444 624559861
833 628269082
1442 844639653
814 884605915
1669 823254814
1476 589225938
660 664869393
1597 515969946
1424 503859132
385 738464757
23 728959182
1542 726807534
134 848134778
239 798833906
840 545218062
329 715571969
717 885581602
510 866912057
367 536729981
1136 526451873
832 593655770
154 963534384
317 846009375
1515 705431445
778 655700532
570 849645357
543 742133167
3 627118942
243 570799534
446 844133258
1629 566952203
1208 823670919
979 704067445
395 591358275
429 732128601
226 584490441
1153 990536569
317 863190762
736 819036191
269 932987115
924 753854340
1323 991379999
517 823526776
1288 853591399
358 573229410
492 935918258
829 513536405
77 523322321
1500 723965503
1653 697672327
1294 556747748
506 675885862
470 916382189
663 746348079
1518 662696256
1387 829134725
273 908686732
43 832683011
1264 967662732
1062 596981975
267 599582246
768 535975060
1089 538207452
1558 764558169
414 998509284
155 968969795
167 653528290
829 759027907
1241 701045796
1060 561166181
766 743484950
1021 918317219
1308 892779182
341 554196017
495 820886684
1129 912637549
684 908459178
861 950998370
1115 581015373
223 579847722
697 683970113
735 729098828
462 683979531
705 506857352
902 701666303
917 692809598
452 582173573
568 506228880
562 749217293
405 926164571
475 907405263
190 576115959
36 709245615
1528 994961487
1302 775912659
505 780585209
199 634774456
214 589501869
1310 940739277
1591 971660774
473 562892267
1418 821742259
523 766828895
246 612347579
243 800813016
198 729169261
1651 802267303
1267 702419892
170 821027672
925 882263747
160 816462950
635 906347698
1313 630267465
664 937739654
378 849407295
441 713586604
817 558968247
1059 861680852
19 878750820
1628 917988806
670 811972859
426 657444270
214 544289016
235 590291696
1165 630550257
1516 826238059
1616 816528314
355 535954106
496 782417754
349 965760642
605 978503073
63 951586872
1517 584051781
752 966270873
741 729485809
1223 687357338
1453 763826987
1081 914455981
1477 607925332
1412 799013839
1467 543763236
804 527431593
1520 595381660
58 828052309
145 885235899
1350 994920810
944 658631736
1583 502201747
1005 781856302
894 699437959
928 774038500
1432 964249880
1123 958668932
1614 783252073
211 836983940
1683 986280272
85 863047488
119 919015614
1264 551466735
338 727175330
18 982205585
1554 537626881
153 885359833
1373 512869251
1070 896647750
1132 762418823
571 723014922
823 790039368
125 620108936
977 739503005
866 791484072
342 898014926
30 889909603
1541 951614840
427 795406462
305 925046150
275 871212032
356 734504878
706 998057409
191 569270887
641 566723996
619 786545228
1067 690736186
449 501922212
576 668506140
157 920229609
1580 826743521
488 889970229
1108 886883889
890 719887019
1314 703760858
1626 987913146
1434 699944076
1486 844064397
997 518823985
790 868894123
249 685667548
1226 872750709
368 917693202
741 974133936
704 838517317
648 577843878
746 849432908
78 594509269
1494 634702857
439 865709271
512 620945257
1137 511145542
1537 739210185
1111 994991086
302 602047598
1579 979647778
1461 711547883
951 756220897
1301 676262885
772 652478821
1164 670505463
472 711263036
475 504987911
1421 754585364
187 629693749
970 528844777
1242 978454308
1290 891534421
1036 522041771
232 817259969
1488 814924599
533 965790484
753 831517037
1056 903597851
108 971283236
143 998131164
846 918189460
262 852492931
1163 775893064
783 874043888
277 694268694
1659 732320660
737 500085456
65 918240294
118 993154794
169 792056475
215 648672915
469 998974988
1418 640858325
317 962712903
1340 968029380
743 784751678
500 835705287
438 868268863
1201 638938429
788 585126907
517 642354888
836 724293868
1027 505824313
1665 711544659
1427 743444973
1207 708832844
1110 548611102
53 784573215
642 806649429
1384 639051654
686 973782333
455 593572588
579 637233355
1681 740716526
486 662908674
1334 965522097
1500 974669333
688 747244425
726 936335856
1530 742829451
1158 728417463
1526 688717875
351 884733485
930 759531793
1310 539324654
732 684041825
821 543221939
1284 618007675
1692 973326673
1618 688282964
337 838387461
570 915549698
1369 595815485
881 736234327
240 534112949
296 509041415
1290 560407572
629 975262293
652 583191120
1191 508266066
832 922869644
439 763811715
742 746375391
1530 753259941
915 741239170
1110 918782223
232 575657469
1236 500767137
117 791982729
375 522447252
435 837495510
687 865350562
1037 575404036
608 508417946
1036 880071905
341 760803157
536 739141944
768 834846966
648 689136984
637 671682128
1035 763890110
1349 751721317
1180 741718644
1334 800354106
118 637668935
1630 966019202
210 750122202
801 578192397
1207 894276512
784 708877596
1499 821250963
252 886168631
68 947823695
452 936948893
12 878931227
1613 878712490
248 668964661
6 942642526
642 844708826
843 572939778
181 654713893
297 653788311
670 570734042
1427 715402463
573 996858666
153 717033977
587 723338122
1669 675385210
993 900354809
446 636543109
491 881576523
393 590320254
554 735005389
936 571870190
439 800408693
722 938670932
706 938571824
106 789757963
839 654926446
1562 556568017
685 924949648
355 998589014
921 911737662
1056 886448909
312 623514452
1626 696728712
1532 815338864
1286 584599226
977 830063503
911 998960548
1502 833465673
83 506307624
1673 621476330
346 648174965
970 747492141
183 816488981
1695 581830336
826 897791796
1168 852173272
1332 717759851
913 560929060
1149 846536412
548 589709097
666 702313989
481 568888196
223 957918021
1051 963830662
93 847582655
1227 780673775
1195 720734307
301 718017771
771 917347625
196 566446414
1014 522619170
334 511472354
1495 565662015
1632 620463211
1035 828926910
1017 683556533
871 816010372
1271 620227742
407 623177797
1197 553731512
923 520910300
73 686371140
1074 811708629
1546 813893881
1463 950739711
673 851530827
6 557308589
611 982515185
1371 851165106
430 696441717
49 712142319
23 814700072
1584 978789874
1494 872874136
1414 557151349
1365 511852808
469 797208854
927 972420200
215 685009297
974 890095525
872 957015804
635 724942516
793 952514360
967 695330829
392 724670308
884 747880151
1328 598298224
803 648014104
503 862535136
1068 689209382
1386 963736839
1692 587020313
657 848575405
1250 635036512
1179 935752634
101 820136112
804 752507741
1410 582710460
1622 855342859
942 959860348
847 723132033
1197 687292176
915 697544639
589 653846541
1398 961633380
1537 930434218
362 520666003
1240 640716173
931 901704713
1290 759795326
337 511433534
1528 875398969
1088 512047135
989 812108293
449 803963240
885 632549306
344 814994218
1631 794823456
1307 715862420
779 611376909
819 983960016
1437 800217545
805 802196756
421 858947802
1521 945157754
635 842752126
1046 837658904
72 770491076
135 816060624
1363 928962797
1390 714031897
869 813446536
1538 809051000
1354 944949394
378 734889000
1581 634447195
1037 936917659
1071 572218476
224 525813286
1529 650364426
1528 951005480
984 871034842
594 882763249
540 861226073
487 563254093
1553 834705456
335 862506071
1568 715006046
1453 730500173
269 502131075
975 781579902
912 793274944
273 752129967
948 667190143
1400 863372050
1475 812757625
408 632945213
546 620955240
768 791103290
1163 736263241
1070 558909651
837 626155034
1613 632044030
1515 846875310
1035 868913752
433 605238152
202 614253539
44 537957537
567 749827681
1249 857829518
285 618130495
305 883399212
1149 656599952
571 980791538
1050 526051221
703 776475585
1371 771051247
1317 739296839
413 827667139
684 789996182
1331 763820831
1620 846987522
1215 514805400
1625 500007040
461 588153343
1003 834048150
318 883669993
1556 786891480
1019 944900920
946 700854997
1408 818237199
1069 539168494
830 973109267
1267 840421704
654 559801860
252 937490764
1341 894361464
1111 562836139
1313 604585012
1353 702383422
1579 551877828
894 773940781
1647 573068858
680 668620286
334 803377297
842 529885630
1493 579828067
856 963358055
509 679874291
1371 730428365
121 740021914
810 893258628
621 713346106
1076 724594550
230 630737248
514 944302220
1345 744255133
23 652522863
1525 979129426
406 989531850
774 954393359
980 783750554
935 753171862
1691 679234300
1193 890437196
859 609700447
87 996080275
1490 987160138
1568 550105361
1199 799293880
341 897009924
1616 854992733
632 686800082
783 572003606
927 528810794
716 653199665
1545 719466382
1304 510202853
734 975105251
1172 509088223
1001 946638578
779 980441519
214 563769186
443 996343638
1483 824542846
304 746571172
1606 726406483
1171 767558870
1016 810100717
1387 519841682
1429 564972177
1109 569159436
206 830522542
100 642387246
1220 855328725
197 956803439
1335 845483187
319 858780331
163 563694838
1538 983549566
1673 931690405
1078 746740689
1521 742732577
1124 996184547
3 723223803
540 777193111
470 624984620
1344 553165390
1361 652247217
1390 926871025
1077 563616702
623 752113469
1543 530575584
890 878052603
133 670167106
704 785370215
1672 572179605
312 720549391
80 523381808
1092 927997741
565 730634834
79 969812877
298 508580773
1420 526561934
1582 568545415
1225 974663164
1011 843263263
524 894077960
810 643223778
313 698808956
1338 670719963
1109 699488295
859 675459831
1421 972367864
667 588097614
318 516010216
1112 702183198
505 906786274
204 722373912
1100 675022760
1144 932426557
12 634667254
931 612189939
750 622580612
90 985128890
1353 712327592
409 600827610
682 752624864
290 962045890
1025 641671460
548 567221562
817 953365849
1698 964468104
1622 749701825
860 753110283
558 769263602
1082 569215344
545 531313159
1430 939104594
1268 788941098
1232 653562121
1380 691677518
952 817599937
1032 930017423
150 703602887
961 535931268
59 800709119
1111 505824189
847 648750527
392 942505690
525 929224509
628 564965655
1294 800211382
476 810606191
1492 556099960
1389 851636565
1029 934002182
1302 698426473
119 616812257
256 589715743
188 921437033
617 842832570
1106 571261861
1346 698748783
1175 792200238
1095 812440199
506 647772957
331 684485140
1522 885913621
1472 920491808
1198 856543566
374 842384373
1335 810463348
639 513958734
821 725712503
1164 722375243
1683 734926093
831 664369926
81 571441932
461 541263390
1602 974514392
810 651274569
1309 606008003
1480 966855255
1393 514640678
699 724725153
44 724856657
1187 728022071
567 782407768
1592 705871443
291 550988127
785 613774561
811 678384641
1346 834201144
859 862749305
967 805424073
77 938134146
677 535381017
232 721276493
1532 551229451
273 920234036
808 566210610
1582 793980120
1492 735154079
681 826633763
134 726952778
966 603166758
97 610578906
135 719493938
1245 786664054
1294 932239265
771 889278319
1463 753238612
1116 959349897
153 518049361
342 536343377
1065 935126019
1093 963394490
455 864035886
779 623182378
152 811850256
317 969518949
323 521925630
1061 776246692
1200 862338526
1285 589745768
716 819176948
1337 719697827
1464 517184385
199 587697159
1357 519573271
39 569080643
282 647294880
1099 871892582
1459 577024052
1639 656726506
1176 907375213
945 524729843
192 810366456
450 666470559
451 654807949
943 925724251
741 540327590
993 857610211
901 703361849
1432 568874931
1140 991169001
685 525450415
377 879850470
986 582120371
1302 773319409
147 840319109
1531 902283868
1167 782906516
8 805195300
446 623502866
1381 765456236
1622 911127844
262 644660955
475 655053001
81 855133405
626 903022602
258 763355449
1593 844268065
983 667497045
780 935259463
918 880978487
1556 834285132
502 539932977
868 641983439
1044 573278454
1028 920863113
184 891036598
394 557471941
371 508543601
530 554612762
1649 545792793
1308 784722585
817 568425694
395 647320052
244 828499861
114 719030749
1127 762595845
751 613868166
450 642573127
558 980822915
162 571224179
1453 822989553
1683 870267262
978 843890040
347 808743216
393 563101065
471 992798476
785 886136829
1416 637026773
1157 509264256
957 616426260
973 760243623
636 647622822
1675 597126931
1432 885298673
647 798468327
567 711659418
934 967193524
1174 625093522
715 509987636
1184 912391364
1236 572348087
1314 836850341
1327 770896185
1602 559630038
1259 930601722
1565 958774387
1126 893405952
118 843608050
1098 504618985
1050 775455128
1006 619551303
116 667410012
1648 573909376
301 602886906
1256 736715325
540 645956581
791 509258225
4 621744828
1335 946514962
149 657045795
1594 621102326
1108 793222414
1150 586732097
1108 502916021
1307 696487144
932 830985837
38 813635281
759 847827305
630 792169921
866 596949172
1539 751512564
241 624470873
380 938770411
58 611075238
648 830018911
883 661770219
43 537500611
64 930578571
1251 920873385
126 527406509
1485 934628862
437 926539777
1053 599032766
551 982562874
738 911513539
559 566781501
1684 909338480
341 827695714
473 999854127
629 758449313
98 694495917
1595 535974375
127 855052025
1333 729152815
1411 621494533
196 989610526
742 707680926
190 507153547
1098 514400891
444 516978963
958 647826597
846 661446186
7 960741074
318 786933557
690 812133842
752 713173587
1005 861739017
1180 617454122
920 585990971
801 501120665
1164 509543013
1444 512500867
11 786225261
651 971644936
1019 879070970
850 664157791
1074 935318149
374 879932125
1475 956845328
1680 747078591
1532 808707350
1605 949217343
1544 541905218
199 612580728
879 506873774
1205 579832881
1352 899556397
874 911890219
1188 723989610
1155 669778595
164 763273720
1259 726057724
29 592258351
1407 680591798
1643 716605989
1660 788163314
102 970686210
308 533167336
1557 733641825
887 971165365
697 987582220
1152 558853941
284 543346236
486 600416859
232 878009080
1149 520761629
1571 854586941
470 841489498
1553 801577686
1561 574242670
1151 795048393
1460 527609467
1533 984666835
592 864918976
565 870967018
49 809244496
803 976959233
1289 932612468
705 727627135
1201 767793488
305 537817624
147 623156929
1009 799381872
1591 665261313
735 747325655
1496 588241778
42 654189748
1383 606143347
302 518857413
211 706984822
963 879183862
915 821825250
74 502404389
1236 795009081
413 881617018
366 909284201
807 866013076
17 677214010
122 625126682
1384 733322704
1526 603265257
1404 630852635
397 629038902
1357 601327380
1007 946759798
192 785855899
440 578188598
968 680059418
987 817033232
827 846539824
932 863086350
1023 588525010
149 553951078
1683 986572937
9 546138194
1697 659962800
287 595226438
1287 859666686
439 619433204
1622 633785630
290 553050132
1505 913737789
313 573608811
1310 609672433
675 782809232
1131 600695963
1256 519149784
1521 600167906
637 829795646
72 528940831
1391 663231905
860 855683727
1556 593466791
1356 641133236
1437 908291227
729 866808296
920 572968604
999 540633864
761 550358183
1275 714616056
1645 850963369
1486 642764811
1052 647697434
678 702664748
433 926382285
1184 740415771
654 621658939
35 751908245
1065 857235182
404 852351463
1255 573929778
1347 886006765
1031 854473889
1549 520025306
551 949209459
337 609439805
1089 897606558
54 616624836
1095 693147673
237 760889498
601 884486023
1304 710897286
1325 531775883
1528 675593663
1247 857259009
732 700052436
357 769881119
1325 812004434
134 745426411
583 735453996
371 822300031
1563 596492242
1142 732053758
631 854529475
159 911440103
1094 942613872
218 917550189
1246 623784100
655 969150317
579 874748493
1226 726144974
358 777146814
779 519050536
919 734885512
1213 803959955
1366 744983409
1074 850557497
459 996935376
104 611971346
1657 756410072
1218 544191827
216 674096141
146 797801779
1457 916561768
320 666416898
649 716179206
100 647254240
1607 793460790
1580 857884834
1236 864458810
708 946411498
1637 577898370
38 992138748
1199 851330131
1448 592830059
864 693468661
1550 800046702
1220 902625987
813 573701594
287 651503374
1075 942883078
928 762546759
1556 783358049
1091 959307398
975 847005509
1195 599706157
790 792488761
955 751985761
480 822419873
348 528267520
1318 663411540
582 759244848
186 593774349
1014 601829049
1270 736958882
1394 951636945
5 853791509
355 879483220
682 904908338
1381 539139258
1104 503297648
1283 970323280
31 745749411
1626 617126283
160 942379656
628 977531883
627 564323250
254 749540957
1196 950952426
429 615793988
1058 865938537
25 776174360
300 768422166
399 712889648
1687 615123884
1390 566276272
288 577974785
1107 948031013
810 756432382
1500 817097373
369 901898625
374 522335708
399 837467509
1093 709039404
117 595245493
1276 543386160
1011 993885984
1162 935891669
1131 823462648
14 762630425
592 901723710
1197 512099682
18 986353367
1482 752438695
754 760613112
1619 925568073
651 872938875
1378 658487202
1698 889674752
1133 752094526
772 755903838
1294 729466285
1097 824942299
1233 767553790
1664 532129674
180 962155402
271 811841729
422 581752859
1101 509474561
1677 912385492
241 508562168
1086 606790550
1148 943347917
1392 781654358
20 587187064
470 571745484
431 593522460
357 748685374
1016 590983111
119 772870473
744 822303629
1102 590003650
736 532668571
1616 524685399
649 828527119
1341 919323696
975 654464741
1556 583343028
1117 712658108
261 889235120
1649 646180928
1372 703999559
1094 772420649
695 775478040
590 685652189
1295 699274607
373 563011305
261 805520580
986 969411541
719 552347494
353 947430872
532 982537558
208 587076725
1195 631093037
1416 665872512
1029 942773280
934 672155205
1161 682362768
84 608412854
1473 513708358
84 920000079
526 627558849
203 978512635
1537 814415192
66 874403211
875 623828734
112 600702285
1495 707804775
1411 616107431
399 692238308
1007 957171907
6 617653689
563 598524291
460 919793570
309 786712860
94 559823680
21 528921720
49 736242612
993 584073199
1261 904469625
888 580250964
1521 958162225
1196 683668289
155 708222849
1041 894765373
1057 988720597
1243 924528038
1117 625048264
640 655840310
1446 702352911
727 663299523
516 593822469
571 630456033
119 754636144
79 745477780
1004 596051962
212 943528280
1005 843745582
1164 826964260
286 925199484
499 972438326
960 613592348
454 542282228
761 939765510
1164 644956123
356 929306773
1586 884969979
206 700696466
1461 768031312
703 782162174
757 593278860
666 611461081
845 889223181
1583 790776808
479 548547651
361 535234732
312 619633719
1306 807138139
709 798201593
1262 522548711
847 543633373
152 723792560
1112 541595086
50 919248675
960 543728736
780 620055272
1348 612673625
613 996077902
463 648758396
1545 884049252
1325 862447792
1679 695874900
1458 600005172
980 949487451
364 813095605
1678 881716767
656 755165407
262 541944058
1053 981385343
596 615010075
227 794090317
947 610777035
1373 533793574
990 741742874
1405 663380226
1219 640883488
1410 741342374
722 886756346
1465 682554810
1164 870219314
522 810564922
761 821282846
1431 675214100
809 847253650
940 669460074
594 715653390
1185 615152546
1056 652798080
175 575650049
788 847797787
52 711100996
829 514639647
110 831913373
500 969076682
399 971892759
1454 708934856
1029 835464622
1653 943029947
287 827211583
1599 776524905
1084 684600780
85 953654801
1022 758575104
1163 923543509
185 878837038
1672 595565409
28 890894170
1427 974779530
12 830464245
1053 716864879
458 574804739
222 654005613
1117 912486117
1693 647980919
1397 551686431
309 539984452
47 522635352
1616 620290664
133 882788090
387 864988921
1209 617820394
1137 660707670
518 993478703
699 583394104
862 763053353
1470 868029625
1570 686657080
1323 611954700
1363 696144852
387 981312955
872 754176671
1177 798697396
510 544326157
1343 545188422
868 770081396
1546 707912589
1326 832777057
1340 647635572
755 905849676
843 769691650
897 987160243
57 659079434
910 995420229
755 951805285
418 811094524
527 914354449
1534 859738660
186 895607381
1121 615897989
1374 538711806
742 867238907
356 998868469
11 598874249
1683 661472858
1527 674274261
111 600379028
1568 924463506
1312 927435750
902 828018060
1558 928102619
1486 609829863
1329 580010550
577 863102732
709 978988389
1193 952048547
621 519017316
1249 514357739
1312 644677470
1677 607450810
1053 612089278
401 580087385
1298 930280100
22 763669500
731 728263681
1621 931779912
537 895236236
1320 988270174
75 832355047
609 973040576
814 934960927
768 611969781
450 535101784
454 872230901
1299 673395352
962 800654370
28 567151280
973 549092909
253 954921957
855 628648285
558 794843915
110 856994173
1698 508390843
1414 678169430
1280 820354494
888 726326589
75 749960095
1143 873029371
987 568859264
596 798562292
1462 812381989
13 814963975
1378 823730493
1398 545515600
595 709497417
1361 602775660
1377 849891612
128 527172479
250 651324797
667 672057375
292 902544950
1231 887580433
543 869993365
570 521374506
918 717654710
1234 943846614
1667 623211291
1239 967447838
1239 863708366
359 645037883
1202 708593526
668 948167274
177 736559964
726 900263282
511 598487408
1202 607040339
675 550786700
1256 991815460
944 739874088
821 989593112
819 592035743
1552 528527520
475 844316138
337 807593552
717 628988659
629 705192066
71 627364275
1404 825031460
40 523710813
1485 534379390
1597 690837308
1139 807794119
61 917702268
326 982950973
1390 568176754
83 608937651
1137 546052490
1060 516513347
1514 704330555
402 586915416
1262 715075127
617 866833697
946 535488878
531 617269163
347 989643151
930 814235511
57 977482612
291 679762181
863 718572208
755 946227810
300 677376658
1455 824697557
100 865789522
