4069129643.87735652923583984375
3182105673.91028499603271484375
3477816568.07589626312255859375
5734437060.58815765380859375000
3362070794.96416759490966796875
6454288262.30210494995117187500
2974360361.00658369064331054688
3155874201.18084383010864257812
5704643955.98001384735107421875
1738769458.91800570487976074219
7000023628.93224620819091796875
5468531421.18400001525878906250
3501113055.10314893722534179688
4323459617.74197196960449218750
2384143012.37933635711669921875
753067207.64160656929016113281
3637915030.70883131027221679688
4194281882.62393569946289062500
3318509676.11131000518798828125
2071978523.82113933563232421875
1639243371.93377161026000976562
5963423656.59247207641601562500
4234014139.07014560699462890625
1694279347.24810242652893066406
5277509157.38278293609619140625
1898059088.99233102798461914062
2491994059.42183208465576171875
7616726604.02988529205322265625
5193664716.33332824707031250000
2889604975.67058038711547851562
3680469980.62078380584716796875
2762689549.46710395812988281250
2794464710.59891271591186523438
1805740919.41361284255981445312
4669513205.54871177673339843750
5405249585.86221885681152343750
2453055639.93489885330200195312
5910840226.07411098480224609375
4150959868.00841808319091796875
3853561270.75435733795166015625
1393946782.78271842002868652344
3078937870.79033756256103515625
3916002828.92719078063964843750
5480314658.18634796142578125000
2658230660.55481243133544921875
6438967298.38075637817382812500
4370775728.15819549560546875000
5244574943.02401161193847656250
6137571382.52318572998046875000
4648287891.09178256988525390625
2328212399.30941629409790039062
2883179539.25714969635009765625
3575980750.56367826461791992188
2162115693.06266355514526367188
5340615746.45602798461914062500
2669641284.04981803894042968750
6226632323.81448936462402343750
10745846670.96135139465332031250
5366574975.03189182281494140625
1761024195.89152359962463378906
4280664722.36521625518798828125
5391904853.48502063751220703125
2651705333.70640707015991210938
2314083770.28376388549804687500
3768883627.67445039749145507812
2327348549.09157514572143554688
3588621446.20581912994384765625
6965607359.81183052062988281250
2597958539.89644336700439453125
1443012789.07238769531250000000
3043849255.50314044952392578125
3803206558.21302604675292968750
3739108020.00314044952392578125
2835407174.33923435211181640625
3430669222.84298181533813476562
1549126811.74027013778686523438
2754509560.15200901031494140625
2386320980.78430509567260742188
6587788148.70602798461914062500
3636097198.08065509796142578125
4824280142.13326263427734375000
5255505598.76182746887207031250
9372835308.40846633911132812500
4850209062.21973991394042968750
3752484793.51655864715576171875
2242593473.49238395690917968750
5299084188.22114753723144531250
2114116470.88622188568115234375
2440420357.27271842956542968750
4301018424.15803241729736328125
3339302146.37821960449218750000
1445700587.27850055694580078125
3689408548.02097940444946289062
4438034209.44206237792968750000
2266119645.14875030517578125000
1550808760.87207603454589843750
3066588398.65667343139648437500
4116131586.17445039749145507812
4581693647.39448356628417968750
6821624357.83192825317382812500
12836078909.28691482543945312500
4905430239.76321792602539062500
2894847282.75880336761474609375
2163174099.92906761169433593750
4649666200.59935188293457031250
4135285996.96050167083740234375
4370764666.81639099121093750000
2735268056.46164798736572265625
2083876901.69174361228942871094
5964062066.51760673522949218750
3593764764.32419013977050781250
3819494788.25110864639282226562
3578611295.08263015747070312500
3923175514.83019304275512695312
1898438488.61027669906616210938
7448882943.24057769775390625000
4158122369.44206285476684570312
5375858083.13073158264160156250
9082524917.19972229003906250000
3514447780.67436885833740234375
4795182388.05282211303710937500
10315974628.77198028564453125000
6187528683.75092315673828125000
2122424700.08837866783142089844
2791596903.65118503570556640625
3847692721.63073110580444335938
6504712696.55565643310546875000
1907166014.29262971878051757812
2180821872.21742630004882812500
3894093621.79143524169921875000
3367582663.33591604232788085938
1617456122.37933635711669921875
2756571414.29458999633789062500
6336555012.29943370819091796875
3546068562.86521625518798828125
2296156736.35431241989135742188
2422642308.18470001220703125000
1550883981.70791363716125488281
4466074469.96032333374023437500
8294800863.66386604309082031250
2536839618.31881618499755859375
1427075045.99274158477783203125
4663396125.34123706817626953125
4191215734.37415122985839843750
4595334623.45581912994384765625
2282707551.27197551727294921875
4589103059.39901161193847656250
4083434892.00898361206054687500
2854463220.03183937072753906250
3000229335.39361476898193359375
3480446625.07948064804077148438
4111014421.68220996856689453125
6304710496.74467468261718750000
4119168142.40160226821899414062
3330590381.42183208465576171875
4231231718.22384214401245117188
9053930841.36290359497070312500
3389627752.59849929809570312500
3610909681.48151302337646484375
3699854005.48883914947509765625
1670704852.38870763778686523438
4452228161.33259010314941406250
7045999071.01689910888671875000
4499460594.35188579559326171875
2296331907.00391387939453125000
1937235537.22974085807800292969
6631474641.74467468261718750000
926485430.29750108718872070312
3221860968.97075176239013671875
2094600299.40794730186462402344
2823791940.75030755996704101562
1287978842.63729453086853027344
1848794484.78376388549804687500
2426823002.41723823547363281250
3646085517.02830696105957031250
1776034882.37464523315429687500
2921011766.61370563507080078125
3615175821.82194709777832031250
8309809851.18383121490478515625
10263269730.36141395568847656250
3093539588.48622179031372070312
6107686635.26014328002929687500
2438679739.30390167236328125000
1670096580.74274158477783203125
8352381163.89647769927978515625
2779255686.93867826461791992188
6163085933.41436958312988281250
2139910494.10281610488891601562
5095049976.44990539550781250000
3452099206.06713819503784179688
2018906468.55906987190246582031
7047472115.26679515838623046875
2195387255.36935281753540039062
3740407015.46050167083740234375
6442522861.26404094696044921875
4150531918.68314981460571289062
2595758953.26105880737304687500
2642989423.39999961853027343750
4051706386.10821151733398437500
8783490140.96236610412597656250
2005410113.00800418853759765625
2011498915.12207627296447753906
2138645755.60290956497192382812
2133323460.21742606163024902344
6826716743.99907016754150390625
3977046883.96302604675292968750
1719420371.12297892570495605469
2477221987.73905467987060546875
7794447456.00800132751464843750
3217049426.37038898468017578125
3430453555.67961931228637695312
2600718872.75080680847167968750
1467526448.32581710815429687500
8143215218.40412139892578125000
3478987893.61967515945434570312
3372503448.68314981460571289062
2559692231.67961883544921875000
3475908562.35201740264892578125
3765336038.20803260803222656250
1908446517.59589910507202148438
3113839267.48151302337646484375
5796185558.42564105987548828125
3495085278.09516096115112304688
1785404491.60741376876831054688
4857747878.61310100555419921875
1720918120.40430116653442382812
2669693116.83065509796142578125
1896851094.42155718803405761719
5730434254.00760555267333984375
2765334386.79943990707397460938
2386320980.78430509567260742188
4141764172.22933053970336914062
926485430.29750108718872070312
5538706747.15956401824951171875
2466814770.32324647903442382812
2713878895.06710815429687500000
2499233884.66710805892944335938
4380862887.10768985748291015625
4077449950.29721450805664062500
2160292253.50549840927124023438
2425056881.94209337234497070312
3367084845.18399953842163085938
7836237774.36875247955322265625
2250667590.82378768920898437500
7442111462.00353813171386718750
2102720241.79426097869873046875
1283201523.07895684242248535156
3940068943.21752023696899414062
2584193279.37078380584716796875
2742109139.41777515411376953125
2584074832.66795825958251953125
4935348969.62957000732421875000
4422521887.50898361206054687500
3125650374.83065509796142578125
2592345708.34491539001464843750
1718418565.85070705413818359375
1951436346.30747127532958984375
5448328588.81870937347412109375
2742851888.00167179107666015625
5791534041.81249809265136718750
3596508422.50098609924316406250
4414623224.96388053894042968750
1777961329.40118527412414550781
4821986404.23043251037597656250
1890146943.59157514572143554688
5176298028.79943370819091796875
3216881486.72286605834960937500
4638171583.10349750518798828125
5108500960.79752731323242187500
1182268856.78045630455017089844
3103212025.79414606094360351562
1769337998.17310810089111328125
4150672280.61370563507080078125
2158463272.32698726654052734375
5405503394.36940002441406250000
8454702560.70411491394042968750
4059173730.48540830612182617188
2167029859.91800594329833984375
2528083977.51391410827636718750
2686779869.80222129821777343750
2334034254.95810222625732421875
1672535531.15771842002868652344
3187131451.72493934631347656250
3816410601.67409229278564453125
2792345856.13157272338867187500
7171442443.29623603820800781250
5264058220.38171005249023437500
2248964783.53183937072753906250
5121974636.65076637268066406250
3180092116.74595785140991210938
2433022748.83704614639282226562
2373489761.75501489639282226562
1185881897.64805746078491210938
1616658348.18220949172973632812
1335344098.72694802284240722656
2993129357.42910575866699218750
2921746949.12933635711669921875
2029639171.02197551727294921875
1892886914.13512134552001953125
2387101210.11378955841064453125
3299308025.70883131027221679688
4613033965.68400001525878906250
2301799470.46836996078491210938
3905672921.17258071899414062500
6349429521.79943370819091796875
1949060689.15565490722656250000
5543427062.34099769592285156250
1955424982.91268038749694824219
4346700245.72464466094970703125
3378261124.21195697784423828125
4059281488.94152355194091796875
4075479848.60314893722534179688
3609979996.84849929809570312500
10016737888.60179901123046875000
3015638185.75179195404052734375
3180506294.92708301544189453125
4629133080.74233150482177734375
10644497822.84547042846679687500
1613509695.09750127792358398438
4135575595.73681259155273437500
1658393381.08566474914550781250
1805699761.99260663986206054688
4301286248.19374179840087890625
1500208937.65350055694580078125
5377341910.11882209777832031250
4538911352.85566139221191406250
6574605587.63213062286376953125
3740407015.46050167083740234375
4287580777.75755453109741210938
2486973141.20310306549072265625
2922615219.88149452209472656250
2464757275.80747127532958984375
2308474096.07461404800415039062
4151645791.24863576889038085938
2959337013.01391410827636718750
5468531421.18400001525878906250
4180732362.41588163375854492188
1860936236.55700111389160156250
2669641284.04981803894042968750
1786185313.95862174034118652344
4433530257.30743408203125000000
4680033836.49865436553955078125
2391237811.00800418853759765625
4034945155.07892227172851562500
6766672766.84432983398437500000
2495903463.33522653579711914062
4477205826.40412139892578125000
8441745063.21043777465820312500
2867630597.12120151519775390625
6495388668.66514015197753906250
4555172251.57830429077148437500
5125116233.14189147949218750000
2578548118.47062778472900390625
7160261631.23271179199218750000
3367956313.61027669906616210938
8443755380.78124904632568359375
3098612248.64754724502563476562
3895972741.48181295394897460938
2783935195.45453500747680664062
2845123575.30919885635375976562
4574714827.96673107147216796875
3998288597.56441402435302734375
3008012298.18634748458862304688
2203246473.78786849975585937500
3424772124.44968938827514648438
2507582436.75189304351806640625
6423617591.93319034576416015625
6394298199.99355125427246093750
2301139329.86743736267089843750
1078976723.65373563766479492188
3421471079.44998407363891601562
3444160669.27861356735229492188
1376894474.29750108718872070312
4447159167.07258224487304687500
3680916426.69627714157104492188
3122564667.58591604232788085938
2385858610.32536077499389648438
2866891870.14640760421752929688
3517823527.96329212188720703125
3225434468.94998407363891601562
2593691915.29882574081420898438
3396721499.98775196075439453125
6196507246.96108055114746093750
2474768052.90350055694580078125
6558028117.70825576782226562500
1929332754.12865185737609863281
4129139095.63215923309326171875
4762933275.83702659606933593750
966601029.23443806171417236328
1704372145.62207627296447753906
3285951358.00658369064331054688
4196645261.62869358062744140625
3669841101.09927463531494140625
2910096632.47205686569213867188
3871487804.59518718719482421875
2274809809.48330163955688476562
3312296569.50927639007568359375
3160507142.83591604232788085938
5978881622.04467582702636718750
2592345708.34491539001464843750
2383677402.75200033187866210938
5483375273.40510940551757812500
4006032296.18084383010864257812
3811248794.60272502899169921875
9164434484.66757774353027343750
1929213258.65771842002868652344
4725752271.21460437774658203125
2093490144.26470947265625000000
3164707453.26116895675659179688
1449333835.17191171646118164062
2192966904.37549781799316406250
2226568077.89640760421752929688
4654926262.68397808074951171875
7238779915.04465484619140625000
5245046349.12476825714111328125
2533770447.37070178985595703125
2334821301.55700111389160156250
8132893802.74617099761962890625
1943024659.88717794418334960938
6267578104.51683616638183593750
4452404516.68531703948974609375
3090330180.45119762420654296875
3440834643.62933635711669921875
1850814717.60070705413818359375
4464023073.97937774658203125000
4352241407.12957000732421875000
2778638765.57909774780273437500
987250485.24522709846496582031
4521146629.51852226257324218750
1968651548.71101140975952148438
5642168062.18263530731201171875
3588380341.07892227172851562500
3018583532.50791358947753906250
3122564667.58591604232788085938
3673216837.00098609924316406250
1450895249.52591753005981445312
3263341700.60357570648193359375
2003134316.53752231597900390625
4878938306.40757465362548828125
2923575224.40819549560546875000
3601197729.04158926010131835938
1396233960.66790628433227539062
4307097461.96673107147216796875
4090507683.18263530731201171875
1721750252.14875078201293945312
5046946799.37700080871582031250
1775436836.03513336181640625000
4629133080.74233150482177734375
10404299905.13402748107910156250
11523340129.61458969116210937500
2996276060.00714969635009765625
2860518434.08266067504882812500
1504385231.33676099777221679688
2358455854.09110498428344726562
3809109848.22096586227416992188
10998841026.88528442382812500000
805066698.13704025745391845703
4751919345.30757331848144531250
2985040849.55199909210205078125
5426497315.41310977935791015625
3857956452.90757465362548828125
2197745808.15168666839599609375
2742851888.00167179107666015625
5143932454.01975059509277343750
6683783904.62632465362548828125
3462897351.13091373443603515625
997377945.09587752819061279297
2902377852.83584070205688476562
6992623509.87296485900878906250
4563313594.99923706054687500000
2887998411.78120517730712890625
1720511648.15771842002868652344
3718043056.37492227554321289062
4237405452.06468963623046875000
3953213525.61915254592895507812
2738608649.92910575866699218750
3202546370.25030755996704101562
1131171099.35516166687011718750
3215703593.59518718719482421875
2149889468.70680618286132812500
2311560304.16795825958251953125
905781984.57113921642303466797
2053847245.90926671028137207031
1549888733.53311729431152343750
6229746234.44110679626464843750
3155836744.54981803894042968750
1616856061.02447056770324707031
5509128327.66063117980957031250
2914022170.68220996856689453125
1704372145.62207627296447753906
4080330399.01099681854248046875
4026002293.85094070434570312500
5458353674.54033756256103515625
1562381207.15466761589050292969
2269193679.15441894531250000000
1842104126.52591753005981445312
1817647594.83704614639282226562
1280429699.90846633911132812500
2584501135.07909774780273437500
2636787999.82895660400390625000
4415779931.78053188323974609375
3005234544.96164798736572265625
7162459414.69454193115234375000
1347226753.27408051490783691406
3606083527.75394344329833984375
5994695461.97395324707031250000
1993156038.14544081687927246094
1327903649.00126743316650390625
2045297077.07456874847412109375
2595030894.08850288391113281250
12487191409.95282554626464843750
4521711885.94234561920166015625
1529313035.66347074508666992188
2410895437.14697551727294921875
997377945.09587752819061279297
1464321885.27850055694580078125
7626454336.08883190155029296875
3155119035.92549705505371093750
2045328603.87257337570190429688
3604088223.45044994354248046875
1585121442.48775219917297363281
3280768191.88160896301269531250
3048077553.00247955322265625000
3247746304.00800418853759765625
3633840867.45044994354248046875
3672852951.11881637573242187500
5966456318.68519020080566406250
3071199398.16136741638183593750
4094356153.77660894393920898438
1994082930.99274158477783203125
2776449111.56379699707031250000
2504722525.94712257385253906250
2715963902.67256784439086914062
4083434892.00898361206054687500
3132367690.26710796356201171875
3083859479.08085060119628906250
3259104895.26105880737304687500
2511847321.80208301544189453125
6269364874.94350528717041015625
3880259729.11786413192749023438
806276661.35032296180725097656
3719248617.90194320678710937500
3434224198.02961063385009765625
3374168643.29088163375854492188
2322048930.50084304809570312500
7966139514.75420856475830078125
3008589566.21290302276611328125
2489775685.45453500747680664062
5733415498.01770401000976562500
3416085678.13741827011108398438
6030029379.66063117980957031250
1919209027.19950604438781738281
3766328582.52941894531250000000
2238566494.55168628692626953125
2686779869.80222129821777343750
1712123832.91376018524169921875
2512461841.41136741638183593750
5621327935.02025890350341796875
6055202828.84404563903808593750
1911429369.61112356185913085938
806276661.35032296180725097656
6616476851.32883834838867187500
9655776752.71477508544921875000
2936176273.09516096115112304688
4563253441.37682151794433593750
1702730819.89999961853027343750
3596715486.40350055694580078125
3920933271.79544401168823242188
3403103943.15724468231201171875
8988525383.50627136230468750000
3899992697.35168647766113281250
4638171583.10349750518798828125
3152304785.46329212188720703125
5028300258.24255275726318359375
2484899296.52447032928466796875
11833084358.78102302551269531250
3119435993.71482753753662109375
2658975485.32423973083496093750
15446066419.09443855285644531250
885371935.54794955253601074219
1721267950.29458999633789062500
4278932917.37682151794433593750
3615403601.83490085601806640625
3323535253.88157272338867187500
5856108332.15550613403320312500
2736642792.74540710449218750000
2821546526.30941629409790039062
926526536.38870775699615478516
3716310073.18397808074951171875
1228198030.04794955253601074219
2182359147.12363576889038085938
4580833725.34178256988525390625
4011625530.55282211303710937500
2861575329.28953790664672851562
4037338229.13170957565307617188
6916287997.74265861511230468750
2125817760.70680642127990722656
5997872333.03885746002197265625
2235483680.19950580596923828125
5860303208.01580810546875000000
1660742462.34587764739990234375
1780111847.97258067131042480469
3582438440.22359943389892578125
1815239468.03045606613159179688
2708160864.11038112640380859375
2519110863.50927639007568359375
5078960535.97767829895019531250
2369416526.90791368484497070312
1615294746.56777143478393554688
2683875651.39213323593139648438
3697547629.87700033187866210938
10440527471.02676582336425781250
5808765626.99083900451660156250
4994664738.23830509185791015625
4075479848.60314893722534179688
2394222300.83601140975952148438
5067414289.31514644622802734375
1894923926.85201764106750488281
7268663964.35359191894531250000
5645867747.84732437133789062500
9812254499.49794006347656250000
1084254393.64569187164306640625
2177509065.41418457031250000000
4687336471.59178256988525390625
1925094831.92286729812622070312
2171928622.81466817855834960938
7013547504.37063407897949218750
2928806181.54151344299316406250
3826570909.17409276962280273438
2242757432.00658321380615234375
4590401024.71673107147216796875
4981875233.37753295898437500000
3087654042.17592811584472656250
6332217959.77281665802001953125
7541731666.74467468261718750000
2056376000.55049681663513183594
3900819927.56468963623046875000
1467429221.99274158477783203125
3472582760.29143524169921875000
5436264432.70206069946289062500
2875707706.34491539001464843750
4925995257.76028347015380859375
2125817760.70680642127990722656
1550883981.70791363716125488281
1335344098.72694802284240722656
2736123808.81543064117431640625
6778517794.87649345397949218750
4531113009.18634796142578125000
4244935922.79143524169921875000
753067207.64160656929016113281
3547135363.53743743896484375000
3235866438.63741827011108398438
1376894474.29750108718872070312
9672895583.80394363403320312500
4821171977.20326805114746093750
5260886085.96302604675292968750
1564210273.33428001403808593750
1734271025.05906987190246582031
3664057433.55743408203125000000
1646196035.99921512603759765625
2183220034.81867599487304687500
2362975940.55049705505371093750
4682880244.30811023712158203125
5076809918.59676647186279296875
3354251948.56238412857055664062
6899747059.18771457672119140625
2658379684.42549705505371093750
2503724381.47076177597045898438
1443737883.92375516891479492188
3017133467.85201740264892578125
959803365.14854884147644042969
7215806340.53988075256347656250
7394827209.09886741638183593750
4437818655.22076225280761718750
6288125901.02025890350341796875
4465891027.22291851043701171875
4378682982.13326263427734375000
5618795077.78124904632568359375
1720511648.15771842002868652344
2961125493.18427371978759765625
3181885413.00200033187866210938
2712274830.54396057128906250000
1728342581.65108919143676757812
3309814754.33198738098144531250
4250589621.25098609924316406250
2477824846.62363576889038085938
3043176253.17100334167480468750
1774562059.88161349296569824219
2914022170.68220996856689453125
3945060909.00898361206054687500
5789233726.42100334167480468750
5092102421.68151855468750000000
3637401657.06238412857055664062
1606665434.68437051773071289062
3609599988.97075176239013671875
4706348818.61197662353515625000
3494220965.74863576889038085938
1654205418.08850264549255371094
2376464736.00342750549316406250
2231882894.61112356185913085938
1575460648.21376442909240722656
2899803087.70331430435180664062
5630715002.89406108856201171875
7273460369.66207408905029296875
3591602604.50658369064331054688
9511881521.26444244384765625000
1806152645.73059415817260742188
6139900913.22114753723144531250
6659354165.33584022521972656250
3792428509.48315334320068359375
1607868916.66790652275085449219
540839176.25867879390716552734
9218145111.19206237792968750000
4007276528.97096586227416992188
5431291846.79943370819091796875
6410463445.48171424865722656250
7748364348.65666484832763671875
1919606730.29709768295288085938
1194945202.84160661697387695312
1652356057.94064903259277343750
2844960902.23943662643432617188
4236859342.18531703948974609375
2272310833.61497545242309570312
2013125168.66036605834960937500
7794805238.55282211303710937500
3191655240.39697551727294921875
2221084122.32374572753906250000
7010463418.01577472686767578125
2382464837.15565490722656250000
2976594008.54051828384399414062
2589151664.67715644836425781250
3323535253.88157272338867187500
1280429699.90846633911132812500
3174332495.30222129821777343750
4209698061.06734561920166015625
4705721406.64613628387451171875
4608958849.25084304809570312500
2335055264.04709768295288085938
4238312406.46050167083740234375
4084571743.94411373138427734375
5286976889.94699954986572265625
4197776218.68934679031372070312
1836113722.92375516891479492188
2599692166.97101020812988281250
2434020764.73305749893188476562
3197711561.78437042236328125000
3187131451.72493934631347656250
1173198552.17191171646118164062
1612553322.70064592361450195312
9978510065.80455398559570312500
3681981786.41361284255981445312
10703553468.63029861450195312500
2181074336.36027669906616210938
1550585976.33013725280761718750
7454236630.13653850555419921875
1294514164.32113933563232421875
2545402196.82423973083496093750
1571292865.84748649597167968750
5112128415.78636741638183593750
7084788190.19999694824218750000
5108344277.70206069946289062500
1400469078.39587545394897460938
3593764764.32419013977050781250
1734271025.05906987190246582031
1568999885.03752231597900390625
2612448285.87430572509765625000
2436465931.91723823547363281250
5007132650.54033756256103515625
1837821996.48622179031372070312
1300115948.52464437484741210938
3553664707.33923435211181640625
4245355808.97080802917480468750
1182268856.78045630455017089844
2627324674.72790956497192382812
4818802793.14189147949218750000
2550230137.62542152404785156250
2566403046.15791368484497070312
7125176929.65599727630615234375
5081984586.84628582000732421875
6663957607.69917201995849609375
1347226753.27408051490783691406
2603500676.95859766006469726562
4754648187.78101730346679687500
3393298942.90805530548095703125
3083066329.48088073730468750000
2115618730.77812576293945312500
1692902373.38420104980468750000
3627448046.07892227172851562500
1184571734.55726933479309082031
3045090495.05750560760498046875
2707385316.25098609924316406250
1833393354.36935281753540039062
3123294269.94528007507324218750
4632686530.08263015747070312500
842043231.70397365093231201172
3225463946.64464330673217773438
2311560304.16795825958251953125
1184571734.55726933479309082031
1078976723.65373563766479492188
1122972483.71690607070922851562
2587446125.90118503570556640625
2195772781.26541233062744140625
2192783284.39587545394897460938
3445431705.24976730346679687500
3202546370.25030755996704101562
4148416297.17168140411376953125
3104662593.99944019317626953125
4321101025.48476791381835937500
9191941142.43840789794921875000
8529922958.93932914733886718750
2468199703.65803241729736328125
1664567276.82581686973571777344
2427796333.20590686798095703125
2989079443.70797872543334960938
963644190.74624168872833251953
2192554401.00579643249511718750
3791593568.01648330688476562500
3716927778.44234561920166015625
2771931789.62792348861694335938
1043510568.33013749122619628906
4530286391.56527519226074218750
2130910050.83296179771423339844
3184774845.24595785140991210938
1470168147.90846633911132812500
2789524987.72881507873535156250
6376984221.81611061096191406250
2031138828.66790652275085449219
1491503924.43239498138427734375
8584468327.10896205902099609375
2402248372.52272653579711914062
2879880556.75880336761474609375
3519143645.75110864639282226562
1395419880.39587545394897460938
3455067717.27812576293945312500
2100957201.08266043663024902344
4513106802.00841808319091796875
9895825334.50826263427734375000
5426219590.69699859619140625000
3525741180.47608280181884765625
5195387800.03311729431152343750
1185881897.64805746078491210938
2336310064.17910575866699218750
7500323979.17481803894042968750
2789524987.72881507873535156250
2473343547.92187500000000000000
3375045086.14999961853027343750
3977391643.34103584289550781250
1574822759.27921628952026367188
1811563969.14227843284606933594
3068202704.31543064117431640625
2223285369.82937765121459960938
2115207553.90791368484497070312
2847121388.70141410827636718750
4477205826.40412139892578125000
2824602979.72790956497192382812
2635938550.31421375274658203125
1830159661.02447056770324707031
2236828003.97586584091186523438
4113235412.21195697784423828125
5995704532.58386230468750000000
3549736633.26116895675659179688
4408793145.62588500976562500000
3020686199.77586126327514648438
4052581460.18399953842163085938
3378261124.21195697784423828125
2849930076.71753406524658203125
1860527865.50088453292846679688
9270939742.31568908691406250000
2296396713.64697551727294921875
2128443686.14352297782897949219
5773763249.99464416503906250000
2789997306.08837842941284179688
4511230959.14735412597656250000
4740359875.75435733795166015625
2476393073.18603706359863281250
3696548488.09518718719482421875
1469238381.21482753753662109375
2892972885.80875492095947265625
1605369556.28752231597900390625
987250485.24522709846496582031
6222940374.06280517578125000000
2175911897.70640707015991210938
2141053725.86743736267089843750
3350910905.41081905364990234375
2235483680.19950580596923828125
3285371450.34123706817626953125
3900339218.55483102798461914062
3942144405.24197196960449218750
5362835716.20198726654052734375
4955656461.30094337463378906250
1239506134.17803001403808593750
1804330763.08664774894714355469
2676672231.93969440460205078125
2909364818.08664798736572265625
1424023400.79531860351562500000
1038939308.42803001403808593750
2386815900.50549840927124023438
11425187097.04059219360351562500
1772136504.21742606163024902344
7101747344.14053344726562500000
4103256086.84342384338378906250
5930751063.87586593627929687500
1449333835.17191171646118164062
2497784345.90994262695312500000
3498982213.28037261962890625000
3407968671.31280279159545898438
3159751833.21951770782470703125
1280429699.90846633911132812500
805066698.13704025745391845703
3043092914.77044105529785156250
10514937520.20357322692871093750
4534736110.86746501922607421875
4188663553.59178256988525390625
2335381191.90658092498779296875
7062029552.97849750518798828125
2622611042.88717842102050781250
3130743800.99999713897705078125
4236023966.24595785140991210938
5417476216.16361236572265625000
4771428660.34492588043212890625
2106589516.18603682518005371094
3420070554.35201740264892578125
2258938895.06379699707031250000
1469170589.23443818092346191406
11012709514.64769935607910156250
1345886141.86143302917480468750
3444160669.27861356735229492188
3150407646.46504974365234375000
4638171583.10349750518798828125
3672877700.08622169494628906250
3208496889.24171066284179687500
6559503858.36772060394287109375
5478072394.84492588043212890625
4017385926.28437042236328125000
1866899959.25886964797973632812
2354094102.77695083618164062500
1131171099.35516166687011718750
2414292346.63941764831542968750
2015442019.41268038749694824219
5377848413.36020088195800781250
2446505051.24327611923217773438
4170336369.88723516464233398438
1547116519.14569187164306640625
3785265611.49923658370971679688
2976300512.77258062362670898438
4529132781.48068809509277343750
2205570873.12363576889038085938
2169658258.39943981170654296875
3427182644.74128055572509765625
3379987961.67825889587402343750
2720917321.05743408203125000000
8778526580.62973785400390625000
9704736734.27602005004882812500
3910953179.29498147964477539062
3286457333.56713819503784179688
1344761771.56235861778259277344
2084837223.77603650093078613281
2985432360.27812576293945312500
2068159007.77695083618164062500
3869339741.51240110397338867188
3080434255.05183506011962890625
4688049487.29721450805664062500
3782220466.74685955047607421875
2039461618.75545597076416015625
2725695524.66795825958251953125
3808453979.15803241729736328125
2675568911.27695083618164062500
3664057433.55743408203125000000
3057874782.58065509796142578125
2531903317.69174385070800781250
4667153084.87788867950439453125
2382115016.96504974365234375000
8777981817.72591590881347656250
5040220511.51652812957763671875
6905572807.92216491699218750000
3494220965.74863576889038085938
4446137582.59935188293457031250
2436136227.89152336120605468750
3539165174.22493934631347656250
3166702251.97258090972900390625
2329864660.35533237457275390625
1555326353.35533237457275390625
2458197916.77435636520385742188
4249839495.28636741638183593750
2301799470.46836996078491210938
4466074469.96032333374023437500
5125116233.14189147949218750000
1898059088.99233102798461914062
1830159661.02447056770324707031
8568829850.29673767089843750000
1549888733.53311729431152343750
1245460100.38870763778686523438
5287382292.97265434265136718750
2742851888.00167179107666015625
1633718081.92286729812622070312
3684858879.85625171661376953125
2467473474.95179176330566406250
2262342198.71032333374023437500
3882497429.62759447097778320312
2188337108.49893569946289062500
2839066704.28164196014404296875
2943188278.87869358062744140625
4270585345.75435733795166015625
5691530818.57872200012207031250
7712486630.42031002044677734375
2364470548.30747127532958984375
4058407364.29981803894042968750
2098769980.94712281227111816406
4137056967.63091373443603515625
6635153365.70414638519287109375
3785461606.71850204467773437500
8855930057.57409286499023437500
1185881897.64805746078491210938
4953165975.29752731323242187500
8359148957.55199909210205078125
3871313318.16588163375854492188
4619109387.98622131347656250000
1846235582.38652133941650390625
5071636561.72114753723144531250
3609979996.84849929809570312500
4468073234.33490085601806640625
2346892657.40118503570556640625
4849772425.03203582763671875000
3189728972.03536605834960937500
3144719060.69627714157104492188
1757769207.25435757637023925781
4146980629.47158384323120117188
4419739073.00168609619140625000
6391896191.36527061462402343750
5099620739.60231208801269531250
8355469069.42920875549316406250
2425711377.32594013214111328125
4124930170.58351039886474609375
4431164957.17183208465576171875
4044587640.90791368484497070312
5826173071.14189147949218750000
3591323653.93207883834838867188
1250122502.77230000495910644531
5004324536.68397808074951171875
3699854005.48883914947509765625
3131258337.89213323593139648438
2195772781.26541233062744140625
4883303382.46302604675292968750
7689400293.52694988250732421875
1833370050.34748673439025878906
2105913773.64544081687927246094
2164478706.18603706359863281250
2045328603.87257337570190429688
3489418748.67564964294433593750
4583452985.13091373443603515625
4482925636.68397808074951171875
2610320009.96583890914916992188
3979043129.42212295532226562500
1424023400.79531860351562500000
3202546370.25030755996704101562
4594575500.51648330688476562500
2294042232.23940753936767578125
3731519109.43261241912841796875
2671656055.99944019317626953125
3664019317.07203912734985351562
12269569364.41399002075195312500
2954882210.42906761169433593750
1683791331.66795802116394042969
3821654747.91539001464843750000
3706670495.28158092498779296875
2941067811.81734561920166015625
2459484563.88622188568115234375
5163407484.14189147949218750000
4906038682.40207481384277343750
4324341767.71050167083740234375
3844113862.58815765380859375000
3495284014.65397500991821289062
1855700921.39640760421752929688
3597504303.83586835861206054688
7180173066.79782295227050781250
7469613157.94659137725830078125
7070344717.74467468261718750000
3218331246.73943662643432617188
4163136287.21673107147216796875
4175769904.53936147689819335938
1883052418.39958620071411132812
1754775819.90846633911132812500
4159690374.17409276962280273438
3031026406.59786605834960937500
1568062339.34382295608520507812
4420868593.22158432006835937500
2024528394.04544401168823242188
1907222857.09110498428344726562
10388588006.26938247680664062500
2308474096.07461404800415039062
4908562153.33120441436767578125
3588985441.63091373443603515625
4814504989.76343345642089843750
4338694632.75458812713623046875
4164330543.34123706817626953125
3390755805.06713819503784179688
4125436520.14735412597656250000
2770296702.42155742645263671875
3666383409.07892227172851562500
2031790727.24810218811035156250
1838414115.51937007904052734375
3658824067.37095785140991210938
2689523543.12471723556518554688
2035049657.89587545394897460938
1340708929.05049681663513183594
3172143966.51116895675659179688
1801919155.50126743316650390625
4374635628.13611793518066406250
4355169507.31402111053466796875
4012840735.55558109283447265625
3683351589.72464466094970703125
4029857813.31280279159545898438
1526294799.31775569915771484375
4989199799.67999839782714843750
2831022112.93349838256835937500
8076824590.99604797363281250000
4528200187.65724468231201171875
1650562183.35168647766113281250
6925593732.78548240661621093750
1331257826.40430116653442382812
2436956377.65803241729736328125
2331920121.72509956359863281250
3532387335.17258071899414062500
3563552073.05481243133544921875
3232368301.34628582000732421875
2446087687.60039901733398437500
3157680126.01655864715576171875
2363157925.53437089920043945312
3630845808.05827283859252929688
3303012701.52586174011230468750
7447425077.76174163818359375000
4040323433.19374179840087890625
2498471963.08837890625000000000
6500579742.62322235107421875000
2751322159.31131029129028320312
2864099043.56639051437377929688
3648044694.71282052993774414062
1120669856.32536077499389648438
4227087522.88170957565307617188
3347532572.14213323593139648438
2910464453.06713819503784179688
2087777131.14875078201293945312
5635356628.72782135009765625000
3819023841.45859766006469726562
2332582028.79709768295288085938
2528083977.51391410827636718750
3124762414.30933523178100585938
4242411112.50114250183105468750
3948125269.59516096115112304688
5950432448.68985176086425781250
3520417840.03743743896484375000
2113973280.56266355514526367188
2906261486.61521625518798828125
5435944047.40820884704589843750
4261244023.82419013977050781250
2743908081.68263530731201171875
2713878895.06710815429687500000
3551021816.90071821212768554688
1759620130.55700111389160156250
3599363867.47881507873535156250
3562911494.37812566757202148438
7301746400.25501537322998046875
8154472811.66393375396728515625
6017462051.44968891143798828125
3120769974.42549705505371093750
8422366393.66352653503417968750
2001281304.92125511169433593750
4537616459.00391387939453125000
3230447111.64236068725585937500
892804614.79587554931640625000
4801148873.32797718048095703125
2831891639.18010044097900390625
7440533071.34111690521240234375
3807632039.09516096115112304688
3979215236.76158237457275390625
7773711398.56932449340820312500
4117473318.22158384323120117188
6012158041.86795616149902343750
2372026737.00800418853759765625
2622611042.88717842102050781250
1250122502.77230000495910644531
2230009155.93690919876098632812
4128458049.67100334167480468750
5375818038.01550865173339843750
7742113826.28556060791015625000
1208092346.13341617584228515625
6228177873.79721832275390625000
5284691988.15179252624511718750
8690059745.55316925048828125000
2762689549.46710395812988281250
4312156520.35821151733398437500
3935396071.22464466094970703125
4483181630.97539901733398437500
1734397015.32895684242248535156
4059626229.58085060119628906250
3049500896.95179176330566406250
4281963426.23419475555419921875
7726954906.50344562530517578125
9578329789.64164352416992187500
7677678056.61711597442626953125
3951112262.50800418853759765625
4451487498.33103752136230468750
3487435966.29407882690429687500
2129007383.15803265571594238281
3494472626.26041650772094726562
2584501135.07909774780273437500
3455574587.41207408905029296875
2166880000.99027013778686523438
1984245246.73896598815917968750
2266119645.14875030517578125000
2456931399.03455686569213867188
1887455344.10975885391235351562
2318228292.22933053970336914062
4451487498.33103752136230468750
3863486227.75394344329833984375
2553620243.56379699707031250000
1848794484.78376388549804687500
4412367335.85625171661376953125
5324024722.88376998901367187500
3137830963.29652786254882812500
1684086463.40794730186462402344
2656663353.29544401168823242188
2250685528.70627403259277343750
2731976121.01099681854248046875
4138797666.14464378356933593750
7595932861.37430572509765625000
2813395587.52586174011230468750
4960197324.96032333374023437500
4245949521.68983125686645507812
3868910468.39996814727783203125
2010180294.92464447021484375000
3669409596.24685955047607421875
3082970128.80941629409790039062
5711380921.93903541564941406250
2438679739.30390167236328125000
7278600901.11386489868164062500
6495353207.66980171203613281250
4734204725.67162513732910156250
3917661094.46875000000000000000
2981906133.22080802917480468750
2512529337.15299415588378906250
2424096000.42168140411376953125
2878503735.97974109649658203125
5873669981.78317642211914062500
2372251723.44699907302856445312
6869600533.59479522705078125000
6149694581.97982788085937500000
1757769207.25435757637023925781
3240538147.71985483169555664062
7274086606.10983467102050781250
3355702282.80747127532958984375
1761024195.89152359962463378906
2149889468.70680618286132812500
4180732362.41588163375854492188
6777150883.00258445739746093750
6221474473.96419429779052734375
6309603222.91443634033203125000
5344730081.06293678283691406250
3039043105.05747127532958984375
3000417875.30700111389160156250
5554222053.37393569946289062500
2626005214.39943981170654296875
1579875916.60975885391235351562
2574804201.53045606613159179688
1747018521.04802036285400390625
1197111150.41800570487976074219
3592967324.30941629409790039062
2114887870.81466817855834960938
6350374957.62291717529296875000
2052940336.25189328193664550781
2473120365.27302742004394531250
2071685556.61194682121276855469
2118641907.28430509567260742188
3546382442.29943990707397460938
3339214161.22080802917480468750
2160155474.50394344329833984375
1398613649.01727843284606933594
1665740511.08593750000000000000
3619323979.57530546188354492188
4121526155.00391387939453125000
753067207.64160656929016113281
2736619758.15200901031494140625
18372328766.70866775512695312500
4291535288.71290302276611328125
2136622183.24842977523803710938
4403292086.63326263427734375000
3719405797.83923435211181640625
2341096143.38418674468994140625
4075915148.59891271591186523438
4233613680.31421375274658203125
2165464911.13541650772094726562
2322204315.01470947265625000000
3208174225.99260711669921875000
4348524123.09786605834960937500
2362762472.16036605834960937500
1609828046.92125511169433593750
15620503281.75687217712402343750
4561608392.21716308593750000000
3549117492.12588453292846679688
1813643904.31881618499755859375
1715289509.88341593742370605469
5007083201.26652717590332031250
1804206552.97062778472900390625
3514447780.67436885833740234375
1652396403.86935281753540039062
3298549840.93261241912841796875
3541164479.47080802917480468750
6443213458.58829212188720703125
3321587534.00791358947753906250
5354012428.58815765380859375000
2262342198.71032333374023437500
4835622823.43420791625976562500
2473445755.29554939270019531250
3548300324.07538318634033203125
926526536.38870775699615478516
1300115948.52464437484741210938
3919436576.53536605834960937500
2394682042.21482753753662109375
6118384856.26636791229248046875
7014436396.51627063751220703125
2595416264.99238395690917968750
2794464710.59891271591186523438
3230447111.64236068725585937500
6920172306.32463550567626953125
5254073922.50841808319091796875
2811486777.26105880737304687500
6319633347.38748359680175781250
2210578481.61112356185913085938
2666476211.35543298721313476562
1335344098.72694802284240722656
2875485730.88160896301269531250
4137374661.97797679901123046875
6312359467.09175586700439453125
3927585081.55598831176757812500
5414398513.41980171203613281250
2357342552.45119762420654296875
3170771404.16588163375854492188
1507848533.30342817306518554688
2738608649.92910575866699218750
2603404767.31775569915771484375
4238612641.82953786849975585938
1482116534.91376018524169921875
7140114513.41742992401123046875
2893600277.11967515945434570312
2844960902.23943662643432617188
7351126117.26341915130615234375
4919630757.46304607391357421875
2507330179.66287136077880859375
3319996277.79452133178710937500
4742283619.70206069946289062500
1706679185.99976754188537597656
11529533020.70069694519042968750
3335109731.61038112640380859375
3330712294.43110942840576171875
2168508787.29138374328613281250
10043131585.67869949340820312500
6432540046.43224620819091796875
1283201523.07895684242248535156
1600878049.20640707015991210938
1471331398.63870763778686523438
2612213133.90658092498779296875
2422149783.24847316741943359375
3264784220.83296155929565429688
4542669809.80469703674316406250
1709598194.92464447021484375000
3071199398.16136741638183593750
6305853237.13073158264160156250
7071127188.43218231201171875000
5191989988.32523059844970703125
2209406833.16920185089111328125
5874980506.54088211059570312500
4110992473.63326215744018554688
2227994142.79311084747314453125
3007964552.92910575866699218750
3965549076.37869358062744140625
9154000817.72721099853515625000
3473525881.24327564239501953125
5720343255.95093345642089843750
3281069950.72131156921386718750
3938809156.10636091232299804688
3343130846.79945039749145507812
1692902373.38420104980468750000
2031414255.15108919143676757812
9681340491.00220489501953125000
1139922570.83428001403808593750
6664886331.93224620819091796875
3209663895.33500528335571289062
2841988325.37038898468017578125
6887356521.40624904632568359375
5931725023.47849750518798828125
3609916169.33198738098144531250
2076820600.29262971878051757812
3555870179.93261241912841796875
5827054074.96302604675292968750
1791219220.11179971694946289062
2233068660.67256784439086914062
1669789998.28271842002868652344
5872089720.93224620819091796875
4528249560.97158432006835937500
3307595275.12078380584716796875
5599872345.91825294494628906250
3863936527.91188335418701171875
4377518346.85168647766113281250
3967987745.91539001464843750000
2122909333.11179971694946289062
1120669856.32536077499389648438
1738909548.01727843284606933594
2851568448.77603626251220703125
2655807298.00253486633300781250
4320850484.37095832824707031250
2811355383.00579643249511718750
4428772255.92719078063964843750
1770743871.09589910507202148438
2905487727.29091453552246093750
1883508229.54396080970764160156
6956160139.24467468261718750000
8441758670.04467582702636718750
3916075137.24595785140991210938
3506792933.75030755996704101562
2516737272.25030755996704101562
8616989426.62476730346679687500
4988866569.79875755310058593750
1290520202.40103435516357421875
3279972077.39160585403442382812
959803365.14854884147644042969
9879839865.72321701049804687500
5922534889.64613628387451171875
2415197490.69998407363891601562
3278762148.50714969635009765625
2287754018.38891410827636718750
3220035461.07014608383178710938
7817866995.04944992065429687500
1250122502.77230000495910644531
9598725720.39780044555664062500
7938467869.17129325866699218750
1773197211.99326086044311523438
4299467674.65875434875488281250
4572296326.97887325286865234375
1425824427.89958620071411132812
3130531704.99041223526000976562
3847185335.01852273941040039062
2705322764.10070705413818359375
2756049263.44998407363891601562
12860922833.45197868347167968750
4113258762.37095785140991210938
3140701443.22881507873535156250
2054958299.83118414878845214844
3619950283.38157272338867187500
4105764594.87095785140991210938
540839176.25867879390716552734
3837389760.48622179031372070312
2120232750.56235861778259277344
4314594955.85412788391113281250
1677681844.60731554031372070312
2270889139.94209337234497070312
1657228172.78183913230895996094
4414594245.98082447052001953125
3984861465.85625171661376953125
3720845641.81402111053466796875
7259279751.27894592285156250000
3976483564.96710395812988281250
8402721032.16140174865722656250
5226624789.63611793518066406250
3230437118.07892227172851562500
3921006210.81689977645874023438
1702730819.89999961853027343750
8496387434.59176635742187500000
3358383955.20563220977783203125
4878938306.40757465362548828125
3982315136.57538318634033203125
1377158067.38341593742370605469
6385391844.09057998657226562500
3320881637.89176607131958007812
963644190.74624168872833251953
6945243424.17631530761718750000
3717479542.04033756256103515625
5303538918.92216491699218750000
4107694491.81853342056274414062
1316238103.42125511169433593750
4572654143.98622131347656250000
1702730819.89999961853027343750
1910930600.23059415817260742188
5736655978.08958530426025390625
540839176.25867879390716552734
4811954076.29721450805664062500
3426985781.04816102981567382812
1962273040.23940753936767578125
5154363461.63664817810058593750
1168057199.85533237457275390625
11511962539.45210456848144531250
2467814530.06379699707031250000
6174676151.29096317291259765625
2182359147.12363576889038085938
4429900947.72131156921386718750
3158414454.07589626312255859375
2301858754.27586174011230468750
1649389438.10290956497192382812
3869000896.46948909759521484375
3107916642.79414606094360351562
7700388965.76404094696044921875
4287722302.29721450805664062500
4278568681.54943370819091796875
4451487498.33103752136230468750
2162006439.15299415588378906250
4586007990.13215923309326171875
4629133080.74233150482177734375
1331257826.40430116653442382812
2600873107.06639051437377929688
1122972483.71690607070922851562
2682122426.74027013778686523438
2996973000.13555479049682617188
9244274053.84129333496093750000
3202805880.82217216491699218750
2199193892.40658092498779296875
3132367690.26710796356201171875
5627348518.96302604675292968750
8260703293.52795028686523437500
3404805358.61813974380493164062
1650210770.62888240814208984375
8352465187.88386344909667968750
4762105514.56311035156250000000
2335381191.90658092498779296875
2162115693.06266355514526367188
2479936300.33581256866455078125
6065931678.50326728820800781250
3659903902.62733125686645507812
2175911897.70640707015991210938
5577735258.00275421142578125000
2287455253.23940753936767578125
6572953677.37869358062744140625
6936054978.92759704589843750000
4941633356.64668083190917968750
5561546094.01504516601562500000
2536839618.31881618499755859375
1294514164.32113933563232421875
3495193409.37322187423706054688
7766286149.60474109649658203125
5435211635.85566139221191406250
3772477781.98775196075439453125
2438679739.30390167236328125000
5294610213.14189147949218750000
2302281587.58593750000000000000
4005459415.76837348937988281250
5146423138.10828304290771484375
3498982213.28037261962890625000
3493343021.17592811584472656250
13657540224.78292846679687500000
1120669856.32536077499389648438
3800629577.30429935455322265625
4095992183.55282211303710937500
3789847853.70403528213500976562
1841720289.65657973289489746094
8914287897.27310752868652343750
4406476922.63595581054687500000
1672535531.15771842002868652344
5599126219.15803241729736328125
1958774215.80906987190246582031
4033461845.72493934631347656250
2473120365.27302742004394531250
1617456122.37933635711669921875
2818936902.33176326751708984375
3027788432.11881637573242187500
7455114977.41225528717041015625
3412166948.87812566757202148438
3564290464.22359943389892578125
3858228825.37430572509765625000
2513560200.31713819503784179688
3315919305.12542152404785156250
1586448479.41268038749694824219
2164478706.18603706359863281250
3332284719.95625114440917968750
2944270878.63741827011108398438
2413321498.94712257385253906250
4857437081.68531703948974609375
3342628535.74685955047607421875
2359473176.69627714157104492188
3409325460.58622169494628906250
3711348908.00391387939453125000
3447885229.74027013778686523438
6442522861.26404094696044921875
4738168350.65417289733886718750
3412166948.87812566757202148438
2221312036.77921628952026367188
4595172749.01652812957763671875
2478240016.15200901031494140625
4556524086.48315334320068359375
2713565381.01116895675659179688
2287827337.79091453552246093750
2189566234.73896598815917968750
842043231.70397365093231201172
9513715758.30701637268066406250
2406108566.92549705505371093750
3736062777.63841962814331054688
2672012345.58584070205688476562
4661377135.74156761169433593750
2969271495.27044105529785156250
3204276734.06639051437377929688
4717094952.21689796447753906250
2855735927.45179176330566406250
8506256120.47526550292968750000
2967103555.89937877655029296875
9060811717.79095268249511718750
4057463914.84374952316284179688
1813643904.31881618499755859375
2097871015.64160656929016113281
1471331398.63870763778686523438
3480589874.08085060119628906250
1159239599.37689328193664550781
1313761339.49921512603759765625
2705579207.51470947265625000000
1704662730.29311084747314453125
1549845899.45750546455383300781
5007465473.81870937347412109375
3970672279.57258224487304687500
1607868916.66790652275085449219
3861304194.93489885330200195312
1585121442.48775219917297363281
11464335312.56845092773437500000
3630536174.24976730346679687500
7383767549.50332450866699218750
2447210739.61497545242309570312
6105244135.18096733093261718750
892804614.79587554931640625000
2334034254.95810222625732421875
3044646980.05598831176757812500
5733817264.26314544677734375000
8709021624.75896072387695312500
5704618940.42824935913085937500
2177830006.75394344329833984375
4621947984.27447032928466796875
5147898025.56441402435302734375
4965157868.18397808074951171875
1477247554.13512134552001953125
2453055639.93489885330200195312
3729457540.45625114440917968750
1345886141.86143302917480468750
1941116363.05023932456970214844
2743903418.82536077499389648438
4687158596.75724792480468750000
2231882894.61112356185913085938
1393946782.78271842002868652344
1197210432.64958620071411132812
2223285369.82937765121459960938
828991047.06770086288452148438
10278980435.87663459777832031250
3538675996.34621620178222656250
1876121904.46101140975952148438
3050549080.29407882690429687500
2551463450.14749050140380859375
1001819132.24274146556854248047
1640639785.67803001403808593750
5758495856.11210632324218750000
4590359572.03674697875976562500
13277957660.95090103149414062500
7970320689.63741874694824218750
3302398579.18220996856689453125
3609608914.59891271591186523438
1491503924.43239498138427734375
9557381126.42544364929199218750
2190009486.15915012359619140625
1745521330.91376018524169921875
828991047.06770086288452148438
2336114399.71066474914550781250
7843108187.53956794738769531250
3745400082.09849929809570312500
2743908081.68263530731201171875
2810489894.78158092498779296875
1622517528.77603650093078613281
3115885001.87430572509765625000
4597429611.50391387939453125000
3593764764.32419013977050781250
8080815459.23341751098632812500
3932519966.85412788391113281250
1060701891.30342829227447509766
2816640384.22286605834960937500
1184571734.55726933479309082031
8027723868.70718479156494140625
3180506294.92708301544189453125
3563439322.17187500000000000000
3969570224.26116895675659179688
2148016435.42183589935302734375
3148572713.24327611923217773438
7384865142.01403999328613281250
2353107728.61027669906616210938
828991047.06770086288452148438
1489368609.65657997131347656250
4871282261.43087387084960937500
1182268856.78045630455017089844
1719420371.12297892570495605469
2405944232.72974109649658203125
2228857749.04131174087524414062
9145439776.39927291870117187500
4031829309.35349750518798828125
3486492667.68934679031372070312
2757729938.32324647903442382812
2805462038.24976730346679687500
2392011310.71850204467773437500
3942565795.15667343139648437500
2716091600.46836996078491210938
4826620322.48068809509277343750
