1800
617 310
93 1621
602 976
502 519
216 493
809 976
919 1742
27 1449
976 1550
821 1443
976 302
1095 1477
1231 12
1526 935
328 1639
150 989
976 467
976 1487
976 881
976 603
976 101
501 892
976 1447
1085 700
976 1464
1606 976
577 1458
1603 976
1582 788
412 1784
202 1686
976 1588
702 976
1520 976
976 1077
976 831
1513 976
883 976
254 1353
1667 976
243 976
670 973
1531 976
976 1750
859 976
855 976
976 1215
864 952
255 976
877 976
1403 976
205 1012
130 325
1032 27
1152 976
1506 1728
1335 624
1679 1330
1189 1181
42 998
80 976
898 976
976 1673
514 479
696 1051
427 1732
53 667
272 976
976 1111
1540 935
1349 976
627 273
456 360
731 1195
931 976
976 1277
976 1300
976 1643
1275 976
1210 976
355 1017
1049 976
1144 380
915 1358
55 976
976 735
1035 976
1110 919
976 294
825 976
976 1401
79 1734
518 1169
976 634
1637 1430
885 773
215 976
617 135
1591 976
976 463
976 1269
1786 475
119 976
1482 976
976 1651
646 1557
1380 976
295 1216
976 1202
1185 976
1708 976
1302 725
687 709
86 579
497 976
857 976
485 693
487 976
1769 976
1466 1129
137 858
976 1233
976 680
976 1162
1040 976
976 652
1600 1243
976 1346
984 1499
169 532
1177 976
376 1
1157 1287
976 409
81 976
528 1325
762 976
1689 976
746 976
8 807
976 730
928 45
1617 976
976 1760
822 976
1306 156
1028 108
976 625
976 1345
396 541
976 476
580 976
559 1099
1441 976
605 1086
1188 155
689 976
976 1067
976 837
1257 1278
546 1473
718 1150
795 1284
335 976
976 191
118 976
976 223
848 145
976 676
976 740
1365 1408
976 1385
400 921
1104 976
910 976
976 225
189 1781
976 1514
421 1423
800 976
388 976
437 792
190 186
668 976
22 1342
750 976
1758 976
499 976
1798 1515
1694 976
976 741
976 97
1429 1555
26 1521
1540 1289
976 261
976 515
329 976
976 407
665 1364
1226 1171
1211 976
396 1620
976 653
1492 976
519 298
125 976
1170 976
976 1369
976 661
699 976
421 1704
1457 1784
976 946
1010 976
1011 1128
1137 889
1624 1419
1571 1614
648 976
976 239
290 976
976 181
976 1426
1091 382
976 1298
1788 141
472 976
976 2
1201 147
1701 564
976 136
960 1537
1616 976
976 89
1445 1307
508 976
1397 976
411 1652
436 1335
406 792
1133 382
1390 263
88 1079
1390 364
1761 1090
1560 976
151 976
976 846
976 549
760 976
976 824
976 9
849 976
865 1155
976 1797
394 976
235 1160
73 1548
976 1031
1404 976
528 1481
1308 976
177 976
939 1065
1081 1766
1471 976
1733 75
976 176
105 96
537 1267
449 1109
1351 436
235 412
198 111
1325 971
1572 843
1123 976
111 1527
1142 715
1179 957
104 976
644 1456
976 1438
355 673
976 1360
990 976
4 976
146 803
797 976
976 63
976 83
781 155
226 976
336 819
1044 397
976 1561
763 79
1302 1777
1528 976
976 166
976 1147
1151 966
1131 976
424 105
976 489
976 297
976 1203
432 1366
976 1004
976 954
1652 1025
926 1225
976 1354
34 1187
1754 976
976 1141
1223 400
976 1450
213 976
1724 976
908 779
1391 976
558 452
1800 1318
976 507
1722 976
1549 1008
71 976
561 976
1448 976
778 976
1286 976
976 1244
1463 532
872 977
1225 537
1382 1713
1479 1772
976 1562
414 976
976 1075
1282 976
976 1265
1456 38
976 122
1582 961
992 969
1085 754
640 976
1473 1662
1586 535
96 1631
913 1371
395 976
1284 543
1773 976
1311 773
1291 976
945 1022
1361 976
909 1383
976 771
516 156
1099 1497
10 384
1110 511
1138 976
976 900
976 1665
503 1290
300 1323
283 976
1356 316
1094 1253
50 452
471 1444
976 933
976 444
535 427
1083 1053
1043 976
317 754
1331 976
333 976
423 323
1076 976
923 976
1051 44
1306 453
303 976
763 1592
976 353
460 985
247 1672
721 976
1672 1068
1440 622
505 976
976 525
1295 976
376 449
1624 892
976 184
28 1800
976 36
1140 428
829 718
1184 976
1039 1799
533 976
976 1135
1757 1455
521 976
976 523
976 1413
983 19
1452 1116
879 1432
368 976
378 984
976 1412
314 976
354 976
976 1164
434 1573
795 1036
777 1011
1255 1648
1772 871
976 633
673 615
574 893
631 1670
599 504
943 1627
1216 1529
1221 188
645 10
976 1041
251 976
1289 1500
976 1491
976 268
749 976
520 976
1039 123
976 1259
1337 976
1070 296
976 249
909 1310
67 976
976 399
1268 989
977 45
976 1556
976 180
607 976
715 26
766 1522
1765 976
1739 1506
650 976
1738 678
572 401
918 627
701 976
976 1720
1742 807
976 1410
1103 976
1209 372
1439 976
976 1553
782 976
976 1262
952 906
677 1054
995 1087
199 482
751 1311
1661 976
976 1200
1469 976
759 976
976 462
446 976
1587 976
976 1241
1193 200
207 1273
836 692
697 1549
1668 1535
1378 976
138 791
976 435
298 325
1383 1415
976 1246
976 1316
405 976
1365 287
1486 1382
1124 976
1149 976
907 1347
1639 228
1717 1266
145 339
976 739
1428 271
776 201
976 784
573 958
1678 976
976 195
976 253
496 976
458 786
224 976
3 300
1619 976
237 885
1502 1436
976 548
976 351
153 976
976 346
1563 1032
448 1169
976 953
976 1547
852 976
838 976
871 1012
976 94
1338 232
682 711
1303 1001
1252 1656
720 631
95 976
1654 976
976 90
1725 1268
257 684
976 842
1175 578
1375 962
980 874
641 976
1768 976
976 221
976 1568
976 815
976 608
612 442
1020 1248
1054 1145
835 1638
976 347
976 356
312 1112
1510 747
103 976
976 922
1551 976
860 976
687 865
1715 993
456 1257
1411 976
622 12
1285 1500
955 976
219 976
976 571
385 85
976 774
1515 1319
1572 1153
1190 1322
976 655
1563 194
84 976
222 1656
1343 1005
780 976
1631 378
1333 976
1064 352
988 976
1489 806
1101 492
1025 577
1793 1749
1509 276
976 260
1408 135
1501 924
882 976
976 419
183 976
321 976
1640 976
976 1726
1504 203
66 162
595 976
1182 423
1392 767
976 1341
976 1721
863 1343
826 1389
597 1006
976 1601
1436 271
874 839
570 976
100 160
1251 1113
1594 976
1628 976
976 994
256 976
906 92
128 1625
473 1145
976 654
1066 1626
803 1596
550 1234
562 987
1641 772
869 1685
981 976
738 991
1604 1366
1598 976
277 976
1700 976
976 1207
21 231
1356 1373
538 976
1409 976
1367 976
377 976
148 976
288 976
1735 976
205 1178
976 1019
1393 976
728 976
1741 976
330 1576
1536 976
87 194
31 700
393 1644
976 379
976 1283
1709 976
1082 976
495 642
345 1161
1278 1593
804 976
1336 1692
319 976
601 976
973 1429
389 592
1717 624
323 586
1424 192
257 1020
983 776
524 976
1592 220
976 591
1172 1634
587 281
451 976
976 464
370 86
1711 976
985 1794
1445 685
976 965
182 1330
949 1044
698 339
1045 976
161 606
1171 781
976 694
1027 976
943 429
1036 477
976 313
976 884
961 1351
991 576
1013 976
1496 976
1495 976
976 309
976 262
1660 976
976 461
976 1729
976 1069
70 960
465 976
1204 976
227 976
326 976
1730 695
729 1762
1347 403
660 976
976 672
112 1736
976 1511
1168 976
127 976
632 976
1470 976
1670 560
598 1324
324 976
976 972
1535 491
1250 345
102 976
1373 947
976 170
727 976
976 266
918 1060
976 1270
144 976
149 384
517 1160
547 364
1489 1299
976 539
1389 1055
338 976
185 724
976 1478
164 768
714 976
1332 976
944 924
87 445
44 583
1522 642
1569 1261
976 1508
480 976
1418 976
332 976
976 755
976 68
1002 409
41 976
1371 269
1127 976
1590 790
23 976
976 1597
976 1653
976 1272
764 950
126 976
8 380
1642 976
1641 1663
307 976
908 175
1007 976
280 1459
976 1229
1101 913
976 1107
691 976
949 904
1240 690
834 976
820 336
1425 42
976 49
752 1263
613 690
635 976
999 786
1757 1698
1018 75
386 976
1691 138
1687 280
1212 393
604 976
1314 1554
1783 976
1728 85
818 976
445 678
866 613
1267 934
1519 976
82 976
37 110
1747 976
720 187
976 197
976 873
976 1374
1718 864
758 976
939 202
267 1048
466 1297
976 970
976 637
976 6
976 669
1180 359
976 1165
976 282
238 738
957 1142
976 374
976 534
466 614
1052 976
1748 976
976 426
976 43
1734 1280
1775 964
769 976
976 484
1576 312
1472 688
600 304
744 1017
242 976
976 1633
976 1395
1423 110
1173 832
1629 1406
744 1605
976 365
91 872
371 317
976 1437
361 1338
1146 976
976 1208
976 1105
1493 976
1183 628
179 976
206 470
14 976
976 1518
425 976
113 1260
976 512
1057 976
697 731
717 732
109 203
775 976
791 88
1301 514
666 1771
767 629
976 1224
1596 1055
1359 1301
1609 509
129 976
1310 1323
1061 976
1707 1050
976 1774
1781 1552
250 976
940 352
1136 976
639 976
328 469
1222 976
976 1362
1793 343
1690 976
695 724
1779 976
1180 777
1620 1664
976 1451
318 483
391 976
618 976
638 1260
246 854
192 986
1174 73
847 976
1541 976
976 1115
867 1053
976 770
600 389
208 1281
1038 579
976 905
976 392
976 1143
1407 39
1731 976
453 1602
248 1664
1251 683
530 976
492 285
976 861
1023 976
275 403
976 1474
976 1446
976 1558
651 891
893 1140
1114 976
1739 1228
483 1290
976 1422
976 1026
914 1113
443 976
210 976
433 201
1427 976
606 1018
823 117
993 1167
500 1431
976 1744
222 1079
387 976
1462 1359
1100 485
1636 976
976 663
292 976
681 976
976 258
816 976
976 1242
311 854
1072 1209
976 590
976 853
976 930
976 142
976 588
886 132
1525 976
56 976
688 904
1194 976
976 674
1407 1571
1352 1189
976 1538
344 1047
1190 315
1370 1463
844 1118
813 976
1796 976
458 113
123 841
1755 976
308 209
330 1353
976 486
976 1434
976 1649
976 575
976 349
975 772
1675 976
264 976
1364 725
1600 945
320 976
734 976
1355 907
289 732
1319 230
976 1647
976 291
1304 976
1375 876
132 947
976 1505
413 976
1243 611
1059 976
976 708
912 229
100 912
597 677
1752 209
21 790
706 976
411 157
605 1120
976 1276
976 875
976 925
976 529
178 976
976 168
976 765
238 470
1646 976
682 1459
1688 976
554 432
987 164
1183 402
1148 976
269 1613
234 976
1016 200
554 1626
798 494
141 1566
976 468
230 1557
1192 1080
936 976
976 375
337 976
1342 1363
1322 1486
270 976
361 1292
540 944
976 139
1396 1292
976 890
976 513
976 1321
1676 612
1776 742
1414 357
1415 207
862 976
845 130
747 844
363 976
1399 976
241 976
1098 1029
1534 1552
976 279
982 976
1154 1701
214 976
1559 553
1153 109
976 552
951 17
281 1193
1109 1775
976 1126
976 621
1761 1453
174 976
976 293
1785 976
976 1379
1629 743
1686 1303
1394 976
1151 1537
565 976
976 114
1350 976
1255 308
1691 366
152 1230
976 274
441 584
124 976
976 52
980 66
976 585
304 1444
976 107
976 1186
1715 434
976 306
798 366
457 1072
748 976
889 598
976 506
1062 751
1706 976
979 1091
1692 1179
976 1003
839 823
576 1696
1479 344
318 896
783 976
459 511
450 976
1299 112
976 76
915 719
1030 245
976 1294
1264 976
851 1046
976 1697
1751 976
1348 976
1195 869
976 455
117 921
887 296
1698 779
1727 976
1602 1178
488 976
870 976
976 1402
301 1231
1377 976
173 863
976 15
1117 976
1499 568
372 709
976 978
1789 976
976 761
785 976
543 120
1214 976
541 357
1312 976
1002 150
557 402
553 1586
976 48
415 976
976 62
1324 1280
969 1071
1534 583
1042 482
1462 1261
162 1662
1544 975
204 1116
1081 796
976 1671
341 976
404 115
623 551
712 976
1777 473
976 1523
976 937
1050 1063
494 1497
131 1132
997 976
976 69
1512 976
360 218
976 1271
327 1098
976 1274
976 1368
522 926
1787 510
976 1767
1192 1071
894 976
976 1461
1611 976
128 657
976 1503
438 976
903 976
370 187
475 1118
1221 406
1788 267
976 1630
1130 976
327 835
566 594
1084 976
914 1370
976 1381
819 169
1608 976
190 711
821 646
1753 1623
1087 1212
664 976
665 301
976 963
1595 976
1532 976
1666 1197
1420 976
656 828
840 845
976 1245
745 1565
1484 1046
1696 31
1078 976
447 976
58 50
753 976
1166 976
1542 788
1663 938
616 976
1092 976
976 805
976 1545
390 976
1340 976
1108 976
733 628
976 1680
1213 1476
966 315
1068 574
942 976
1475 976
1577 876
348 976
976 54
976 408
976 1740
1516 976
976 1317
787 976
976 431
976 1121
976 1198
1452 592
827 196
559 1093
891 40
976 658
1705 976
828 1725
518 1453
756 99
1707 929
433 867
976 1791
802 858
593 976
1713 1676
46 976
1425 495
1326 976
167 976
976 33
229 1481
976 1578
976 542
74 976
1021 976
1181 940
500 1086
429 796
976 703
16 976
856 976
976 1097
976 1530
1206 1428
723 976
976 850
1431 1498
510 457
976 20
1006 1266
39 547
976 30
1579 1539
976 410
188 1799
163 976
1430 1752
976 1719
1414 1030
509 276
1645 976
140 976
1128 1336
817 976
976 1315
1702 976
976 916
830 976
976 1683
976 1034
976 757
568 504
1710 1460
359 1533
120 1219
1716 976
976 24
208 51
134 976
240 976
1442 1201
1230 1753
1191 976
976 705
976 331
976 362
1435 594
976 259
531 976
811 976
454 1623
976 60
976 1416
626 1419
976 1780
1704 522
976 1256
1090 1219
38 841
546 1095
1590 1498
47 976
385 285
976 1610
143 976
1253 1762
1119 976
1227 827
1134 976
976 726
252 1526
976 1695
358 976
879 175
866 1287
794 1605
1524 550
1449 563
295 1172
976 1387
1176 976
99 1223
58 1048
1028 479
899 976
599 254
1454 160
417 976
1125 311
1093 911
1125 1658
976 620
1554 934
1467 976
976 636
710 976
976 1494
57 976
5 976
976 545
976 888
1047 40
51 964
1573 173
976 25
1509 310
929 231
976 920
1288 976
1137 645
976 165
976 1574
340 976
976 1254
657 397
1296 459
643 976
233 614
1406 733
1150 233
1217 976
976 1024
236 976
273 1485
1778 976
558 971
1579 572
659 976
1129 719
683 1161
171 976
745 1248
976 1309
1029 1318
976 35
967 1618
196 1723
1658 999
917 976
157 1297
567 1156
1307 1764
976 278
976 334
878 976
976 536
1156 586
976 422
976 193
976 901
1157 1458
826 693
1239 976
976 1033
1565 717
1635 1273
1022 1770
1732 851
246 843
437 1432
37 1240
121 976
493 1666
967 615
1154 812
578 1064
1483 611
1682 976
1344 976
976 927
651 1073
172 756
198 1237
976 968
974 976
976 544
766 563
152 656
478 976
976 61
305 976
1386 1196
573 1798
501 1584
1285 460
1687 1424
976 1674
976 1564
1199 976
1476 1435
1684 976
1234 517
679 503
7 131
1738 1460
1723 287
218 1144
1094 1527
976 799
1745 976
976 481
133 976
490 976
802 1014
1593 1718
1396 1614
836 116
806 442
1327 684
976 322
638 17
976 1581
976 1681
1584 560
976 420
976 1712
976 1421
1770 928
1504 263
976 1543
1250 950
424 1776
1613 204
976 1388
976 1746
1794 1622
948 976
1139 976
1417 976
829 1559
976 106
886 1521
498 976
1196 743
1167 1296
976 383
810 976
880 976
78 976
1089 976
976 1009
1213 186
381 976
976 1792
976 1612
1096 976
976 1607
149 367
902 976
1501 566
182 794
1252 28
976 1599
610 976
768 1609
1188 958
1693 441
1218 976
976 1589
1008 1635
3 1621
976 342
440 976
161 1355
649 1073
350 1281
976 662
185 1083
1546 976
995 1622
1703 976
1659 976
938 840
556 976
742 22
1618 1542
1227 19
72 976
367 404
564 1100
557 371
716 976
1122 976
698 1749
343 1363
1480 116
1480 1001
976 814
976 1328
976 11
1657 976
764 34
976 1279
286 976
1648 649
685 1112
979 1585
32 976
976 589
77 976
976 1677
976 1795
587 626
1490 976
1468 976
1102 976
1056 976
976 1158
1488 976
1714 976
897 976
713 976
976 737
1060 562
237 1226
976 1743
976 1088
29 976
1566 1228
1433 976
369 976
976 582
540 1569
976 707
1585 1352
1249 976
1577 1529
206 1440
976 789
976 1507
491 1132
474 976
667 428
976 1398
1329 976
976 13
976 1655
1625 1174
1693 696
1392 951
1524 350
820 1502
1235 976
64 976
1175 1766
976 1305
976 1293
1730 1237
976 569
373 976
976 932
265 976
976 1236
1483 469
976 555
671 998
976 1782
793 976
471 245
976 217
976 1580
976 868
454 1710
609 976
692 962
671 644
1038 1644
92 1014
976 1759
976 1465
996 976
976 430
1263 248
1258 976
115 1120
1790 976
1005 812
1627 1638
1042 567
848 247
1669 976
91 1539
675 976
1133 1764
956 1182
1570 976
976 1737
189 244
212 976
416 976
808 976
216 1173
1699 976
1247 1733
275 146
619 976
1238 7
976 1632
670 1070
976 1372
59 976
1604 1544
1015 976
526 976
976 647
1615 976
1533 1771
736 976
896 199
801 976
833 1442
986 147
108 1197
1357 976
502 1548
976 18
1400 976
976 1313
1485 228
516 1327
1763 976
976 1575
284 976
316 1455
976 98
976 1000
976 299
976 1220
976 959
629 93
1058 1063
976 1756
1668 729
976 439
244 956
1457 1066
976 581
448 1062
976 704
1155 252
1358 1238
976 398
833 1466
976 1517
1583 976
1567 976
1065 752
1058 1637
976 686
1384 976
1650 976
976 158
584 289
1510 1386
976 1405
895 976
137 551
1232 976
941 976
159 976
172 1787
1484 1443
1163 976
1320 976
527 976
596 1314
976 1376
976 154
976 722
832 596
976 1159
666 1206
679 1187
1016 220
1339 976
630 976
1685 1555
1247 911
976 211
70 232
1679 1472
976 1205
1454 401
1736 1634
65 976
53 1080
1334 976
976 1074
1037 976
976 418
1786 887
992 477
623 1477
976 1106
1905
725 850332537
768 887092489
519 827958881
772 840842754
383 944990332
77 857206298
456 967318756
411 840597614
1422 917054155
1327 988267047
1229 923921616
1497 982069244
546 854770382
834 835108270
357 889785279
1622 854491113
683 978247643
841 809914518
1465 983575191
409 898490400
12 976372675
1199 806876354
229 929327449
1024 933432106
677 871288882
1270 842824783
328 918895902
1641 928766644
1189 972112403
18 821458709
259 957200680
368 894286617
749 863667044
261 992459942
140 972232250
1352 945464303
1563 858476350
41 839029452
890 867904689
1671 804883847
423 976450922
928 818798975
712 889514692
1655 967482794
691 803217245
168 841799939
1472 826628773
1300 925445666
1011 899519740
373 939886837
120 933220086
473 867568115
1240 941498443
1759 996710343
90 958274839
1301 955347277
935 845952004
130 945408413
1750 826161802
1414 889970246
1635 916015345
1213 960837273
411 937912058
1123 957188869
1117 850377741
1336 860936445
175 953172912
540 809934042
121 801954484
975 813675192
531 964763039
638 882753367
886 986047604
557 819701904
1694 831071096
18 870085702
949 971832744
698 809473353
1252 928155246
1543 910405310
1185 991340245
830 981383579
1553 867941049
1085 906481860
501 985262112
464 960766597
1658 872132769
867 963159125
225 979215780
1157 857059375
1668 914908271
1224 949292621
1472 996613534
1604 886450715
385 817181958
90 909662080
1087 884514439
512 843378467
40 996055324
623 964328716
110 874918691
631 954202927
1106 856866336
1167 873249357
1766 932899463
344 948435485
886 967158730
1408 964107329
176 878730853
1653 836533855
498 943665440
1308 848629968
983 929625400
389 832197465
751 851901171
1349 972513591
896 835101844
256 907176908
1095 922941922
434 856056451
650 856407503
643 857542480
592 811850283
618 951107987
204 858218883
1340 996821231
1207 998511758
1193 877230590
1119 815626053
928 809772097
1538 951413843
1084 937457102
39 828553388
1574 962786270
254 902497015
670 986876150
174 978259898
1611 903432883
36 933592953
913 816078702
835 810638249
844 854039467
946 866583770
378 940580367
1019 898365687
664 862638295
47 886636290
1799 927392177
1632 900521448
1407 979097580
472 923800545
196 974174762
1234 889751226
1679 874198055
1399 812802652
129 824893908
896 846550387
569 912509400
1279 877284018
39 813593618
687 869177731
1057 922452854
597 924755012
1429 857525384
1355 966963766
1395 808425642
800 939274436
1303 999977915
252 952545236
1679 999418553
437 879362412
640 973906793
1590 806316771
25 816667961
1494 802867956
892 884095104
261 871207061
1480 807064560
521 939473774
738 903168070
530 985936982
1159 833286786
1378 957511340
999 981486205
1507 902130313
194 869366418
1228 956762031
1656 800885858
85 907483494
1133 900305458
382 838634378
589 830197111
468 895272295
1708 967873232
1519 944873098
1365 995759543
462 907152579
1538 916553280
1362 870979153
581 961554668
1549 997951050
1070 829962066
723 917172038
698 908172936
1578 852191309
97 876294618
68 865086437
868 928841309
1659 886145800
1456 812619844
1454 873226565
1758 968773420
1254 834605716
624 861528056
1630 982110268
1501 928497576
1078 937983434
1047 836892687
895 914144936
1297 953155406
265 970642702
1134 980880685
9 952466622
13 986753532
1134 911282845
258 920654711
330 963713732
1624 999654539
1555 993935601
1399 999202761
1093 893034897
612 826770018
730 921865980
629 998592374
22 856563137
1737 873611708
1525 970894576
1755 812795350
464 999787040
1075 953656590
857 846733254
1780 856208774
1732 837892000
316 855846488
848 846305408
1003 853268729
1374 801007863
246 863719612
1390 885427228
1737 858286030
1292 881891217
1430 868937957
833 811569607
1238 968996760
228 939112898
1572 832305534
247 943768491
944 888094087
816 923498237
1686 882711287
903 944018766
1394 948451224
609 946103941
1104 891226038
1040 997483927
1352 838164766
1047 824717669
1549 808270306
1464 873594863
771 886323790
1130 912195169
248 805238299
1487 952739952
798 932594204
1042 897915002
436 945268286
694 833331198
148 963600750
1334 863086041
1418 881338787
1099 931518487
975 889513485
720 815034170
702 840705421
166 851036450
1479 922130901
678 881727421
397 972735598
943 887107562
1060 978088116
1799 953284295
1328 909002179
1368 820888328
1556 896211723
768 938450400
993 994560227
504 962594994
737 894792834
154 806585354
1529 850538520
1132 928390417
16 867634698
124 938684272
1620 811029667
1203 836667808
1564 829911855
1265 810540166
243 957812334
26 908173030
605 956689794
59 945637723
1183 872755634
159 847679076
991 944249998
1220 982653992
1250 962752199
211 938790264
1402 888918152
709 984678192
518 862973220
288 940094744
930 897653003
1263 866383145
99 882911885
1772 835945439
1283 967012441
1011 842229139
547 823110041
1110 997951415
1205 908025932
1220 890298493
599 869057497
256 800246843
918 815093646
153 855978278
1249 804386985
218 811353889
390 947154985
1080 979868546
1455 912031824
616 996110954
814 899647839
132 914721520
1499 991614756
1321 938380613
658 878262115
418 881334277
1281 966662531
1241 972949024
1564 867351794
1272 880808282
1156 803426997
431 821365848
1136 814290130
1635 893654518
1796 879773195
645 801964189
683 810683202
873 988319237
439 826316875
882 955081911
344 949212261
1080 824057574
317 891346307
1045 865425105
1223 820180138
980 833722547
1644 915913464
1720 992296971
708 807872291
686 948272630
1106 866930741
1032 973023101
510 893780028
690 947963763
151 817971206
795 984513288
560 840546284
830 955343722
172 972622297
1224 809898845
1657 886593856
961 940264473
1674 964023870
1529 889603990
1276 885090744
181 877747700
1318 978804228
1193 928206153
844 973718799
1695 945718781
662 977323212
717 843514495
1268 977440228
48 846416528
456 929190875
1601 846325630
431 944529296
740 890785515
1577 852187982
1479 822103100
1145 940816926
224 991247248
606 937980367
428 919171350
913 818404476
40 925460328
1266 872340983
1245 817865078
1409 865505016
194 946370833
94 887335842
1766 930596606
447 929204565
1425 801790291
230 927080942
311 811156955
788 828114927
594 895545649
423 991261709
1696 972523106
350 964033717
436 941301966
1175 865827293
1451 852522941
463 998123880
1773 999234625
1351 895376594
1205 961567332
1116 997791686
1619 859831199
654 958326713
1698 959441964
1791 829431176
433 866932820
412 947452363
1664 907289874
937 969543216
1684 858622165
686 970208032
1042 866289646
1530 989491161
954 945428780
1677 940960693
475 980767229
773 972194725
1723 947009072
1463 950332945
1268 967194270
612 954899302
1126 993773851
170 918616673
1318 886593308
322 907976844
578 869612147
706 907984769
1778 844547812
1785 837560714
1352 851805637
774 959097927
722 869912015
711 867690648
278 812487048
221 826748739
223 999749771
1409 824479141
1163 985297818
888 900602946
1436 992179950
1643 910009419
1062 953866969
782 820790280
330 810419791
1063 996133719
940 828878950
1166 917867784
1422 842405866
1245 841544330
1629 819453831
1734 827924386
755 860835817
1672 875514207
754 935424011
24 842191204
1358 923777110
249 961548099
236 864140381
825 964119523
285 949940142
650 925991440
329 807090700
1245 861974148
241 978498235
1425 947294282
1746 962871901
464 889811690
1694 965141578
1210 922827674
1160 801766921
373 979547406
773 822513911
1113 900578916
1102 922960958
92 977008391
799 916662760
322 959677073
1169 823779533
1517 805186720
380 933122152
1666 862924505
1448 823615130
1618 814964945
94 800131712
1436 872889122
1790 847020666
199 880573130
1450 904105516
776 881984949
1231 951988314
474 995280810
320 953982879
274 890064005
332 922113328
292 917154675
325 924803657
771 874624374
1671 970158748
1713 883887286
979 855660985
521 999898269
1250 960537714
868 965348996
325 940965162
331 816317830
564 908915071
430 823717731
172 839970712
1729 920194578
1272 943306539
635 962034573
1406 806106552
980 917194964
494 843895607
122 946884856
1303 968555584
1086 912442904
796 908377473
558 808820656
481 860602138
128 818403600
969 817299221
1743 929343454
250 949030431
1431 998455627
1440 940903150
206 968624508
1776 921130835
1396 961730637
1544 898882476
179 957520458
211 995840738
455 862933987
394 951573387
451 842086630
906 800867457
606 991091546
252 800432162
675 952351355
417 809319318
1695 853441729
609 865544711
1666 897699028
551 869290544
1397 893845100
637 831685965
1328 850593461
398 865068162
1251 805322527
1796 842598027
887 955125534
1400 984419691
1085 807396961
524 988692150
1516 928221852
277 813350603
1637 835319760
1347 835236741
704 961825963
1262 961943865
861 909627855
980 969811985
1279 848902242
766 862132801
259 862693914
1560 816419604
430 894607949
425 849533235
1510 819696434
1180 860294486
756 957113600
115 914021887
1259 972416380
1789 886326905
1769 930310064
1344 974864819
482 843989266
1356 920661593
945 837413286
1730 847950202
1163 994659199
792 833512927
448 972094318
1343 804913137
135 895988354
1263 994336034
78 947431678
610 840810305
1492 852445289
717 894494806
1491 817320836
1030 882740492
1086 809082742
676 867780736
1573 867003360
501 993236233
1505 933767124
1316 918935861
322 868289198
764 967345463
127 938840893
849 903776521
56 809025111
971 903015669
1355 896443352
577 989074996
38 916673542
484 824362032
1455 984204032
1482 894458811
449 862096055
344 996887685
334 863666165
670 904138015
798 985307794
1677 814651692
867 961479806
273 851166278
247 872587763
19 902477846
760 876097860
991 834636284
331 862694479
1564 801076969
635 922779223
1058 964277963
412 985015888
637 907991755
1085 900405416
848 937357208
1662 928527108
145 990496885
65 871870670
793 903410610
343 950094664
866 918273378
612 861290609
802 902774923
437 911399580
1597 964137196
774 812663840
411 966238570
1370 843335416
1260 988829471
1758 994242451
479 861367937
826 912857868
605 975908447
375 838454824
1188 999043681
1312 848700567
819 851860238
793 811072588
822 939344346
1077 988609248
1143 943131644
1797 837981365
1200 874459980
918 951767167
1598 817741640
87 809459448
1475 895397497
1239 853757393
612 922633220
37 904612910
1030 873190354
1376 933531726
1277 966047183
1155 860679570
413 947993217
404 974844893
1459 923183381
1319 869949746
977 846821295
570 945315977
700 859903490
905 996576139
1758 826288395
291 925717864
993 814821344
132 869344790
1536 872301566
179 891316106
457 990412642
1731 978048453
1367 872125786
1338 842050088
1329 955813202
1165 895920523
391 917329712
1694 901978646
212 973098092
43 813825995
1708 991357507
1378 877540494
1551 811128146
1203 870898870
627 927644385
1075 963218533
1529 901524779
272 885372453
1369 860143804
1323 805011759
1356 902744271
923 948807140
65 954512465
312 939807288
1398 874853675
753 893380531
1133 990210062
1349 865238162
1199 845608032
634 858814797
255 996409430
528 826344490
1157 865779146
1784 981639989
1413 943483423
218 806672844
1495 903343980
228 976726731
1541 985051667
450 882138547
1174 968707334
1159 863545464
1453 987236123
580 866830131
812 970351637
1322 873665465
1284 912318394
661 886836043
517 955400543
1054 864845005
1308 919338510
1625 918335262
226 891236546
783 939908106
207 932382404
1771 884399451
1776 823824791
1490 908042142
1409 914056761
77 984703263
706 859069094
559 835742853
1734 926714661
1258 960571444
1096 999712492
266 942880697
1557 918561466
1258 896250192
842 973490389
1744 991866017
1741 997186454
494 814231359
1067 971764104
248 964578001
1180 887739673
20 855711834
1306 827406636
1187 950705431
146 804789526
1431 986692230
54 919977455
149 854928377
428 892553605
1450 917536656
904 844884728
978 956374383
1439 851958563
471 890800188
1611 896595939
321 901797404
200 802423238
1797 928025973
1531 899214570
282 841635262
1748 903811868
1763 806971849
1573 824892022
1029 870465839
613 928932264
563 961950703
482 970146109
638 879019415
1429 896216078
968 932356521
1726 945416719
1794 958683997
527 877230342
26 931108843
1170 912477117
299 806264703
413 829895368
1532 881509227
1666 936389034
1381 851016252
854 931222150
381 953890050
850 881332463
1675 970769412
217 824314432
1237 823480569
517 898674113
929 999309908
1699 871474441
1236 813603718
1334 857565779
863 872589699
270 987497976
381 942726656
68 831795052
1028 867496805
322 837672063
1585 858624283
1136 885824246
1165 845386944
1383 901334767
6 911156491
484 878951638
1707 994957879
1542 869434001
548 897632561
1047 880712927
1148 867337950
139 980801952
214 874221886
184 904306317
1506 880000166
45 963107748
1674 899349188
528 936782212
417 857007439
1709 817824370
882 831223334
1233 906922594
1588 897470237
1182 811590608
890 810295399
665 987792125
670 869560685
1381 804225853
599 868738711
1441 888967088
664 919282018
271 847838863
296 821364980
1050 953863978
1199 992369178
1686 986822584
889 954766849
318 974587559
1583 805058264
1193 999227870
197 838987032
44 944540086
1503 926852310
502 818332140
1732 806496177
160 929357290
1494 804400646
1145 965289757
1450 853697894
72 981323548
1760 906556941
711 871382196
1600 826094377
1411 921242319
577 841075579
1553 909384871
284 844652881
1011 868107179
825 942851636
1512 901839857
702 829328675
643 985810256
1654 854457784
18 843852005
1056 878044060
795 949407904
1116 809767855
1285 855160817
1312 915984363
1155 824198909
1310 969909071
1545 953540700
333 808772887
85 955358929
1427 951019967
837 840772184
1765 931072183
305 923949645
1320 816636587
993 927238767
355 800699460
637 951796257
1142 997116867
1181 865595035
724 881658780
901 810315209
1008 949796361
969 850279588
1796 969336973
1343 856323666
1133 849625045
1255 986747012
410 840489792
150 883949227
1150 934941824
1318 997848578
324 929877591
575 855601246
718 908347843
320 860164393
1021 849443334
673 965389545
537 997726332
1522 981717603
1426 893467957
641 831277448
902 820011360
1778 982676530
517 956116358
61 979160446
1412 992600824
893 923647185
1673 903803563
214 854592450
665 881893828
674 908387721
1681 872945725
1428 883615924
690 926113791
1492 862923846
799 845114826
229 945627264
1004 852433829
1100 877272153
231 982748210
409 811384916
186 896482449
1538 964540646
1165 990894832
1230 808306986
473 940896081
534 928958197
10 965335625
575 850022915
494 993362149
1676 945006653
527 886616041
994 843552967
1057 882029808
978 880966059
356 814055913
244 846006969
425 893961640
1317 985218233
1711 920653267
1134 916146153
1267 993091605
153 952725017
1750 953070273
1099 950980918
1309 885184257
1632 917107609
1188 882614850
238 910887534
1502 994033323
596 877631718
1413 916490939
1261 854932693
1110 820812835
393 867571519
1283 976751861
1464 832506110
1536 848479390
329 915807448
815 823751815
140 832650736
926 952509145
897 907439094
1020 888087148
1568 842326023
78 879351781
888 947563125
60 803874567
659 978404508
699 856062091
1062 940028533
186 878396969
1195 825651764
77 966897066
369 886859809
1008 880602890
1045 926817365
1709 958416155
321 997158407
381 900309042
598 828932607
622 876943601
1577 977939509
241 969913513
434 882250795
1763 828030315
1145 975743019
370 872893272
326 900202117
1592 838874588
57 970589513
1313 869076860
848 974368955
56 960432825
1762 820032029
219 894678651
301 991589165
1106 986187494
1555 996919275
301 883278498
979 860747062
927 874396090
681 914926719
1285 850878201
41 912287747
1442 826989018
4 938168782
276 906350991
1267 833440959
309 820319527
537 908947767
1374 909186604
417 971492282
1158 816673557
1136 979425546
634 952166346
407 993812879
1194 927327353
1390 899009530
1585 952507133
748 882464587
484 838814723
117 811473886
1615 859403532
589 846355892
372 825594701
924 847124214
1276 809498181
525 870070093
1031 992115153
377 865395572
1464 833737747
621 825369387
175 995797569
444 864434070
834 976668991
1207 942386106
950 872647815
563 953295809
1747 970893445
1734 915341348
1376 964156782
445 963430356
142 971900718
1298 902121487
1366 946431644
767 910332100
493 819271519
1651 858572787
502 955420727
99 989520141
1230 901691450
1774 976099415
109 963426860
1486 860987699
282 980947584
1259 942967150
1063 835747479
1686 850487432
562 972473277
1717 824363967
1319 889324694
1757 816771421
649 808265863
613 892000926
1782 864980757
951 987415806
1542 885130030
1638 992332252
287 816709295
944 957806344
1350 873106378
137 878021691
747 958935916
1517 964760509
1036 977156751
965 949805812
1029 997251749
1576 931814471
1362 896787199
880 848684955
1082 847429491
342 985845570
732 821804385
1777 976649196
1030 916076214
200 947322895
1626 814083041
729 951144867
619 834984489
768 888763377
596 837210862
698 954739066
338 880993625
934 967531509
1052 901549813
479 834972890
1659 853327878
1257 876783692
580 842721465
1418 804343971
1312 896309486
1124 870506343
5 919769901
1151 996929234
906 877998423
650 930116136
1168 980176435
371 888683729
1642 939898603
550 890518797
1387 966375905
705 960569915
1758 868662125
1186 834975627
1151 835651896
522 807629508
1039 974960053
113 950955992
1014 846949363
1213 874697561
1010 885542976
640 869787816
1711 988475545
633 941739121
427 964479992
933 885894815
1580 928974059
364 965999907
1026 963474821
283 822339718
1275 817070491
1789 925169425
137 864247859
650 931188544
1103 922928055
897 972847518
622 904663246
925 936190128
1624 982606843
828 950633524
348 976369815
905 939273817
246 926094867
1777 873760234
1696 940547634
604 872420500
1740 829754982
1648 867803353
1031 874320565
1140 886239200
1124 993502605
1464 832345948
1419 830551891
1454 917329851
1380 803199080
195 984002919
702 926614854
1115 904771401
410 855566456
445 935878973
87 930861566
65 907853395
1247 885223381
263 833811361
1373 831530964
195 947165070
1533 932814995
1747 801138019
1556 842525662
129 932651356
287 933695183
559 972638899
1623 893483748
340 977734620
128 820800190
1339 822259647
374 886277591
324 939010946
843 912480526
506 886317295
1632 820048858
1115 806376600
849 992479663
1782 931258699
319 988491925
252 839337528
1197 974606023
186 997219065
66 813442679
505 986677268
1313 806751789
1367 866155419
1581 905293387
1705 884396059
347 965140455
733 963173421
834 947293727
21 831237567
253 834256264
1189 841253819
547 997689132
1241 922028988
107 951062747
1091 904320685
1165 954153678
1001 825640655
191 816182769
44 964376155
1044 991981145
628 908616785
1180 822514559
796 842894675
1115 884350651
872 807459971
856 982503626
286 897151317
1409 959024541
156 926135289
1651 932386243
673 973462649
377 862213656
1361 994030810
339 893081515
1412 921771803
902 997828490
851 837172183
1097 926165054
1203 802342552
558 921463929
448 944447211
1400 824208154
1162 932849134
79 990596736
483 932739731
1027 973506201
921 966650498
1773 999748872
77 962868657
1476 980750593
1048 848562821
467 918912563
18 896225818
36 956951758
1004 818317004
1167 990355470
897 969270181
134 876677602
1553 900190892
467 900371478
1030 846752642
1037 865949757
1685 977714037
1565 887591479
1363 838068160
250 889571785
1490 951610728
1560 876326164
666 967724843
76 922227357
293 869511996
1427 889520051
715 820286459
299 970468411
440 879834331
852 950390079
1264 832862028
1627 875383611
688 910175436
1619 998249465
1452 946547616
449 985209494
891 800587254
826 935551178
999 982650882
1432 934981652
1344 907207752
1214 866257575
671 803822033
1694 847866841
1112 804657696
1764 888510367
402 986987436
1466 969128695
1160 914489330
1601 847780509
1445 954137914
858 814962706
451 975618409
170 922334434
672 892433640
1707 919253734
1624 848061055
407 951007769
1451 938214323
755 910003994
841 967734572
1400 947491619
1257 815553263
826 855384182
1375 893007047
1183 825260222
1367 872128103
904 965381513
1617 935403911
454 870572611
810 803162021
358 961101326
842 827526553
1005 818544410
27 920522471
1751 826593174
608 800380588
1694 997811977
289 896005394
752 882356178
1763 884397230
932 818208423
423 947141007
637 897817312
269 986962640
1586 907241789
347 872863734
1261 952950644
332 994059274
677 991065406
284 841866142
439 898685465
1380 978714821
348 916841953
936 853958159
10 866195776
449 849604751
776 833507595
937 902584819
203 870890084
1059 918071148
1708 902865476
1530 940654946
1114 809484601
443 971204689
731 939025441
780 996493573
800 902882309
1116 969872678
296 832212598
1650 961864806
313 995587420
905 910635574
1564 984051864
973 854485037
256 857035669
566 895819163
1055 904632032
768 930586394
1016 968261403
1581 910758861
586 943432191
210 868064816
1755 971159405
507 816243283
62 917723671
1141 991238883
1049 906599658
1233 806787008
1368 826292829
394 913852507
1070 889860777
12 953948300
945 878120125
1225 978738985
1447 808953904
335 808135918
783 854044166
1465 957036449
406 965281422
1761 928716124
272 918724259
1077 811183603
880 871764866
1686 977514711
50 816666188
1580 973450368
1060 961242115
1729 944360464
1358 944050727
1336 892508220
1504 972137663
1384 870292457
788 840510025
1184 815921878
881 840276842
1251 947999080
1799 841965991
1256 839768988
1153 993268039
316 921587727
1102 865253828
1202 842856056
113 820799194
254 924873823
1467 860400040
246 821453232
437 841433366
1778 929127686
1689 972662317
1080 970674402
1318 904292493
269 876181732
245 945338988
825 813139594
859 965003271
439 807038832
1251 863720217
1698 968893834
1080 893297692
484 848718692
1656 925517123
909 816318303
1427 930327874
904 932127428
737 985528443
1625 873405579
98 809644259
1745 878950213
1553 839064016
124 968692204
1415 837207930
313 955763406
277 930452199
1741 966654125
1185 824910602
1129 974817832
521 981611832
353 987933509
1113 887660313
180 904429313
45 845922731
1494 966389954
794 806710485
670 870087964
900 849702339
885 969655655
103 891151665
539 951038381
857 936905924
192 950522224
1254 880469601
1635 932540157
1156 960149999
1413 956348989
240 962370225
742 969308293
1197 806297584
1068 817384350
836 856425652
1138 974218524
147 823594924
1438 810151245
839 961131241
1040 991063934
1509 887843262
315 825940747
1236 965116266
881 952674272
660 868236300
818 819142993
1339 910239413
196 819049022
194 956045067
1761 802252316
1487 918498501
1763 870897757
1748 823473766
149 984711571
838 875284995
1242 978543549
1302 913753942
1746 918237310
1266 845425877
1435 918984771
542 853151346
1335 864431718
246 881728725
1321 863978292
1594 920373992
1673 992681348
454 882574773
979 948071092
940 860251345
1663 849716997
1314 802929331
1721 931519044
369 813382377
329 835240440
350 974831461
1663 900514041
2 801293468
559 864694889
491 858603298
799 931245263
468 822709571
1454 934363538
632 938695330
1766 979120377
1393 989059833
1601 847450408
786 882194246
1288 884442894
1068 858429352
1464 854878003
19 887480266
66 946734898
143 920324053
1669 938536629
1424 958748103
573 820822477
1415 951980849
1076 804385737
101 882124098
104 908278325
1294 945705950
1638 934533150
1536 918801320
1569 842756899
1119 912322658
63 944255477
586 988707902
1237 956425859
433 829687508
98 909851662
1014 905804362
152 960177043
997 977409517
969 886675160
1117 841261144
249 985260598
1755 939898817
889 957486657
447 947244288
1118 938941498
795 875262088
1643 909809402
941 802556690
1781 976549068
998 913229779
675 981544769
647 994825452
1583 926879066
666 985126605
205 846794832
1610 836318205
940 815420832
641 804878887
682 966294654
1093 961376444
152 815788685
928 955885897
735 926434627
67 812462049
1229 967862548
691 894921726
448 979729609
534 850023178
1317 954515467
1172 984897781
1747 825860747
1785 912471370
862 926325948
255 814019878
1312 989702465
1595 808581644
1645 959106054
530 846339799
231 942076086
723 858461444
1235 911443362
1310 814979138
707 991355516
213 886424014
473 802860629
469 930832577
807 991590657
501 963409436
1337 987940307
100 950694921
286 896144565
1606 913491070
1022 945534320
1039 822323610
776 944355624
233 931398191
1354 974939323
1653 971283410
1560 803605357
1445 861607342
212 995062584
1100 982895195
1486 843945728
1268 910376490
457 829763584
539 990401940
803 904441419
1749 934044853
681 874842833
1274 956128975
1693 958002281
365 887465754
918 961222682
983 903138405
225 946842484
1744 977589823
659 825078301
1570 849464587
688 948416320
1531 854788022
1359 955081037
975 968894983
318 866420120
1503 897539872
1071 838932288
1110 826082127
880 885012656
349 960841034
1490 964115676
1779 957307646
914 930058247
1289 903090953
672 892912256
1080 914818100
1259 819084644
566 819321321
1760 982848148
1793 932602200
749 992447832
1456 936530559
163 830403213
1008 862309884
1702 869723524
73 802945647
725 946310005
916 881841559
1277 969950935
1270 950427405
517 946887093
308 820275842
803 845400493
1602 951550504
117 982620079
1258 990545620
108 970792516
322 978297927
1086 966999102
1335 803011141
377 963472411
1509 826654495
310 855257684
73 886070872
82 880731688
13 849746442
1565 826637763
808 879231822
1174 820638645
922 885986750
351 840517704
79 805341510
593 849828854
1009 865811190
1714 912555049
253 874841697
648 937356534
1549 857793558
50 933288445
1210 996989283
1241 807520445
343 909210869
152 888511425
1119 964011625
730 932022338
22 893506827
1014 974204638
1520 930821282
34 860731048
628 827676671
312 835569821
585 981694931
791 866887073
315 823071531
1416 894128216
406 945783958
1442 834851212
36 988567353
751 922350428
515 981402614
679 927909350
818 846523395
214 884127996
316 816105575
832 936310201
152 930741430
1575 911286640
964 846325619
738 872896198
1299 899603994
1597 958562243
453 842301229
708 865672594
384 800533956
1422 976493753
666 892799003
183 974375088
932 934213897
1735 964979466
1539 818897227
1722 982013896
956 803766168
1205 819455220
634 832126239
1529 869201451
1297 900112306
1520 881681871
885 827302128
227 916807953
601 951656404
58 928718963
1627 805762746
1786 943891413
1049 901702862
596 857185354
1626 949443277
1346 845612446
53 927286899
868 944039749
432 955884226
980 979592702
593 876683172
792 909285218
1248 923484341
1297 929642823
668 812488295
197 933859739
1439 935345168
1797 906500611
416 957962162
979 935088127
136 990756213
1688 998597200
222 911477983
978 982315450
1738 920585018
1552 881091165
1299 985947973
450 962877450
1477 975596450
37 962862583
1689 883008021
335 807014740
1673 813775078
834 962094205
176 944715044
1431 898506290
344 921377541
457 856964630
1154 882033552
1766 863262190
204 808734002
708 861291406
372 892327337
1786 943282668
763 990273788
1628 872933811
1165 872034739
1025 893252073
231 911471523
371 803069792
1756 889252559
825 832572826
53 864425020
112 999903049
743 963840109
386 926813719
1008 861053901
250 966981283
44 981627325
107 987086557
851 986104760
1543 942921007
863 861502066
1142 842773349
1581 816167124
1211 844313225
1296 964882892
1083 885667253
520 912100152
1599 837680103
1385 871238407
112 990668419
256 913545166
1542 808920110
1507 917943143
114 912307263
1356 952605343
1057 864072956
874 886783720
310 813076103
42 850792687
957 852896797
507 934871791
1757 848270189
1420 903263900
402 947580099
1547 913902221
1492 914508731
1758 810575583
1595 803658436
660 947973889
941 827280251
494 928055468
1764 965369683
69 969228610
1418 936374270
1751 820898048
1019 895098807
1780 908189236
738 893452946
1344 973160102
878 841916152
1341 931546693
71 971506025
352 997007826
273 872280085
814 985541810
998 880082539
1472 930990764
660 861439010
266 847265882
241 914422708
837 835947006
991 922458985
95 975200359
948 997148852
508 954338221
559 932317585
400 894888947
1470 848534324
1233 850537150
1482 904181637
652 952556163
974 980448200
51 973734605
1231 801589891
949 869265708
910 935390138
154 837530475
706 963040639
1139 817119268
554 907366389
