417955431078.31860351562500000000
2189671804.07737445831298828125
417955431078.31860351562500000000
2326401039.83404493331909179688
2308021794.77961587905883789062
2299417577.31963729858398437500
417955431078.31860351562500000000
417955431078.31860351562500000000
2340683620.66648864746093750000
418871196778.81860351562500000000
1389233505.20010662078857421875
418920591565.81860351562500000000
3223773500.57257223129272460938
1389233505.20010662078857421875
1389233505.20010662078857421875
2255942232.33777999877929687500
417955431078.31860351562500000000
4817193388.89701175689697265625
418850410134.31860351562500000000
2244032092.84578418731689453125
418371049861.81860351562500000000
418830466060.31860351562500000000
1389233505.20010662078857421875
2230525892.54695844650268554688
2205029888.86712932586669921875
418875072014.81860351562500000000
418415692313.81854248046875000000
417955431078.31860351562500000000
1389233505.20010662078857421875
1389233505.20010662078857421875
417955431078.31860351562500000000
1389233505.20010662078857421875
1389233505.20010662078857421875
418385796602.31860351562500000000
1389233505.20010662078857421875
4265272877.56296682357788085938
418889168824.81860351562500000000
418413767849.31854248046875000000
418776504581.31860351562500000000
418916188904.31860351562500000000
3138681635.68463182449340820312
418380827421.81854248046875000000
2202190955.91515493392944335938
419400702861.31860351562500000000
418859946317.81860351562500000000
1389233505.20010662078857421875
2274923545.15741729736328125000
2234746707.12966918945312500000
1389233505.20010662078857421875
418830408394.81860351562500000000
418442298380.81860351562500000000
1389233505.20010662078857421875
418851287037.81860351562500000000
2308229127.27054405212402343750
1389233505.20010662078857421875
3156803012.23959445953369140625
2358787170.26734256744384765625
418419790559.81860351562500000000
2333862009.71237993240356445312
2192250148.43596601486206054688
2367348956.06029891967773437500
2305977748.58964776992797851562
2332481238.89487743377685546875
1389233505.20010662078857421875
4120551959.92796134948730468750
418835519866.81860351562500000000
2200828465.56723594665527343750
3084304021.42636060714721679688
2357427719.67182493209838867188
417955431078.31860351562500000000
2359702704.13287067413330078125
2369509749.52027750015258789062
418799939337.81860351562500000000
1389233505.20010662078857421875
417955431078.31860351562500000000
2310476628.09445047378540039062
5156883522.08804702758789062500
3214067355.38580560684204101562
418853400201.31860351562500000000
1389233505.20010662078857421875
1389233505.20010662078857421875
2269025244.76040554046630859375
1389233505.20010662078857421875
1389233505.20010662078857421875
418886852289.81860351562500000000
417955431078.31860351562500000000
418825591585.31854248046875000000
417955431078.31860351562500000000
1389233505.20010662078857421875
3255176894.93756675720214843750
417955431078.31860351562500000000
418443935273.81860351562500000000
417955431078.31860351562500000000
3074900133.31536817550659179688
2363393095.40715026855468750000
417955431078.31860351562500000000
2264592910.16061878204345703125
3106894318.49359655380249023438
418891647091.31860351562500000000
418430778538.81860351562500000000
2270416168.73052310943603515625
1389233505.20010662078857421875
2279434101.18729972839355468750
2296542483.00160074234008789062
417955431078.31860351562500000000
1389233505.20010662078857421875
3325314346.76253986358642578125
418440827336.31860351562500000000
418437144508.31860351562500000000
418392890423.81860351562500000000
417955431078.31860351562500000000
418950716812.31860351562500000000
418841308671.31860351562500000000
2300567121.17449283599853515625
418412442021.81860351562500000000
417955431078.31860351562500000000
418852478060.81860351562500000000
1389233505.20010662078857421875
1389233505.20010662078857421875
418422041121.31860351562500000000
2190332114.61739587783813476562
2335107811.72732114791870117188
417955431078.31854248046875000000
3294574360.62806844711303710938
1389233505.20010662078857421875
1389233505.20010662078857421875
2327072433.53308439254760742188
418775032973.31860351562500000000
3144903053.87033081054687500000
418428135284.81860351562500000000
417955431078.31860351562500000000
418847464233.31860351562500000000
1389233505.20010662078857421875
2264975485.42636060714721679688
418403425255.31860351562500000000
2378932347.64194250106811523438
418826565853.31860351562500000000
417955431078.31860351562500000000
2368988710.18623256683349609375
3192190255.35592317581176757812
417955431078.31860351562500000000
2360096975.90234804153442382812
2308575355.36873006820678710938
1389233505.20010662078857421875
418450679520.81860351562500000000
418357825841.31860351562500000000
418367228540.31860351562500000000
2351805865.92582702636718750000
418875251052.31860351562500000000
418397405691.81854248046875000000
2206331742.99733209609985351562
419753040369.81854248046875000000
3196006487.18516540527343750000
3031594674.83084297180175781250
417955431078.31860351562500000000
418418498722.81860351562500000000
417955431078.31860351562500000000
1389233505.20010662078857421875
2236007907.69316959381103515625
418420109723.31860351562500000000
417955431078.31860351562500000000
417955431078.31860351562500000000
2218750482.11366081237792968750
417955431078.31860351562500000000
1389233505.20010662078857421875
2239361698.58324432373046875000
1389233505.20010662078857421875
2230135045.11899662017822265625
417955431078.31860351562500000000
3228219883.16382074356079101562
1389233505.20010662078857421875
418861727582.81860351562500000000
417955431078.31860351562500000000
2366449369.15741729736328125000
418929916318.81854248046875000000
3210733355.35165405273437500000
1389233505.20010662078857421875
1389233505.20010662078857421875
3236096924.52134466171264648438
2292697578.80522918701171875000
2266044441.37940216064453125000
417955431078.31860351562500000000
2362568705.16595506668090820312
2292574714.07097148895263671875
417955431078.31860351562500000000
419341480319.81860351562500000000
417955431078.31860351562500000000
417955431078.31854248046875000000
417955431078.31860351562500000000
417955431078.31860351562500000000
2204545214.68142986297607421875
418430692190.31860351562500000000
1389233505.20010662078857421875
419341322237.31854248046875000000
3318340482.47225189208984375000
418852042970.31860351562500000000
3160188230.55336189270019531250
417955431078.31860351562500000000
418395717643.31860351562500000000
418830304144.81860351562500000000
417955431078.31860351562500000000
417955431078.31860351562500000000
418390876120.31860351562500000000
418788907520.81860351562500000000
418378828494.31860351562500000000
418439743332.31860351562500000000
418421622280.31860351562500000000
417955431078.31860351562500000000
417955431078.31860351562500000000
2256371891.30042695999145507812
3321799799.62059783935546875000
3355293689.55015993118286132812
2274711495.70597648620605468750
3999387211.44557094573974609375
1389233505.20010662078857421875
417955431078.31860351562500000000
2212668199.27908229827880859375
418764444444.81860351562500000000
2282957323.06136608123779296875
417955431078.31860351562500000000
2215099908.29935979843139648438
418411170069.81860351562500000000
2387916307.39434337615966796875
2379422858.59178256988525390625
3313236210.75400209426879882812
2279518891.59925270080566406250
2305063007.87673425674438476562
418913350892.81860351562500000000
418892908434.81860351562500000000
418418971549.31860351562500000000
419373578987.81860351562500000000
417955431078.31860351562500000000
418421130173.81860351562500000000
1389233505.20010662078857421875
417955431078.31860351562500000000
2252451644.59818553924560546875
417955431078.31860351562500000000
418410874845.31860351562500000000
1389233505.20010662078857421875
2350576654.18623256683349609375
4249012641.60992527008056640625
1389233505.20010662078857421875
2346023627.53094959259033203125
418378434562.81860351562500000000
418428100572.31860351562500000000
419701929296.31860351562500000000
418863609205.31860351562500000000
418840339228.31860351562500000000
3333964498.14781236648559570312
4191822784.88420486450195312500
1389233505.20010662078857421875
419251588541.31860351562500000000
3096507455.56937026977539062500
418869116497.31860351562500000000
3197730658.12219858169555664062
4863526239.98772621154785156250
417955431078.31860351562500000000
2308905660.47865533828735351562
3207185842.42956256866455078125
1389233505.20010662078857421875
3250911535.94503736495971679688
1389233505.20010662078857421875
418372336758.81860351562500000000
1389233505.20010662078857421875
2358840302.50213432312011718750
3177469575.57790851593017578125
417955431078.31860351562500000000
1389233505.20010662078857421875
418887003264.31860351562500000000
2375677587.94930648803710937500
418379350509.81860351562500000000
3191404820.49573135375976562500
418817154259.81860351562500000000
2278347601.97705459594726562500
417955431078.31860351562500000000
418408606573.81860351562500000000
3131175258.31857013702392578125
2200853437.88740634918212890625
1389233505.20010662078857421875
417955431078.31860351562500000000
417955431078.31860351562500000000
3209871225.43062973022460937500
2210695592.76467466354370117188
3073952614.62166500091552734375
418430401149.31860351562500000000
3180615517.52881526947021484375
418830633317.31860351562500000000
2328324946.37833499908447265625
418403433775.31860351562500000000
1389233505.20010662078857421875
2313963409.90021324157714843750
2305409359.84258270263671875000
2257817526.81803607940673828125
1389233505.20010662078857421875
417955431078.31860351562500000000
418782219867.31860351562500000000
1389233505.20010662078857421875
417955431078.31860351562500000000
3164070425.90875148773193359375
417955431078.31860351562500000000
418892864909.81860351562500000000
1389233505.20010662078857421875
1389233505.20010662078857421875
417955431078.31860351562500000000
2312197078.00693702697753906250
1389233505.20010662078857421875
1389233505.20010662078857421875
418365568999.31860351562500000000
2208677557.78495216369628906250
418789597971.81860351562500000000
418361009555.81860351562500000000
418843119632.81860351562500000000
3338501779.62486648559570312500
1389233505.20010662078857421875
418779937217.31860351562500000000
419252200973.31854248046875000000
418401104231.81860351562500000000
418875934917.81860351562500000000
2376670476.17129135131835937500
3201444654.17769479751586914062
3286162682.46371412277221679688
5936288645.30683040618896484375
417955431078.31860351562500000000
3256127497.33671283721923828125
418888315487.81860351562500000000
2288474894.22038412094116210938
417955431078.31860351562500000000
418414879029.31860351562500000000
3944641955.96638202667236328125
418842497839.81860351562500000000
3066453912.05602979660034179688
3303361099.08697986602783203125
2197143240.77321243286132812500
2251977934.69850587844848632812
3002660416.50000000000000000000
417955431078.31860351562500000000
1389233505.20010662078857421875
2269286902.21184635162353515625
418401971835.81860351562500000000
2365924651.75293493270874023438
1389233505.20010662078857421875
2374026945.45624351501464843750
418885083844.81860351562500000000
419863387564.31860351562500000000
417955431078.31860351562500000000
1389233505.20010662078857421875
3225276110.22038412094116210938
3280424769.71237993240356445312
2349049095.19370317459106445312
418924863667.31860351562500000000
2228854178.56616878509521484375
418453934991.31860351562500000000
2376112656.13287067413330078125
1389233505.20010662078857421875
418355780808.31860351562500000000
2202420628.53842067718505859375
418400323717.81860351562500000000
2349309109.40074729919433593750
417955431078.31860351562500000000
417955431078.31860351562500000000
417955431078.31860351562500000000
1389233505.20010662078857421875
1389233505.20010662078857421875
418438431031.81860351562500000000
2275752123.92369270324707031250
417955431078.31860351562500000000
417955431078.31860351562500000000
2282565707.45410871505737304688
3087661131.77001094818115234375
418391877714.31860351562500000000
418801307838.81860351562500000000
418814392097.31860351562500000000
3306619259.14674472808837890625
2274565228.97385263442993164062
2226793500.14567756652832031250
417955431078.31860351562500000000
4077443125.37513351440429687500
418425721261.81860351562500000000
1389233505.20010662078857421875
418421992154.31860351562500000000
4183174273.74653148651123046875
418374748267.31860351562500000000
2333215309.63126993179321289062
418355698056.31860351562500000000
418364022057.31860351562500000000
2315058095.36446094512939453125
1389233505.20010662078857421875
1389233505.20010662078857421875
418371529810.81860351562500000000
2335377652.43596601486206054688
2305584210.03681945800781250000
1389233505.20010662078857421875
418389216837.81860351562500000000
3252668549.79348993301391601562
1389233505.20010662078857421875
417955431078.31860351562500000000
418441798877.31860351562500000000
2253378435.43703317642211914062
1389233505.20010662078857421875
418402875551.81860351562500000000
417955431078.31860351562500000000
418922714845.81860351562500000000
417955431078.31860351562500000000
418442853524.81860351562500000000
1389233505.20010662078857421875
418910963768.31854248046875000000
3331978570.86499452590942382812
1389233505.20010662078857421875
418810368736.31854248046875000000
3083479661.15314865112304687500
419327805199.31860351562500000000
418921665203.81860351562500000000
3165224663.74866580963134765625
1389233505.20010662078857421875
1389233505.20010662078857421875
2346173295.62913560867309570312
4024237369.13180351257324218750
2269627190.65581655502319335938
1389233505.20010662078857421875
1389233505.20010662078857421875
417955431078.31860351562500000000
1389233505.20010662078857421875
419412857897.31860351562500000000
417955431078.31860351562500000000
3130867659.94930648803710937500
1389233505.20010662078857421875
418437671074.31860351562500000000
418861293555.81860351562500000000
417955431078.31860351562500000000
3105725326.41675567626953125000
3153244022.57897567749023437500
418433373191.31860351562500000000
418803741242.31860351562500000000
418824584701.31860351562500000000
1389233505.20010662078857421875
418898716204.31860351562500000000
419271528757.31854248046875000000
1389233505.20010662078857421875
3918572392.06456756591796875000
2268128845.45197439193725585938
417955431078.31860351562500000000
417955431078.31860351562500000000
2359401689.72945594787597656250
2252745020.16275358200073242188
418905085742.81854248046875000000
1389233505.20010662078857421875
3263679744.69637155532836914062
419403566647.31860351562500000000
419303886228.31860351562500000000
3232280434.96744918823242187500
3204998624.20117378234863281250
417955431078.31860351562500000000
418376581692.81860351562500000000
418832004770.31854248046875000000
2251246538.10512256622314453125
418903685893.81860351562500000000
419294001506.31860351562500000000
417955431078.31860351562500000000
417955431078.31860351562500000000
417955431078.31860351562500000000
1389233505.20010662078857421875
2295417938.43810033798217773438
2386292151.60352182388305664062
4236556820.11152601242065429688
1389233505.20010662078857421875
417955431078.31860351562500000000
3206575941.03361797332763671875
3105381879.34738540649414062500
418420847366.81860351562500000000
417955431078.31860351562500000000
418400831172.31860351562500000000
2312048137.13180351257324218750
419261093490.81860351562500000000
2383452115.82977581024169921875
418445814692.81860351562500000000
1389233505.20010662078857421875
417955431078.31860351562500000000
1389233505.20010662078857421875
418803601491.81860351562500000000
1389233505.20010662078857421875
2248917177.73799371719360351562
418862498765.81860351562500000000
418421800943.81860351562500000000
4776461756.59818553924560546875
417955431078.31860351562500000000
1389233505.20010662078857421875
1389233505.20010662078857421875
1389233505.20010662078857421875
1389233505.20010662078857421875
1389233505.20010662078857421875
418384732727.31860351562500000000
417955431078.31860351562500000000
418365066837.81860351562500000000
419745203369.81860351562500000000
417955431078.31854248046875000000
1389233505.20010662078857421875
1389233505.20010662078857421875
2331891831.60352182388305664062
1389233505.20010662078857421875
417955431078.31860351562500000000
419426384968.81860351562500000000
418842307511.81860351562500000000
417955431078.31860351562500000000
418436728575.31860351562500000000
2374857755.83831405639648437500
2274604890.60032033920288085938
3138479726.39968013763427734375
2342553222.22892189025878906250
417955431078.31860351562500000000
418402321092.31860351562500000000
417955431078.31860351562500000000
2231711888.45731067657470703125
1389233505.20010662078857421875
417955431078.31860351562500000000
2369588731.13820695877075195312
417955431078.31860351562500000000
419833970131.81860351562500000000
418386917688.31860351562500000000
418369410518.81860351562500000000
2300360231.21077919006347656250
4307100001.46478080749511718750
418359245832.31860351562500000000
1389233505.20010662078857421875
2376870487.48399162292480468750
2258375028.19690513610839843750
1389233505.20010662078857421875
3151197448.09018135070800781250
418836994429.31860351562500000000
1389233505.20010662078857421875
3219554814.71558189392089843750
2352966914.48932743072509765625
417955431078.31860351562500000000
1389233505.20010662078857421875
3166316287.48399162292480468750
417955431078.31860351562500000000
1389233505.20010662078857421875
418908768127.81860351562500000000
1389233505.20010662078857421875
3328601851.47118473052978515625
418360398099.31860351562500000000
417955431078.31860351562500000000
2241474337.49039506912231445312
417955431078.31860351562500000000
1389233505.20010662078857421875
1389233505.20010662078857421875
418382816269.31860351562500000000
418865830664.81860351562500000000
2285908080.54268932342529296875
1389233505.20010662078857421875
418400690476.81860351562500000000
418390076350.31860351562500000000
1389233505.20010662078857421875
417955431078.31860351562500000000
418409114272.81860351562500000000
1389233505.20010662078857421875
1389233505.20010662078857421875
418365282030.31860351562500000000
418820573370.81860351562500000000
419758128191.31860351562500000000
418375704220.31860351562500000000
1389233505.20010662078857421875
418441667716.81860351562500000000
418913054334.31854248046875000000
418409888613.81860351562500000000
1389233505.20010662078857421875
418813001320.31860351562500000000
417955431078.31860351562500000000
417955431078.31860351562500000000
2300769042.44663810729980468750
2333540607.09124851226806640625
1389233505.20010662078857421875
417955431078.31860351562500000000
418365842316.81860351562500000000
417955431078.31860351562500000000
3093037362.93329763412475585938
417955431078.31860351562500000000
418870506365.81860351562500000000
418390237151.81860351562500000000
417955431078.31860351562500000000
3096960606.43383121490478515625
2349761967.57790851593017578125
1389233505.20010662078857421875
417955431078.31860351562500000000
417955431078.31860351562500000000
2369880736.16702270507812500000
418921501124.81860351562500000000
417955431078.31860351562500000000
1389233505.20010662078857421875
3063997230.71558189392089843750
1389233505.20010662078857421875
1389233505.20010662078857421875
418361356219.81860351562500000000
3113902935.65474939346313476562
418403203902.81860351562500000000
1389233505.20010662078857421875
419241445045.31860351562500000000
418417808584.31860351562500000000
418369897381.81860351562500000000
418824329182.31860351562500000000
417955431078.31860351562500000000
2339874267.36019229888916015625
1389233505.20010662078857421875
1389233505.20010662078857421875
2260722926.75827121734619140625
418921730198.81860351562500000000
418919967034.81860351562500000000
1389233505.20010662078857421875
2188759898.33564567565917968750
3198948700.79455709457397460938
2229146467.29188919067382812500
417955431078.31860351562500000000
419738227652.81860351562500000000
418865897673.31860351562500000000
417955431078.31860351562500000000
417955431078.31860351562500000000
2384281373.87033081054687500000
417955431078.31860351562500000000
2339326435.65048027038574218750
2223326868.81163311004638671875
1389233505.20010662078857421875
2213722028.39327621459960937500
418846234501.81860351562500000000
418437595436.31860351562500000000
418386195106.31860351562500000000
1389233505.20010662078857421875
417955431078.31860351562500000000
418419253270.81860351562500000000
418823577806.31860351562500000000
418454727265.31860351562500000000
1389233505.20010662078857421875
418432532541.81860351562500000000
2326927025.88313770294189453125
2329967568.44023466110229492188
4029520068.22251892089843750000
3272035760.32924222946166992188
1389233505.20010662078857421875
4974694173.82764148712158203125
418836317469.31860351562500000000
1389233505.20010662078857421875
3230960457.20010662078857421875
3023643675.48826026916503906250
417955431078.31854248046875000000
3230618949.05923175811767578125
417955431078.31854248046875000000
418356413172.81860351562500000000
417955431078.31860351562500000000
2382997243.80416202545166015625
2325589658.69423675537109375000
418359564009.81860351562500000000
5029048437.03361797332763671875
417955431078.31860351562500000000
2340773066.10512256622314453125
1389233505.20010662078857421875
2346537457.56723594665527343750
1389233505.20010662078857421875
417955431078.31854248046875000000
417955431078.31860351562500000000
2266558307.37726783752441406250
3190791572.67502689361572265625
4064025020.95677709579467773438
2275123084.97385263442993164062
2365513682.82230520248413085938
1389233505.20010662078857421875
3169252088.94397020339965820312
418890274054.81860351562500000000
419378256303.81860351562500000000
417955431078.31860351562500000000
2200854683.55656337738037109375
1389233505.20010662078857421875
419770762485.31860351562500000000
418357342094.81854248046875000000
3172674016.03895425796508789062
418924857175.31860351562500000000
2296651762.25026702880859375000
3321065705.90875148773193359375
2256088114.48078966140747070312
418886608222.31860351562500000000
418396294788.81854248046875000000
418419385753.31860351562500000000
1389233505.20010662078857421875
3177092950.95464229583740234375
418438578405.31860351562500000000
418849896500.81860351562500000000
417955431078.31860351562500000000
417955431078.31860351562500000000
3305666695.84258270263671875000
418390019943.81860351562500000000
418884726956.31860351562500000000
1389233505.20010662078857421875
418892469855.31860351562500000000
3085560161.39647817611694335938
417955431078.31860351562500000000
417955431078.31860351562500000000
2221675342.26307392120361328125
417955431078.31860351562500000000
417955431078.31860351562500000000
417955431078.31860351562500000000
419291623755.81860351562500000000
2244381976.03895425796508789062
418385382823.31860351562500000000
1389233505.20010662078857421875
3983111218.32710790634155273438
1389233505.20010662078857421875
2350032973.04215574264526367188
2348778265.54162216186523437500
4116414352.44877243041992187500
2379531011.04429054260253906250
3921364528.01334047317504882812
418447770174.31860351562500000000
1389233505.20010662078857421875
418824967500.31860351562500000000
2277798875.22358608245849609375
1389233505.20010662078857421875
1389233505.20010662078857421875
418365574307.81860351562500000000
1389233505.20010662078857421875
418824435728.81860351562500000000
418409604999.81860351562500000000
417955431078.31860351562500000000
418362948163.31860351562500000000
1389233505.20010662078857421875
2258217118.90341520309448242188
3162971967.47545337677001953125
418396260468.31860351562500000000
418853752349.31860351562500000000
1389233505.20010662078857421875
1389233505.20010662078857421875
1389233505.20010662078857421875
418431003511.81860351562500000000
3241143287.10832452774047851562
418424943798.81860351562500000000
418366333270.81860351562500000000
418437017788.81860351562500000000
1389233505.20010662078857421875
2314679407.94503736495971679688
1389233505.20010662078857421875
3267548035.90661716461181640625
419290189685.31860351562500000000
1389233505.20010662078857421875
2279068341.95570945739746093750
1389233505.20010662078857421875
418440085224.81860351562500000000
418437351132.81860351562500000000
417955431078.31860351562500000000
417955431078.31860351562500000000
1389233505.20010662078857421875
418434899036.31860351562500000000
2270756294.34845256805419921875
3243367468.84578418731689453125
1389233505.20010662078857421875
418842556877.81860351562500000000
418396609167.31860351562500000000
2281660588.46157932281494140625
418423143083.81860351562500000000
3158183412.45304155349731445312
418433987878.31860351562500000000
1389233505.20010662078857421875
1389233505.20010662078857421875
1389233505.20010662078857421875
2264396362.14781236648559570312
1389233505.20010662078857421875
1389233505.20010662078857421875
418450567972.31860351562500000000
418439103809.81860351562500000000
1389233505.20010662078857421875
418386497478.81854248046875000000
418410597128.31860351562500000000
419777877408.31860351562500000000
1389233505.20010662078857421875
1389233505.20010662078857421875
3148302322.17342567443847656250
418375852455.31860351562500000000
418852785396.31860351562500000000
3159104384.50853776931762695312
1389233505.20010662078857421875
419285355162.31860351562500000000
417955431078.31860351562500000000
1389233505.20010662078857421875
417955431078.31854248046875000000
2384663584.52561378479003906250
417955431078.31860351562500000000
2209147808.38046932220458984375
3181271207.00586986541748046875
1389233505.20010662078857421875
1389233505.20010662078857421875
418396528201.31860351562500000000
1389233505.20010662078857421875
418789743554.31860351562500000000
1389233505.20010662078857421875
417955431078.31860351562500000000
418388874614.81860351562500000000
418826830150.81854248046875000000
3101886945.25133419036865234375
418358786320.81860351562500000000
419360022718.31860351562500000000
418831067152.31860351562500000000
1389233505.20010662078857421875
418914382077.31860351562500000000
4079382263.64621162414550781250
3229424234.46371412277221679688
1389233505.20010662078857421875
418406818539.81860351562500000000
418830352034.31860351562500000000
1389233505.20010662078857421875
1389233505.20010662078857421875
417955431078.31860351562500000000
418451226406.81860351562500000000
2267526979.47118473052978515625
1389233505.20010662078857421875
2191538362.89060831069946289062
1389233505.20010662078857421875
418440606896.81860351562500000000
1389233505.20010662078857421875
3272411212.20544290542602539062
2212106182.72411966323852539062
2311746151.76574182510375976562
1389233505.20010662078857421875
3053122234.30149412155151367188
418381361197.31860351562500000000
417955431078.31860351562500000000
417955431078.31860351562500000000
2327575349.22998905181884765625
417955431078.31860351562500000000
1389233505.20010662078857421875
4938125532.88847351074218750000
419307327692.31860351562500000000
417955431078.31860351562500000000
418430747840.31854248046875000000
417955431078.31860351562500000000
3323893861.37513351440429687500
1389233505.20010662078857421875
418423586178.81860351562500000000
418361215881.81860351562500000000
5106427337.26840972900390625000
418360750202.81860351562500000000
418383643904.31860351562500000000
3064163240.35485601425170898438
2263584364.66648864746093750000
418435996698.81860351562500000000
417955431078.31860351562500000000
418844255623.31854248046875000000
3188328337.33671283721923828125
418411671341.31860351562500000000
418869310211.31860351562500000000
417955431078.31860351562500000000
1389233505.20010662078857421875
1389233505.20010662078857421875
419334446863.81860351562500000000
3283465936.60245466232299804688
2269625378.59178256988525390625
418867069549.81860351562500000000
2338609293.82764148712158203125
1389233505.20010662078857421875
418421042153.31860351562500000000
1389233505.20010662078857421875
2370688568.09871959686279296875
3170969119.50960540771484375000
418362912431.31860351562500000000
2353206890.10512256622314453125
1389233505.20010662078857421875
2297890572.73479175567626953125
2314570844.93116331100463867188
418822476960.81860351562500000000
417955431078.31860351562500000000
417955431078.31860351562500000000
418414567767.31860351562500000000
418917750543.81860351562500000000
4224434498.31003189086914062500
417955431078.31860351562500000000
1389233505.20010662078857421875
417955431078.31860351562500000000
418359161063.81860351562500000000
2376497972.47011756896972656250
418398822938.31860351562500000000
1389233505.20010662078857421875
417955431078.31860351562500000000
1389233505.20010662078857421875
2230251134.09231567382812500000
417955431078.31854248046875000000
3991915339.21504783630371093750
3180271117.47758817672729492188
3173632341.18729972839355468750
1389233505.20010662078857421875
1389233505.20010662078857421875
418853909969.81860351562500000000
418932034245.31860351562500000000
418432993845.31860351562500000000
3235427147.09551763534545898438
418911557831.31860351562500000000
3065642557.88740634918212890625
418355724705.31860351562500000000
418397478630.31860351562500000000
418417254670.81860351562500000000
1389233505.20010662078857421875
2302402832.94397020339965820312
418796257193.81860351562500000000
4235749149.00800418853759765625
1389233505.20010662078857421875
1389233505.20010662078857421875
2238029011.39434337615966796875
2198683916.75186777114868164062
3205133291.32604074478149414062
2332244780.52134466171264648438
419326627912.81860351562500000000
4232681163.77001094818115234375
418794864018.31860351562500000000
417955431078.31860351562500000000
417955431078.31854248046875000000
418363590229.81860351562500000000
2323625361.30256128311157226562
417955431078.31860351562500000000
417955431078.31860351562500000000
418772672667.31860351562500000000
418420460201.81860351562500000000
417955431078.31860351562500000000
2270133931.26627540588378906250
1389233505.20010662078857421875
419319472825.81860351562500000000
417955431078.31860351562500000000
1389233505.20010662078857421875
418438756327.31860351562500000000
2274274698.36979722976684570312
2337028044.19690513610839843750
418378993185.31860351562500000000
2324424497.52454662322998046875
418431685650.81860351562500000000
2262696408.33777999877929687500
419247659562.81860351562500000000
418455086032.31860351562500000000
2285928500.72625398635864257812
1389233505.20010662078857421875
3139785577.25987195968627929688
2274182861.48612594604492187500
418439196832.81860351562500000000
418378407080.31860351562500000000
2242280289.43062973022460937500
3259363538.02828168869018554688
417955431078.31860351562500000000
417955431078.31860351562500000000
419207706641.81860351562500000000
3017331025.77214527130126953125
1389233505.20010662078857421875
418398984859.31860351562500000000
418878381293.81860351562500000000
418813197783.81860351562500000000
2254892425.92582702636718750000
417955431078.31854248046875000000
2385318164.18836688995361328125
418875980304.31860351562500000000
418391754985.81860351562500000000
418449138981.31860351562500000000
417955431078.31860351562500000000
1389233505.20010662078857421875
2333653289.70384216308593750000
1389233505.20010662078857421875
418357314162.31860351562500000000
418381879476.81860351562500000000
417955431078.31860351562500000000
1389233505.20010662078857421875
417955431078.31860351562500000000
418425563314.81860351562500000000
417955431078.31860351562500000000
1389233505.20010662078857421875
418378593887.81860351562500000000
2338025650.37833499908447265625
417955431078.31860351562500000000
417955431078.31860351562500000000
2320594981.88740634918212890625
419232558062.81860351562500000000
1389233505.20010662078857421875
418406938912.81860351562500000000
1389233505.20010662078857421875
418382673596.81860351562500000000
2368635335.72305202484130859375
419291472908.31860351562500000000
1301711794372.50000000000000000000
418378841725.81860351562500000000
4205880159.32177162170410156250
419755214711.31860351562500000000
419805592177.31860351562500000000
1389233505.20010662078857421875
1389233505.20010662078857421875
418871812980.81860351562500000000
417955431078.31860351562500000000
417955431078.31860351562500000000
417955431078.31860351562500000000
417955431078.31860351562500000000
1389233505.20010662078857421875
417955431078.31854248046875000000
1389233505.20010662078857421875
419306103711.81860351562500000000
417955431078.31860351562500000000
419323741247.31860351562500000000
2231886202.22465324401855468750
417955431078.31860351562500000000
1389233505.20010662078857421875
2365599895.71451425552368164062
418852087237.31854248046875000000
418937499621.81860351562500000000
1389233505.20010662078857421875
418368251405.81860351562500000000
417955431078.31854248046875000000
2241591595.21504783630371093750
3058201252.99946641921997070312
418364703283.31860351562500000000
417955431078.31860351562500000000
1389233505.20010662078857421875
419732312596.31860351562500000000
2254120670.45090723037719726562
2273831397.98132324218750000000
419260359107.31860351562500000000
417955431078.31860351562500000000
1389233505.20010662078857421875
419318910259.81860351562500000000
1389233505.20010662078857421875
418439561779.81860351562500000000
417955431078.31860351562500000000
417955431078.31860351562500000000
3180783949.58004283905029296875
418399474652.31860351562500000000
2237770282.81376743316650390625
418428198238.31860351562500000000
1389233505.20010662078857421875
2321669418.98452520370483398438
418402057114.81860351562500000000
2351680071.32177162170410156250
2361700745.47331905364990234375
418389179480.81860351562500000000
418889289872.31860351562500000000
419714810929.31860351562500000000
3253677296.07310581207275390625
418441942628.81854248046875000000
1389233505.20010662078857421875
1389233505.20010662078857421875
1389233505.20010662078857421875
418444009453.81860351562500000000
2254259089.56723594665527343750
417955431078.31860351562500000000
418854072909.81854248046875000000
3375659116.61526155471801757812
1389233505.20010662078857421875
418837533402.31860351562500000000
1389233505.20010662078857421875
418451421650.81860351562500000000
3179563229.76787614822387695312
417955431078.31860351562500000000
419226592719.81860351562500000000
418379712488.81860351562500000000
3195606139.90661716461181640625
418432363067.31860351562500000000
417955431078.31860351562500000000
2289821151.91088581085205078125
417955431078.31860351562500000000
418387853580.81860351562500000000
418407747094.31860351562500000000
2266340485.09338331222534179688
4054941144.95250797271728515625
418437570059.81860351562500000000
2306324854.74973297119140625000
418925096193.81860351562500000000
1389233505.20010662078857421875
418902378829.31860351562500000000
418871371677.31860351562500000000
417955431078.31860351562500000000
417955431078.31860351562500000000
417955431078.31860351562500000000
2359960507.70170783996582031250
418793337929.31860351562500000000
1389233505.20010662078857421875
418815342499.81860351562500000000
418374897222.31860351562500000000
417955431078.31860351562500000000
417955431078.31860351562500000000
1389233505.20010662078857421875
3304062870.33137702941894531250
2192760772.89701175689697265625
3187105552.73052310943603515625
2326215889.64407682418823242188
417955431078.31860351562500000000
420246789235.31860351562500000000
417955431078.31860351562500000000
2235758589.05923175811767578125
418398264704.81860351562500000000
2325690119.36446094512939453125
419262573196.81860351562500000000
419299693452.31860351562500000000
418397688297.81860351562500000000
1389233505.20010662078857421875
1389233505.20010662078857421875
417955431078.31860351562500000000
418407591420.81860351562500000000
1389233505.20010662078857421875
418882636748.81860351562500000000
417955431078.31860351562500000000
418416902039.31860351562500000000
2387879068.17982912063598632812
2314410122.64300966262817382812
417955431078.31860351562500000000
418896680780.81860351562500000000
418885514752.31860351562500000000
417955431078.31860351562500000000
3175539844.25666999816894531250
2311176578.28441810607910156250
2279508394.81376743316650390625
1389233505.20010662078857421875
4096325883.48826026916503906250
1389233505.20010662078857421875
1389233505.20010662078857421875
417955431078.31860351562500000000
419277854266.81860351562500000000
1389233505.20010662078857421875
418357759926.31860351562500000000
418849550692.81860351562500000000
2197854195.20651006698608398438
3981962147.96638202667236328125
419344147187.81860351562500000000
3079067012.52134466171264648438
418424901827.31860351562500000000
4078320884.59818553924560546875
417955431078.31860351562500000000
1389233505.20010662078857421875
1389233505.20010662078857421875
2345400827.91515493392944335938
3251253116.00907135009765625000
417955431078.31860351562500000000
2381946765.11045885086059570312
1389233505.20010662078857421875
417955431078.31860351562500000000
418442839994.31860351562500000000
2300455146.80522918701171875000
1389233505.20010662078857421875
418419626286.81860351562500000000
419325501360.81860351562500000000
4194546059.40288162231445312500
1389233505.20010662078857421875
4065913726.10939168930053710938
417955431078.31860351562500000000
2362412308.25666999816894531250
2205480714.21611499786376953125
418398550678.31860351562500000000
2379414502.51921033859252929688
418875376186.31860351562500000000
2331358605.28975439071655273438
417955431078.31860351562500000000
419396355929.31860351562500000000
1389233505.20010662078857421875
1389233505.20010662078857421875
2255645801.03788661956787109375
1389233505.20010662078857421875
418422901990.31860351562500000000
418871721643.31860351562500000000
1389233505.20010662078857421875
418452065097.81860351562500000000
418396447854.31860351562500000000
418797870317.81860351562500000000
418837219576.31860351562500000000
418816850338.81860351562500000000
2205035478.89487743377685546875
3084254834.97598743438720703125
418813559203.81860351562500000000
417955431078.31860351562500000000
2321087069.15314865112304687500
3367077441.07203865051269531250
1389233505.20010662078857421875
5942759343.16808986663818359375
2306121707.78708648681640625000
418887233491.81860351562500000000
2368363860.76040554046630859375
418367320844.81860351562500000000
2300736793.90021324157714843750
417955431078.31860351562500000000
418447879968.81860351562500000000
417955431078.31860351562500000000
418850104067.81860351562500000000
418388344724.81860351562500000000
1389233505.20010662078857421875
1389233505.20010662078857421875
417955431078.31860351562500000000
417955431078.31860351562500000000
419240705437.31860351562500000000
418388228595.81860351562500000000
418361226382.31860351562500000000
418804439006.31860351562500000000
2204284602.11366081237792968750
3203545984.16702270507812500000
2223318016.26947689056396484375
418430783793.81860351562500000000
418896260343.81860351562500000000
418862114189.31860351562500000000
417955431078.31860351562500000000
1389233505.20010662078857421875
417955431078.31860351562500000000
419357763384.81860351562500000000
2315571181.19583797454833984375
418368256960.31860351562500000000
417955431078.31860351562500000000
418845882881.81860351562500000000
1389233505.20010662078857421875
4031264386.63447189331054687500
2262760230.15208101272583007812
417955431078.31860351562500000000
2231190034.99306297302246093750
3896464070.06670236587524414062
1389233505.20010662078857421875
4075412140.23105669021606445312
417955431078.31860351562500000000
3328059973.40074729919433593750
1389233505.20010662078857421875
417955431078.31860351562500000000
3307001564.70064020156860351562
2232645648.85005331039428710938
417955431078.31860351562500000000
418873198495.31860351562500000000
2254566579.05282831192016601562
1389233505.20010662078857421875
417955431078.31860351562500000000
1389233505.20010662078857421875
1389233505.20010662078857421875
417955431078.31860351562500000000
3260187108.14567756652832031250
417955431078.31854248046875000000
1389233505.20010662078857421875
418365521147.31860351562500000000
3146547498.98452520370483398438
418444800570.81860351562500000000
417955431078.31860351562500000000
417955431078.31860351562500000000
418433812093.81860351562500000000
3278998689.30256128311157226562
418810430296.31854248046875000000
418832220180.81860351562500000000
1389233505.20010662078857421875
3950743601.11472797393798828125
418400306691.31860351562500000000
2299704142.16061878204345703125
3166055175.44984006881713867188
418845384292.31860351562500000000
418439929458.31860351562500000000
2242079737.69530391693115234375
418426180299.81860351562500000000
4088847758.93756675720214843750
2366732717.43489837646484375000
417955431078.31860351562500000000
1389233505.20010662078857421875
3907926150.25453567504882812500
1389233505.20010662078857421875
418398042768.81860351562500000000
418417173248.81860351562500000000
2192762019.56510162353515625000
418917076034.81860351562500000000
419263951990.31860351562500000000
418419508701.31860351562500000000
417955431078.31860351562500000000
3102478432.32070446014404296875
418448804584.31860351562500000000
2228106261.62273216247558593750
418801599555.81860351562500000000
4233561948.76040554046630859375
4120783356.70917797088623046875
418449845813.81860351562500000000
418859372746.81860351562500000000
2350150749.21291351318359375000
418885790667.81860351562500000000
2221206672.97812175750732421875
2198908633.66969060897827148438
418814314508.31860351562500000000
418868697360.31860351562500000000
419382936572.31854248046875000000
1389233505.20010662078857421875
3180571870.16061878204345703125
1389233505.20010662078857421875
3211401565.45197439193725585938
417955431078.31860351562500000000
2344342065.07203865051269531250
2205431989.27267885208129882812
3082013904.13287067413330078125
3323165456.58537864685058593750
417955431078.31860351562500000000
3113577517.32390594482421875000
417955431078.31860351562500000000
418438762343.81860351562500000000
1389233505.20010662078857421875
3330923352.23532581329345703125
418411590275.31860351562500000000
418808450587.31860351562500000000
1389233505.20010662078857421875
417955431078.31860351562500000000
2272732490.02828168869018554688
418406976554.81860351562500000000
417955431078.31860351562500000000
1389233505.20010662078857421875
418396376686.81860351562500000000
1389233505.20010662078857421875
2333930163.89807891845703125000
1389233505.20010662078857421875
418437872524.31860351562500000000
419346886345.81860351562500000000
2290392215.79989337921142578125
418898207061.81860351562500000000
2313691502.39968013763427734375
418433104716.81860351562500000000
418412308049.31860351562500000000
418939697827.81860351562500000000
1389233505.20010662078857421875
1389233505.20010662078857421875
418369134396.31860351562500000000
417955431078.31860351562500000000
3155315143.84258270263671875000
2273473061.81910371780395507812
418847875182.81860351562500000000
417955431078.31860351562500000000
5036034231.57790851593017578125
3063273649.77214527130126953125
418356895743.81860351562500000000
1389233505.20010662078857421875
2307188644.89701175689697265625
3326897051.83831405639648437500
419839200381.81860351562500000000
418835068298.31860351562500000000
2204998548.35058689117431640625
3189668868.14567756652832031250
418392263810.81860351562500000000
418357936957.81860351562500000000
417955431078.31860351562500000000
417955431078.31860351562500000000
1389233505.20010662078857421875
418449564601.81860351562500000000
3146951241.63553905487060546875
2344026629.07630729675292968750
417955431078.31860351562500000000
1389233505.20010662078857421875
1389233505.20010662078857421875
1389233505.20010662078857421875
3108048983.87673425674438476562
418789152507.81860351562500000000
418832153410.81860351562500000000
2376119446.87780141830444335938
418376456122.31860351562500000000
3119883580.07737445831298828125
2384990892.83724641799926757812
2319786018.16488790512084960938
417955431078.31860351562500000000
418786049479.81860351562500000000
4241418971.50533628463745117188
1389233505.20010662078857421875
2233943483.27481317520141601562
418373049448.81860351562500000000
1389233505.20010662078857421875
3225023943.62913560867309570312
2261408072.76467466354370117188
418403119375.31860351562500000000
419273148431.31860351562500000000
417955431078.31860351562500000000
2363132337.99413013458251953125
418887134637.31860351562500000000
419343436681.81854248046875000000
1389233505.20010662078857421875
418889344996.81860351562500000000
418432971596.81860351562500000000
1389233505.20010662078857421875
2382203449.87459993362426757812
3155113233.55869770050048828125
418374465158.31860351562500000000
417955431078.31860351562500000000
418453310849.81860351562500000000
418428646900.31860351562500000000
3996856890.77961587905883789062
3034656731.40288162231445312500
2248459332.88847398757934570312
418377098786.31860351562500000000
417955431078.31860351562500000000
1389233505.20010662078857421875
418371196560.31854248046875000000
3097602791.33884716033935546875
418401934601.81860351562500000000
3284896731.97492027282714843750
1389233505.20010662078857421875
3222326906.07950925827026367188
1389233505.20010662078857421875
3169245683.78708648681640625000
3042709076.47011756896972656250
417955431078.31860351562500000000
418406098461.81860351562500000000
2258597154.88207054138183593750
2259542095.33030939102172851562
417955431078.31860351562500000000
2354578059.18089675903320312500
1389233505.20010662078857421875
417955431078.31860351562500000000
418847649457.31860351562500000000
1389233505.20010662078857421875
417955431078.31860351562500000000
2377237778.07950925827026367188
2336672508.04322290420532226562
2196796366.36552810668945312500
418436296396.81860351562500000000
2282124661.65688371658325195312
2263153504.98665952682495117188
3199305081.04642486572265625000
4142411539.67609405517578125000
1389233505.20010662078857421875
2277202971.87246513366699218750
1389233505.20010662078857421875
1389233505.20010662078857421875
1389233505.20010662078857421875
418358484354.31860351562500000000
418444979868.31860351562500000000
418437484742.81860351562500000000
4948496332.97385215759277343750
1389233505.20010662078857421875
2309492641.36232662200927734375
3301563045.08484554290771484375
4202551174.92902898788452148438
418400416201.31860351562500000000
418850025467.81860351562500000000
2282407475.50533628463745117188
1389233505.20010662078857421875
4008492179.91515493392944335938
418370707023.81860351562500000000
2291533409.57577371597290039062
1389233505.20010662078857421875
4122267371.22358608245849609375
417955431078.31860351562500000000
418434805129.81860351562500000000
418829973364.81854248046875000000
2281747921.15741729736328125000
4157144227.62486648559570312500
418397239040.31860351562500000000
418832301809.31860351562500000000
418389900056.81860351562500000000
419397258151.81860351562500000000
418422921904.31854248046875000000
1389233505.20010662078857421875
1389233505.20010662078857421875
418414923463.81860351562500000000
418887965614.31860351562500000000
1389233505.20010662078857421875
2198520127.74012804031372070312
3174629761.56723594665527343750
418425882653.31860351562500000000
2277251855.64621162414550781250
418786351193.31860351562500000000
417955431078.31860351562500000000
417955431078.31860351562500000000
418863303706.31860351562500000000
1389233505.20010662078857421875
2197324064.58537864685058593750
2211969643.59925270080566406250
417955431078.31854248046875000000
4061718352.34631824493408203125
3178059630.17769479751586914062
418428704886.31860351562500000000
418449049139.81860351562500000000
419317891055.31860351562500000000
418903549006.31854248046875000000
418830006279.81854248046875000000
417955431078.31860351562500000000
417955431078.31860351562500000000
418417022768.81860351562500000000
417955431078.31854248046875000000
1389233505.20010662078857421875
417955431078.31860351562500000000
418430597550.81860351562500000000
5611784903.33884716033935546875
3327774054.86926364898681640625
418439995425.81860351562500000000
2248715295.42422628402709960938
1389233505.20010662078857421875
1389233505.20010662078857421875
2236862242.94183540344238281250
1389233505.20010662078857421875
419332547613.81860351562500000000
417955431078.31860351562500000000
1389233505.20010662078857421875
2283675401.88313770294189453125
418445806374.81860351562500000000
418443229303.31860351562500000000
1389233505.20010662078857421875
418827548078.81860351562500000000
418358963358.31860351562500000000
417955431078.31860351562500000000
3185954379.61632871627807617188
417955431078.31860351562500000000
417955431078.31860351562500000000
417955431078.31860351562500000000
418807897791.81860351562500000000
3258474905.42209196090698242188
1389233505.20010662078857421875
417955431078.31860351562500000000
4209988424.14994668960571289062
2205682067.09551763534545898438
4016304671.23639297485351562500
1389233505.20010662078857421875
3960145360.50000000000000000000
2291613404.11152601242065429688
1389233505.20010662078857421875
418446465700.31860351562500000000
417955431078.31860351562500000000
418451238456.31860351562500000000
417955431078.31860351562500000000
418419679866.31860351562500000000
418452447739.81860351562500000000
3211678630.44236946105957031250
418441499909.81860351562500000000
2322004079.44130229949951171875
418395431161.31860351562500000000
3207364513.54162216186523437500
1389233505.20010662078857421875
418812679956.81860351562500000000
418365279295.31860351562500000000
1389233505.20010662078857421875
2290110886.36552810668945312500
1389233505.20010662078857421875
1389233505.20010662078857421875
417955431078.31860351562500000000
2316464725.55442905426025390625
3157291783.04855918884277343750
1389233505.20010662078857421875
2333098200.74759864807128906250
3199802289.84044837951660156250
417955431078.31860351562500000000
418446289879.81854248046875000000
1389233505.20010662078857421875
417955431078.31860351562500000000
2359091907.69316959381103515625
417955431078.31860351562500000000
417955431078.31860351562500000000
1389233505.20010662078857421875
419710865448.31860351562500000000
3317319691.06136608123779296875
3141364162.73692655563354492188
2269801953.94290304183959960938
418421838575.81860351562500000000
417955431078.31860351562500000000
417955431078.31860351562500000000
4025998724.34204912185668945312
417955431078.31860351562500000000
4218718320.33777999877929687500
418364879691.81860351562500000000
417955431078.31860351562500000000
2373233889.73799371719360351562
419237173148.81860351562500000000
3240581885.89594459533691406250
418404872316.31860351562500000000
2341756552.37193155288696289062
1389233505.20010662078857421875
2302160376.97812175750732421875
417955431078.31860351562500000000
419287438535.31860351562500000000
1389233505.20010662078857421875
2199495986.15635013580322265625
418395976660.81860351562500000000
4902061312.03895378112792968750
417955431078.31860351562500000000
418950858516.31860351562500000000
3126115247.31323385238647460938
418414711811.31860351562500000000
1389233505.20010662078857421875
417955431078.31860351562500000000
3882920434.76253986358642578125
1389233505.20010662078857421875
1389233505.20010662078857421875
418384669253.31854248046875000000
4867909453.06777000427246093750
418812545699.31860351562500000000
417955431078.31860351562500000000
1389233505.20010662078857421875
2230660567.66328716278076171875
418376809527.81860351562500000000
2237791513.13180351257324218750
417955431078.31860351562500000000
418371583845.31860351562500000000
418801378769.31860351562500000000
2350992255.16808986663818359375
2299547587.41995716094970703125
418421338313.81860351562500000000
418870494823.81860351562500000000
2240515325.07630729675292968750
417955431078.31860351562500000000
3289627596.63233709335327148438
4018643678.29722499847412109375
417955431078.31860351562500000000
3119322449.57577371597290039062
417955431078.31860351562500000000
418860996786.31860351562500000000
418409051972.81860351562500000000
1389233505.20010662078857421875
2285745929.78068304061889648438
1389233505.20010662078857421875
418358589463.81860351562500000000
1389233505.20010662078857421875
418374868372.31860351562500000000
417955431078.31860351562500000000
2308625241.07203865051269531250
2999752944.77321243286132812500
417955431078.31860351562500000000
3309880970.41248655319213867188
2206102421.99839925765991210938
2226019605.95570945739746093750
418368478266.81860351562500000000
3928077611.91515493392944335938
418431206330.31860351562500000000
1389233505.20010662078857421875
418398656435.81860351562500000000
417955431078.31860351562500000000
2301749664.77321243286132812500
1389233505.20010662078857421875
1389233505.20010662078857421875
417955431078.31860351562500000000
2224659161.42209196090698242188
3187341271.89381027221679687500
1389233505.20010662078857421875
417955431078.31860351562500000000
417955431078.31860351562500000000
2247719850.93329763412475585938
1389233505.20010662078857421875
2323639119.60352182388305664062
418362913550.81860351562500000000
3245331158.88633918762207031250
418360945911.81860351562500000000
417955431078.31860351562500000000
418382676634.81860351562500000000
418402172952.31854248046875000000
419370592296.81860351562500000000
418851301498.81860351562500000000
418837194237.31860351562500000000
418796004256.81860351562500000000
2261235689.93436527252197265625
418365157993.81860351562500000000
2370295629.90448236465454101562
417955431078.31860351562500000000
4024096395.74439716339111328125
1389233505.20010662078857421875
417955431078.31860351562500000000
419326536088.31860351562500000000
1389233505.20010662078857421875
418373090958.31860351562500000000
418918863779.31860351562500000000
417955431078.31860351562500000000
1389233505.20010662078857421875
418419814400.31860351562500000000
2328129014.70704364776611328125
3207110150.29722499847412109375
418413387810.31860351562500000000
2347315966.82657432556152343750
1389233505.20010662078857421875
1389233505.20010662078857421875
418389332754.81860351562500000000
1389233505.20010662078857421875
2350071774.58751344680786132812
3178281159.50106716156005859375
417955431078.31860351562500000000
3195121402.78815364837646484375
2242779381.21291351318359375000
2355683766.86926364898681640625
418818632568.81860351562500000000
2274881156.44450378417968750000
418391497462.81860351562500000000
3126850754.51494121551513671875
1389233505.20010662078857421875
1389233505.20010662078857421875
418419694632.31860351562500000000
418830546597.31860351562500000000
418409076015.31860351562500000000
1389233505.20010662078857421875
419303937361.81860351562500000000
1389233505.20010662078857421875
418412885213.81860351562500000000
2326768494.25453567504882812500
417955431078.31860351562500000000
3162381711.09124851226806640625
418393188181.81860351562500000000
4096601007.55229473114013671875
3250617904.65368175506591796875
2358966877.27267885208129882812
418427934404.81860351562500000000
3142972237.70811080932617187500
1389233505.20010662078857421875
418892239382.31860351562500000000
1389233505.20010662078857421875
2261247591.21931695938110351562
1389233505.20010662078857421875
1389233505.20010662078857421875
2246939317.83617925643920898438
418444288096.81860351562500000000
419804199085.31860351562500000000
417955431078.31860351562500000000
2386764966.45944499969482421875
3242923405.27267885208129882812
1389233505.20010662078857421875
417955431078.31860351562500000000
417955431078.31860351562500000000
418434432218.81860351562500000000
5928254262.04962635040283203125
3186473886.58751344680786132812
418911966448.31860351562500000000
1389233505.20010662078857421875
418919598977.31854248046875000000
2259777877.42636060714721679688
1389233505.20010662078857421875
417955431078.31860351562500000000
2258028829.06776952743530273438
1389233505.20010662078857421875
417955431078.31860351562500000000
2272685705.01227331161499023438
1389233505.20010662078857421875
418912536884.81860351562500000000
4248275188.48719310760498046875
3163578362.61739587783813476562
417955431078.31854248046875000000
3296324826.47225189208984375000
1389233505.20010662078857421875
418397374721.31860351562500000000
2300814642.72838878631591796875
417955431078.31860351562500000000
1389233505.20010662078857421875
418367613061.81860351562500000000
417955431078.31860351562500000000
1389233505.20010662078857421875
2380471461.28975439071655273438
2319758398.67289209365844726562
2370199360.75613689422607421875
418428935614.31860351562500000000
1389233505.20010662078857421875
417955431078.31854248046875000000
2333641241.57577371597290039062
1389233505.20010662078857421875
417955431078.31860351562500000000
3251798627.19797229766845703125
418379406179.31860351562500000000
2366238149.81910371780395507812
418777625166.81860351562500000000
417955431078.31860351562500000000
419290421275.81860351562500000000
2353183110.51067256927490234375
417955431078.31860351562500000000
3119282899.82977581024169921875
418415723587.31854248046875000000
417955431078.31860351562500000000
2218102942.92902898788452148438
3350978203.11259365081787109375
417955431078.31860351562500000000
2317585130.54055500030517578125
3356587471.30469608306884765625
2267245671.01440763473510742188
3268335128.99519729614257812500
3984353152.47438621520996093750
3114675718.03255081176757812500
418422453504.81860351562500000000
3166566719.92796134948730468750
3034966465.49039506912231445312
417955431078.31860351562500000000
417955431078.31854248046875000000
1389233505.20010662078857421875
4110180082.99306297302246093750
2277537021.98132324218750000000
418787951883.31854248046875000000
5853006490.96744918823242187500
2384880123.18089675903320312500
3276622153.33671283721923828125
418820915298.31860351562500000000
418365447092.81860351562500000000
4775912409.50747108459472656250
418882371103.31860351562500000000
2319312014.57897567749023437500
419808370396.31860351562500000000
1389233505.20010662078857421875
1389233505.20010662078857421875
2318550708.93970108032226562500
417955431078.31860351562500000000
418397630803.81860351562500000000
418373403797.81860351562500000000
3386083615.33030939102172851562
2364291191.90234804153442382812
417955431078.31860351562500000000
418827908891.31860351562500000000
418880635793.31860351562500000000
4142643855.47545337677001953125
2345519478.15208101272583007812
3151748486.37406635284423828125
418443705612.31860351562500000000
3183555950.04108858108520507812
1389233505.20010662078857421875
418446251072.81860351562500000000
3137397892.20544290542602539062
418899018118.81860351562500000000
417955431078.31860351562500000000
417955431078.31860351562500000000
3198796541.35805749893188476562
2235350200.37193155288696289062
2217779482.50640344619750976562
1389233505.20010662078857421875
418421732178.31860351562500000000
418434773076.81860351562500000000
1389233505.20010662078857421875
4078069012.69210243225097656250
4058889257.88313770294189453125
417955431078.31860351562500000000
419316752309.81854248046875000000
417955431078.31860351562500000000
