2632582448.61367702484130859375
1920690387.18164324760437011719
929038687.51936709880828857422
1812533475.89502573013305664062
3556792261.14054727554321289062
1778435430.61578440666198730469
1875141777.04623746871948242188
2768569836.11683845520019531250
1913522922.49723863601684570312
1917374461.16583728790283203125
929038687.51936709880828857422
1783622579.22010469436645507812
1850532377.84497308731079101562
1902923407.01199102401733398438
2611284829.61367702484130859375
929038687.51936709880828857422
929038687.51936709880828857422
2702191187.49723863601684570312
929038687.51936709880828857422
1832434683.01093721389770507812
1777266518.80545759201049804688
929038687.51936709880828857422
2834891668.68691205978393554688
2802191282.63422489166259765625
929038687.51936709880828857422
1811944073.59734392166137695312
1835037612.88132715225219726562
1739181221.39871382713317871094
1848011441.75171709060668945312
1904403590.73591089248657226562
1776032028.56467795372009277344
929038687.51936709880828857422
1861348461.16689085960388183594
1732997880.93506789207458496094
1729658471.29860830307006835938
1803823382.40450954437255859375
1835940290.03675389289855957031
1847000039.91030502319335937500
929038687.51936709880828857422
929038687.51936709880828857422
1823343218.55940914154052734375
1729904108.81125330924987792969
1801678689.97511005401611328125
1854128190.31915640830993652344
1797331417.63159036636352539062
1784680381.60155892372131347656
1829437985.71430921554565429688
929038687.51936709880828857422
929038687.51936709880828857422
2756329935.35761785507202148438
2832606919.08838701248168945312
1795842574.47247552871704101562
1836969890.28490972518920898438
929038687.51936709880828857422
1833984905.81388759613037109375
1734213615.06309747695922851562
929038687.51936709880828857422
1829990992.19797611236572265625
1742739841.47879815101623535156
1815163816.31599521636962890625
2854160476.17110586166381835938
2848767297.17532062530517578125
2802955177.94823980331420898438
1781829810.27489924430847167969
1816883904.57468843460083007812
1731682759.19902992248535156250
929038687.51936709880828857422
1847217311.37605834007263183594
1864952442.33496236801147460938
1909405849.80440402030944824219
2564552472.48828172683715820312
1811882195.21641683578491210938
1849222289.45561599731445312500
1859020855.16004157066345214844
1878770905.95772314071655273438
1860916993.61420392990112304688
929038687.51936709880828857422
1791535529.92294979095458984375
929038687.51936709880828857422
929038687.51936709880828857422
1804744111.04413008689880371094
1782611391.26594257354736328125
2645294714.36657476425170898438
1739389225.74960947036743164062
1800153122.17532062530517578125
1893053944.68058943748474121094
1876742098.43980979919433593750
1847218610.69112682342529296875
1882919633.96351885795593261719
1787194226.43296051025390625000
2708979977.79913520812988281250
1900731736.34708046913146972656
929038687.51936709880828857422
1799157582.97194886207580566406
2661346731.57574224472045898438
1804245855.69850301742553710938
929038687.51936709880828857422
1732202121.41820812225341796875
1865823903.94560527801513671875
1927707619.06098985671997070312
2705247817.20061063766479492188
1782567873.20640611648559570312
2725702910.33654308319091796875
1759450913.26857686042785644531
1794678413.15793418884277343750
1921058903.91873502731323242188
929038687.51936709880828857422
1755578363.67584753036499023438
1921831498.64686965942382812500
1849231087.81757593154907226562
929038687.51936709880828857422
929038687.51936709880828857422
1760666407.52305507659912109375
1873771462.40503621101379394531
1745994249.92347669601440429688
1894252925.64002037048339843750
1914916692.77384567260742187500
1737624574.98195934295654296875
1852770378.08733344078063964844
929038687.51936709880828857422
2839001711.08575296401977539062
1834661831.97352933883666992188
929038687.51936709880828857422
1913318072.48354005813598632812
2765963998.77911424636840820312
929038687.51936709880828857422
1807436037.99987292289733886719
929038687.51936709880828857422
1919504227.46351885795593261719
1806099153.73591089248657226562
1906509201.76699638366699218750
1759337821.88448834419250488281
2693641603.39449882507324218750
1807688885.71167469024658203125
2724870331.22906160354614257812
2734013585.37974643707275390625
929038687.51936709880828857422
1797257233.73749160766601562500
1801193324.83443546295166015625
1906688784.10050535202026367188
929038687.51936709880828857422
929038687.51936709880828857422
929038687.51936709880828857422
1758013062.22906160354614257812
1860331746.12632179260253906250
1855568576.02252840995788574219
1857239245.33232831954956054688
1794973000.86657476425170898438
1832487069.39555263519287109375
2808959153.96351909637451171875
1918171987.75119018554687500000
1789965756.42611122131347656250
1871754498.64370870590209960938
929038687.51936709880828857422
1825298039.07943034172058105469
1897683834.04307627677917480469
2755856378.99197006225585937500
929038687.51936709880828857422
1879188207.97774434089660644531
1776594804.89818692207336425781
1805086710.44349765777587890625
1729097969.76594257354736328125
929038687.51936709880828857422
1823562179.13475179672241210938
1757272649.53622698783874511719
1845099372.84339237213134765625
1772731526.41820812225341796875
1733712934.99565792083740234375
3586216233.34866142272949218750
2701699950.45192766189575195312
929038687.51936709880828857422
2724536221.35445690155029296875
2710157655.98828172683715820312
1873404983.59365582466125488281
1833758801.00461483001708984375
929038687.51936709880828857422
1887827967.54465675354003906250
3625532488.85814476013183593750
1754355043.54676437377929687500
1870755861.07363462448120117188
1833746067.71694350242614746094
1824838197.48406696319580078125
1810677174.44086360931396484375
2795539619.04623746871948242188
1890225966.44402456283569335938
2760319373.33285522460937500000
1867088926.09154844284057617188
2855298957.02305507659912109375
1804249224.92242288589477539062
2802681941.98406696319580078125
1838727286.87658524513244628906
1771461903.69744920730590820312
3705275658.39555263519287109375
1829108394.45772314071655273438
2824549102.75119018554687500000
929038687.51936709880828857422
1770731485.73591089248657226562
929038687.51936709880828857422
2809435431.89449882507324218750
929038687.51936709880828857422
1802080840.98195934295654296875
1913452445.64897727966308593750
1762412271.19428825378417968750
1863815145.85867166519165039062
2602038767.65793418884277343750
1866679810.75593185424804687500
2586426099.84655380249023437500
1913590833.69797611236572265625
1887006119.78016805648803710938
2728601721.23380327224731445312
1819592529.72800779342651367188
929038687.51936709880828857422
1853433403.57468843460083007812
2856032612.27806043624877929688
2723800947.95245456695556640625
1863299654.59892463684082031250
2648129617.95245456695556640625
1849509762.91451978683471679688
1784922602.91504669189453125000
1753168895.82231760025024414062
929038687.51936709880828857422
1925210583.36868238449096679688
929038687.51936709880828857422
2686585465.02463579177856445312
3614002425.90925121307373046875
1865994720.89976739883422851562
1793663190.33074760437011718750
1900537636.66636395454406738281
929038687.51936709880828857422
1885086860.51409840583801269531
1771329709.38343453407287597656
929038687.51936709880828857422
1730470798.08206462860107421875
1860919714.18006277084350585938
1741613974.97721767425537109375
1901053224.87500476837158203125
1835119996.45298147201538085938
1817542424.43717527389526367188
1752517413.25013637542724609375
929038687.51936709880828857422
2867056766.91557359695434570312
2657172514.00672245025634765625
1784787776.98828172683715820312
3755087022.42821884155273437500
1845651560.75856637954711914062
929038687.51936709880828857422
1918436623.24908256530761718750
2745996826.43664836883544921875
2801120716.98090553283691406250
2575449856.95245456695556640625
1773763364.48670101165771484375
1785341682.99776554107666015625
1913549342.56994676589965820312
3748320951.15003108978271484375
929038687.51936709880828857422
929038687.51936709880828857422
1842332400.44771289825439453125
1878848133.24750185012817382812
2720559252.80598449707031250000
929038687.51936709880828857422
929038687.51936709880828857422
1822551494.91504669189453125000
1866140392.10946202278137207031
2780682404.99881935119628906250
2640754451.75751256942749023438
1753240755.94139027595520019531
1777685025.19059991836547851562
929038687.51936709880828857422
929038687.51936709880828857422
929038687.51936709880828857422
929038687.51936709880828857422
1799390342.27331876754760742188
1732183364.30598449707031250000
929038687.51936709880828857422
1898142228.40134811401367187500
929038687.51936709880828857422
2772142768.65213871002197265625
1801102136.90398263931274414062
929038687.51936709880828857422
1886729476.61209630966186523438
1874609968.38817644119262695312
3768623361.77226495742797851562
1739897213.96457266807556152344
2670853571.06309747695922851562
1823872239.68691205978393554688
1744870088.52305507659912109375
2907710360.44982051849365234375
929038687.51936709880828857422
1810442317.24539470672607421875
1904915913.66583728790283203125
1884228452.02252840995788574219
929038687.51936709880828857422
929038687.51936709880828857422
1797326067.45192766189575195312
1733071939.89502573013305664062
1729861580.23011541366577148438
1887805763.24960947036743164062
2667388983.41399288177490234375
2814118590.17637443542480468750
1764734302.14002037048339843750
929038687.51936709880828857422
1896553467.91346621513366699219
3654699722.40556335449218750000
929038687.51936709880828857422
2640377680.37184333801269531250
2712954536.61789178848266601562
929038687.51936709880828857422
2686083239.77173805236816406250
1811318000.63053679466247558594
1799439847.17690134048461914062
2754968977.78385591506958007812
1785218129.12895631790161132812
2740466200.89555263519287109375
1829776126.46404576301574707031
2732890536.39291810989379882812
2864219465.59365558624267578125
1813843174.48986244201660156250
1751121383.16478347778320312500
1854875703.26910376548767089844
929038687.51936709880828857422
1815515130.12158012390136718750
1890992367.43717527389526367188
929038687.51936709880828857422
1876562583.07100057601928710938
2751752138.53464651107788085938
1849904891.62316060066223144531
929038687.51936709880828857422
929038687.51936709880828857422
2636005761.02094793319702148438
929038687.51936709880828857422
2597943769.32863998413085937500
1893837156.81178021430969238281
1866464195.41715431213378906250
2794105161.21799755096435546875
1776132695.49829244613647460938
929038687.51936709880828857422
929038687.51936709880828857422
2688771123.85867166519165039062
2717085834.81177997589111328125
1860377837.82916688919067382812
2729797996.61947250366210937500
3682621294.60103225708007812500
1921983704.41188573837280273438
1909910571.74117946624755859375
929038687.51936709880828857422
1831042787.74592137336730957031
929038687.51936709880828857422
1789325649.85709095001220703125
1924323972.74381399154663085938
1896024477.76963043212890625000
1864516784.99091625213623046875
1861563866.61631131172180175781
2603633520.98670101165771484375
1772853147.30598449707031250000
2647352579.56678533554077148438
1782793113.47142195701599121094
2803558345.98933553695678710938
1827824486.26752305030822753906
1757413769.14528918266296386719
929038687.51936709880828857422
1746522891.25119018554687500000
1808678245.17268657684326171875
1869370360.43770217895507812500
929038687.51936709880828857422
929038687.51936709880828857422
1891824187.94455146789550781250
1766013029.06151676177978515625
1825778306.90714359283447265625
2765620818.68585824966430664062
1879496191.62474107742309570312
1843545178.13422489166259765625
929038687.51936709880828857422
929038687.51936709880828857422
929038687.51936709880828857422
1798716428.52568960189819335938
929038687.51936709880828857422
929038687.51936709880828857422
929038687.51936709880828857422
3523003895.61420392990112304688
929038687.51936709880828857422
1759292311.87500476837158203125
1821859192.86077928543090820312
3541219912.07521533966064453125
1809835930.90082120895385742188
2682143080.81915664672851562500
1761762038.96299219131469726562
2711293814.06467819213867187500
1855988826.48828172683715820312
1860756208.37184333801269531250
1787976914.84023118019104003906
3532264696.80018901824951171875
1861232021.54781818389892578125
1806092946.00830268859863281250
2767456469.02621650695800781250
2727775101.98459386825561523438
1745212097.23380327224731445312
1880437737.29070544242858886719
1851569959.88554191589355468750
1836602531.93717527389526367188
1913369755.23907208442687988281
1776132353.67848205566406250000
1830475795.63475179672241210938
929038687.51936709880828857422
929038687.51936709880828857422
1809365046.12684869766235351562
2694405713.59523677825927734375
2639840392.60208606719970703125
1748098782.52305507659912109375
1766592257.72221231460571289062
1885828415.60472011566162109375
929038687.51936709880828857422
1729106766.12895631790161132812
1896141584.03728055953979492188
1838151820.23274970054626464844
2670935046.11367702484130859375
1758120099.80440402030944824219
1865296879.76541566848754882812
1838679702.96035766601562500000
929038687.51936709880828857422
1911414695.84497308731079101562
1796314574.65846109390258789062
1887289920.17532062530517578125
929038687.51936709880828857422
2646588242.48564720153808593750
1920139407.62948322296142578125
2801590843.15477275848388671875
2714685119.34444618225097656250
1920255689.33180141448974609375
2830144653.06731224060058593750
2787646424.92874526977539062500
1900716297.48564743995666503906
1903210400.72379302978515625000
1756130107.82495212554931640625
1747851690.77700662612915039062
929038687.51936709880828857422
1748608907.61156940460205078125
2854973107.79386663436889648438
1901894950.16109514236450195312
2743848726.80335044860839843750
2773883566.99355030059814453125
2747596730.05045223236083984375
1742443520.68375062942504882812
1861508615.74170637130737304688
1870866065.97932481765747070312
1919286626.17163276672363281250
929038687.51936709880828857422
2784106224.13896656036376953125
929038687.51936709880828857422
1903443101.05624818801879882812
1739743731.87237024307250976562
929038687.51936709880828857422
1732827564.71694350242614746094
1905211302.95192766189575195312
1798661057.71430921554565429688
1850861374.41504669189453125000
2731628307.77437257766723632812
929038687.51936709880828857422
2652471627.07047367095947265625
1774454367.22590017318725585938
2841109025.21905088424682617188
1877062332.62895631790161132812
2585742705.09681701660156250000
2623723289.70271778106689453125
1784522826.65635347366333007812
1914603221.01989412307739257812
2725879358.32231760025024414062
929038687.51936709880828857422
3463723033.40977811813354492188
1907113437.24539470672607421875
929038687.51936709880828857422
2671512754.57574224472045898438
1739480781.48617434501647949219
1854702276.69059991836547851562
1806338767.42400360107421875000
2599349425.33970451354980468750
1822632809.05045247077941894531
929038687.51936709880828857422
2728692747.24960947036743164062
1919225638.32126379013061523438
929038687.51936709880828857422
1866692678.97247552871704101562
1810628497.10103201866149902344
1872940238.58311843872070312500
1909530629.02727031707763671875
1825713838.89133763313293457031
929038687.51936709880828857422
1785373656.14318180084228515625
1901508759.74065256118774414062
2713235441.53938817977905273438
1891905720.96457266807556152344
929038687.51936709880828857422
2573336786.85340309143066406250
1735379979.21641683578491210938
2661576541.43190670013427734375
929038687.51936709880828857422
1818998935.64002037048339843750
1736190408.00039982795715332031
2772683432.64212799072265625000
2687508897.23907184600830078125
929038687.51936709880828857422
1740560739.18849253654479980469
1812471996.30387711524963378906
929038687.51936709880828857422
1796234284.98301315307617187500
2735421636.12842941284179687500
1773893602.83180141448974609375
2816455673.18743896484375000000
1738747180.20271801948547363281
1924475360.93980979919433593750
1885634888.62210702896118164062
1770820803.65213847160339355469
1857570477.72379302978515625000
1833878201.06309747695922851562
1757611464.93032598495483398438
1737119699.12632179260253906250
929038687.51936709880828857422
1922354091.16320276260375976562
1864732016.53201198577880859375
929038687.51936709880828857422
929038687.51936709880828857422
1916928464.27226495742797851562
1763917014.97142195701599121094
1822261569.74855566024780273438
929038687.51936709880828857422
1777872453.38817644119262695312
1803923293.73643779754638671875
1787528239.35867166519165039062
1918422683.59734392166137695312
1912758550.43454098701477050781
1868190495.40134811401367187500
1789347844.15740728378295898438
929038687.51936709880828857422
1867164840.07363462448120117188
929038687.51936709880828857422
1756056289.73801851272583007812
2549153982.77331876754760742188
1912253497.67215967178344726562
1842647689.24381399154663085938
2761029684.89344501495361328125
2765523337.07310771942138671875
1856146542.34866118431091308594
1826014170.57205414772033691406
1767721535.42558431625366210938
1775765259.19165372848510742188
929038687.51936709880828857422
1843333990.46141147613525390625
1895517528.00724911689758300781
1738841576.44191718101501464844
2816556295.14476203918457031250
2657892369.53622722625732421875
1741439197.11104249954223632812
1825292996.73749160766601562500
2735398541.30282354354858398438
1778580048.38080024719238281250
1848813412.99407720565795898438
2597162176.34391927719116210938
1789972781.72273921966552734375
1926208179.48775482177734375000
1928364584.74276018142700195312
1762631478.63949346542358398438
1744566549.53306579589843750000
2674647889.89502573013305664062
1796143507.83601617813110351562
2739482734.32811307907104492188
929038687.51936709880828857422
1875035618.00777602195739746094
1906540258.39555263519287109375
1901043647.92347669601440429688
929038687.51936709880828857422
1846781912.89555263519287109375
929038687.51936709880828857422
2633016191.96668004989624023438
929038687.51936709880828857422
1744620074.31757593154907226562
1739311945.48775482177734375000
929038687.51936709880828857422
1796320442.56520485877990722656
1813234089.56783914566040039062
929038687.51936709880828857422
2851742392.85919857025146484375
1750958099.23959898948669433594
929038687.51936709880828857422
1833377087.22431969642639160156
1808409587.79492044448852539062
1766280300.17005205154418945312
929038687.51936709880828857422
1844658192.41083192825317382812
929038687.51936709880828857422
929038687.51936709880828857422
2808310451.92558431625366210938
2778276176.43770217895507812500
1818626968.72168540954589843750
2827842685.54518365859985351562
1835431581.20166444778442382812
929038687.51936709880828857422
4564413354.56678581237792968750
1900551292.46773386001586914062
929038687.51936709880828857422
929038687.51936709880828857422
1855982920.60155892372131347656
2776396000.56889295578002929688
3565218217.41346645355224609375
929038687.51936709880828857422
2771257981.06625843048095703125
1783702225.23485708236694335938
929038687.51936709880828857422
929038687.51936709880828857422
929038687.51936709880828857422
3574916663.89555263519287109375
1902620483.69744920730590820312
1852974025.73485708236694335938
1740150799.28754425048828125000
1783202481.67374014854431152344
2735980434.55888271331787109375
929038687.51936709880828857422
1806306743.30545759201049804688
2742741153.65846109390258789062
2789553540.59629011154174804688
1894438124.01304483413696289062
2628632540.80018901824951171875
2637923143.27647972106933593750
1808532675.90925121307373046875
1828813870.71536302566528320312
1824222850.86288666725158691406
1779758926.93717527389526367188
1849720563.79123210906982421875
1829207689.11473083496093750000
929038687.51936709880828857422
3710326096.06678533554077148438
2666664962.08048439025878906250
1786493821.65003108978271484375
1787784714.15846109390258789062
1864054736.55888247489929199219
2788084415.04307651519775390625
2776798896.18322372436523437500
2784314526.33285522460937500000
1783618896.16162204742431640625
929038687.51936709880828857422
1739990549.76278114318847656250
1881199587.68269681930541992188
1832573954.59418272972106933594
1840295511.19007301330566406250
929038687.51936709880828857422
929038687.51936709880828857422
1822277414.39607954025268554688
2829623776.64634275436401367188
1813392013.31862950325012207031
2674844149.43717527389526367188
1839173636.58417224884033203125
1833776359.74855566024780273438
2606518252.30598449707031250000
1819564721.38712263107299804688
1843246898.37184333801269531250
1826615127.77858734130859375000
929038687.51936709880828857422
1860417470.93664836883544921875
1901854293.59312915802001953125
929038687.51936709880828857422
2658058034.20640611648559570312
1888508433.83812379837036132812
1746088130.43454098701477050781
1760954715.54202270507812500000
1784291793.44507837295532226562
929038687.51936709880828857422
2763616352.33654308319091796875
1851395814.68585824966430664062
2725163336.77173805236816406250
1915577491.43506789207458496094
929038687.51936709880828857422
1917548172.59418272972106933594
1804291422.67795515060424804688
1786834475.07521533966064453125
1748554811.12842941284179687500
1754052601.97827124595642089844
1878781236.51199102401733398438
929038687.51936709880828857422
1900385179.03411960601806640625
1911925714.46246528625488281250
1917198070.15003108978271484375
929038687.51936709880828857422
929038687.51936709880828857422
2715205517.01778650283813476562
929038687.51936709880828857422
929038687.51936709880828857422
1743064159.51515221595764160156
929038687.51936709880828857422
929038687.51936709880828857422
1776022673.49618482589721679688
1761565974.31810259819030761719
1783556735.92927217483520507812
1758348093.61789178848266601562
929038687.51936709880828857422
1819086843.29966211318969726562
1862485980.52568960189819335938
929038687.51936709880828857422
1848675050.93137979507446289062
1856193972.34602689743041992188
1820576655.94771289825439453125
1809727777.91346621513366699219
1919735675.45614266395568847656
1852649000.07152748107910156250
1898850987.78016805648803710938
3690623906.03938817977905273438
1843797848.93928289413452148438
1767090900.86341333389282226562
1757888537.87184333801269531250
929038687.51936709880828857422
929038687.51936709880828857422
1877300710.96826076507568359375
929038687.51936709880828857422
1833816616.52727031707763671875
929038687.51936709880828857422
929038687.51936709880828857422
1908089482.72484660148620605469
1772362272.06994676589965820312
1780586931.45614266395568847656
2767297722.70904064178466796875
1762188356.23064231872558593750
1824124775.56309747695922851562
929038687.51936709880828857422
1815245092.47142195701599121094
1803194797.76172757148742675781
929038687.51936709880828857422
2736952894.92821884155273437500
1894319720.42927217483520507812
2663011667.90767049789428710938
1879106886.84602689743041992188
1858446497.93137979507446289062
929038687.51936709880828857422
1789240465.76172757148742675781
929038687.51936709880828857422
1835947070.46246528625488281250
1738746872.36499404907226562500
2633523211.69218063354492187500
1728630520.18111634254455566406
1850451236.61841869354248046875
2880309576.72168540954589843750
2805272972.12737560272216796875
3632017802.13738632202148437500
929038687.51936709880828857422
929038687.51936709880828857422
1893007350.24276018142700195312
2753292547.51093721389770507812
2849818057.26910400390625000000
2807853343.88923025131225585938
929038687.51936709880828857422
1746534590.08417224884033203125
1785604112.65846109390258789062
1910553685.72484660148620605469
1734285436.20271801948547363281
929038687.51936709880828857422
1771359863.48775482177734375000
1737346584.52410888671875000000
1890131092.45666956901550292969
1773303965.65793418884277343750
2695817309.47511005401611328125
2833454182.45508909225463867188
929038687.51936709880828857422
1744788888.32758617401123046875
2744440918.63053703308105468750
929038687.51936709880828857422
1786101909.24592137336730957031
1749275411.26541566848754882812
2738347393.82073688507080078125
1833197515.88501524925231933594
1783509894.62158012390136718750
1819480923.56098985671997070312
1807584965.49302363395690917969
929038687.51936709880828857422
1823872950.31230711936950683594
2841328411.56994676589965820312
2790601329.25645875930786132812
1848686927.67057895660400390625
1924709296.62105321884155273438
929038687.51936709880828857422
1849159883.35287618637084960938
929038687.51936709880828857422
1764961145.55993604660034179688
1922193265.94191718101501464844
1766849792.96299219131469726562
929038687.51936709880828857422
1822215539.01357173919677734375
929038687.51936709880828857422
1915762748.77700662612915039062
929038687.51936709880828857422
1762679473.33917760848999023438
1768571910.15213847160339355469
2890725313.08575296401977539062
929038687.51936709880828857422
1828724330.91610050201416015625
2742749404.30914592742919921875
2655769873.40608978271484375000
1871336889.78543663024902343750
1834640471.23380327224731445312
1830286798.26436185836791992188
929038687.51936709880828857422
1730914855.99776554107666015625
2717436876.76067352294921875000
1762744732.93770217895507812500
1813342836.24223327636718750000
929038687.51936709880828857422
929038687.51936709880828857422
1770334551.97879815101623535156
1860641451.86552095413208007812
1775809202.02727031707763671875
1864857988.12632179260253906250
1845968463.70377182960510253906
929038687.51936709880828857422
2784963726.10840797424316406250
929038687.51936709880828857422
1804415673.17953586578369140625
2765811745.03938817977905273438
929038687.51936709880828857422
1808369068.15477275848388671875
1884032023.56941986083984375000
1925572549.55888247489929199219
2767284561.64686965942382812500
929038687.51936709880828857422
929038687.51936709880828857422
1887507087.69586873054504394531
929038687.51936709880828857422
1797263461.45456218719482421875
3774120911.74908256530761718750
929038687.51936709880828857422
1885240511.51725959777832031250
1891429778.85656404495239257812
1845820868.50830268859863281250
1925829161.28649044036865234375
2673030949.26225423812866210938
2648987319.81652212142944335938
2784527282.17900896072387695312
2801956867.20587921142578125000
1852223552.34549999237060546875
929038687.51936709880828857422
929038687.51936709880828857422
1837899901.03148508071899414062
929038687.51936709880828857422
1823594217.24592137336730957031
1921949357.51778650283813476562
1804606866.39239120483398437500
2743414741.57784986495971679688
1887708500.52147459983825683594
1920809187.55624818801879882812
929038687.51936709880828857422
929038687.51936709880828857422
1762544276.60788154602050781250
1885654143.47194886207580566406
1883345252.59945154190063476562
1875546180.86552095413208007812
1919498320.57732295989990234375
1816117093.79755473136901855469
1894205256.76857686042785644531
2856951296.99513101577758789062
1761382567.00092673301696777344
1902635983.52674341201782226562
929038687.51936709880828857422
1754448503.27964115142822265625
1746378712.25487804412841796875
1845476484.04992580413818359375
1879012508.59734392166137695312
2732893175.00198030471801757812
929038687.51936709880828857422
2768589371.81862926483154296875
2669137052.92242288589477539062
1885435293.83812379837036132812
1761517523.85867166519165039062
1845143605.52621650695800781250
1870375314.67795515060424804688
1867483947.85656404495239257812
929038687.51936709880828857422
1923464621.74908256530761718750
1750492046.91820812225341796875
1730692112.41662740707397460938
1876737439.89555263519287109375
1874392706.91715431213378906250
1872836479.27964115142822265625
1851223377.58575296401977539062
1766584645.73485708236694335938
2731705740.95561599731445312500
1880994215.94402456283569335938
1775625401.91715431213378906250
1788969000.86394023895263671875
2794876533.59049463272094726562
1745885115.45350837707519531250
1733129410.59945154190063476562
929038687.51936709880828857422
929038687.51936709880828857422
1902741953.66478347778320312500
1815144677.40503621101379394531
1926276691.37184333801269531250
929038687.51936709880828857422
1766282264.13475179672241210938
1891963910.29017853736877441406
929038687.51936709880828857422
1744660383.06889295578002929688
1882809754.88606882095336914062
1850908829.39924073219299316406
1779050180.55150628089904785156
3583447883.67900896072387695312
929038687.51936709880828857422
2578038013.61051559448242187500
1761981653.19376134872436523438
1803810477.20745992660522460938
2740758435.84444618225097656250
1745173969.33285498619079589844
929038687.51936709880828857422
1795294712.27700662612915039062
1878622177.35972547531127929688
1849449211.83390879631042480469
929038687.51936709880828857422
1775214481.53306579589843750000
1923683740.24117946624755859375
929038687.51936709880828857422
2808886618.20061063766479492188
1822351981.08838701248168945312
1813748008.65635347366333007812
2669408093.04413032531738281250
929038687.51936709880828857422
1763464815.34760737419128417969
929038687.51936709880828857422
1803358436.49987292289733886719
929038687.51936709880828857422
2715392241.58627986907958984375
1746261310.14318180084228515625
1761975317.53359270095825195312
1873626622.75698566436767578125
2829052720.67742824554443359375
1900202847.15003108978271484375
1872605265.16372966766357421875
1858046761.65161156654357910156
1915175594.29439353942871093750
929038687.51936709880828857422
929038687.51936709880828857422
1793357537.45508909225463867188
929038687.51936709880828857422
1921529358.91926193237304687500
2686259262.98143243789672851562
1812355912.49723863601684570312
1807480741.43454098701477050781
1856971852.28807115554809570312
929038687.51936709880828857422
2791279224.90503597259521484375
1837247369.01251792907714843750
1845845256.65213847160339355469
1806433693.38396143913269042969
1768092667.78385591506958007812
929038687.51936709880828857422
2919838554.09523677825927734375
1793036891.48301315307617187500
1784479615.43506789207458496094
2889787777.30598449707031250000
2659985634.07574224472045898438
1844982545.42874526977539062500
929038687.51936709880828857422
1777166502.52885079383850097656
1784959166.64054727554321289062
2546563979.08891391754150390625
1785358171.30598449707031250000
2840087800.55572128295898437500
1787984907.62684869766235351562
929038687.51936709880828857422
1846337327.25803947448730468750
2789837501.90661716461181640625
1913730269.19481515884399414062
929038687.51936709880828857422
1890627846.59365582466125488281
1841194135.48195934295654296875
1908482293.65529966354370117188
2588409336.38712263107299804688
2646427989.96246528625488281250
929038687.51936709880828857422
1902145829.91030502319335937500
2792541004.76014709472656250000
1905435420.80861902236938476562
929038687.51936709880828857422
2746057379.51620578765869140625
3586922191.20429849624633789062
1912485686.27437257766723632812
1831126362.68954610824584960938
1817144343.28490972518920898438
4521791472.61209678649902343750
929038687.51936709880828857422
2788779430.66689109802246093750
1891152750.89133763313293457031
1781400621.52094793319702148438
1788067054.32337141036987304688
929038687.51936709880828857422
1738606017.61631131172180175781
1830046684.83970451354980468750
1834102681.72853469848632812500
929038687.51936709880828857422
929038687.51936709880828857422
929038687.51936709880828857422
1893223141.48880863189697265625
2815737831.59629011154174804688
3592534417.72958850860595703125
1735993114.00356101989746093750
929038687.51936709880828857422
3660858099.02885055541992187500
2883125899.10261249542236328125
1797749235.37974643707275390625
3705408349.44771289825439453125
1901391219.70166444778442382812
929038687.51936709880828857422
2765091946.47985172271728515625
929038687.51936709880828857422
1902382093.36446714401245117188
1801965306.88554191589355468750
1900684887.04360318183898925781
1801212284.83970451354980468750
1843525984.25224399566650390625
1766182394.78069496154785156250
1914368424.79228591918945312500
929038687.51936709880828857422
1735564048.18480443954467773438
1902166995.75277090072631835938
2780140165.83917760848999023438
3598046853.85919857025146484375
929038687.51936709880828857422
1785758983.01884031295776367188
929038687.51936709880828857422
3616924894.33548927307128906250
929038687.51936709880828857422
1858831879.77806043624877929688
1758511380.54149580001831054688
2773650683.75751256942749023438
1908322727.77015733718872070312
929038687.51936709880828857422
2754555791.59418296813964843750
2585410104.42663812637329101562
1913470238.26963043212890625000
1832190362.80387711524963378906
1763315940853.00000000000000000000
1742389365.23169589042663574219
1736411547.42716479301452636719
2837732962.90398263931274414062
929038687.51936709880828857422
2757359327.71536302566528320312
929038687.51936709880828857422
2752663660.02779722213745117188
1741406952.10893511772155761719
2608448447.80703830718994140625
929038687.51936709880828857422
1754101334.28912472724914550781
1919288816.01725959777832031250
1859552391.96141147613525390625
1736982934.22168540954589843750
1805554200.00724911689758300781
1752965929.81546831130981445312
1774818355.35024166107177734375
1917940711.66794443130493164062
1880217014.64423537254333496094
1922352230.14423537254333496094
929038687.51936709880828857422
1891697023.97879815101623535156
2718528428.35129547119140625000
2764373703.10050535202026367188
2675583045.92927217483520507812
1886559613.15529966354370117188
1830369486.67532062530517578125
1876859724.43348741531372070312
1915656572.74750185012817382812
1833474328.96351885795593261719
2746546326.76857662200927734375
1774319956.08048415184020996094
1841028973.54676437377929687500
1822592869.10472011566162109375
1914706398.63000988960266113281
1759464806.94455146789550781250
929038687.51936709880828857422
1747739707.80861902236938476562
1824533646.02779722213745117188
1907664949.51673269271850585938
2809157899.19534206390380859375
1758289901.29386663436889648438
1922447161.10155892372131347656
1906958549.89397192001342773438
1897325622.87342405319213867188
929038687.51936709880828857422
929038687.51936709880828857422
1794777974.67426705360412597656
1860155103.24328708648681640625
2808734030.63685941696166992188
1905460533.57047367095947265625
1845167609.87237024307250976562
1781460295.06415128707885742188
1807458076.38238096237182617188
2826557437.06151676177978515625
1899137948.50935649871826171875
1765493302.03464651107788085938
929038687.51936709880828857422
1735219024.06362438201904296875
1899535629.87237024307250976562
1922605793.47879815101623535156
1747934835.94718599319458007812
1825227915.04518365859985351562
1861960737.40661692619323730469
1760536794.84813427925109863281
3508456460.26752281188964843750
1886613636.67690134048461914062
1867484621.50145339965820312500
1884042974.79650092124938964844
929038687.51936709880828857422
2764591527.27489948272705078125
1831802994.00461483001708984375
1871276385.68006277084350585938
1831778466.93401408195495605469
3601492732.37078952789306640625
1773989350.35867166519165039062
2720536150.98406696319580078125
929038687.51936709880828857422
2679418079.29860830307006835938
1857625768.57732295989990234375
1772712028.69639563560485839844
929038687.51936709880828857422
929038687.51936709880828857422
929038687.51936709880828857422
929038687.51936709880828857422
1924622577.33496236801147460938
1823073473.75487804412841796875
1768657801.87447786331176757812
2583045597.87184333801269531250
929038687.51936709880828857422
2772608205.29808139801025390625
1817310258.82284450531005859375
1833676074.61367702484130859375
2869484778.99355030059814453125
1802215655.91451978683471679688
2580197957.00039958953857421875
1731237318.01251792907714843750
929038687.51936709880828857422
1773042603.43454098701477050781
2858270678.48564720153808593750
1868452163.46351885795593261719
1746805948.03833436965942382812
2737615339.72168540954589843750
1844633005.68796563148498535156
1811794492.44876646995544433594
929038687.51936709880828857422
2772060664.93296051025390625000
2728287383.93612146377563476562
1886447173.42769169807434082031
929038687.51936709880828857422
2558471212.21325540542602539062
1885939460.06783914566040039062
1768928815.01041030883789062500
1804808569.06520485877990722656
1915268984.06415128707885742188
1750288747.08733344078063964844
929038687.51936709880828857422
1833570109.47300243377685546875
1818138323.31019973754882812500
2598735992.70956707000732421875
1926625990.23959898948669433594
1835818935.00882959365844726562
1784057549.92611122131347656250
1923864977.70219111442565917969
2720456261.09787082672119140625
929038687.51936709880828857422
1867264539.51725959777832031250
1887725996.29860830307006835938
929038687.51936709880828857422
929038687.51936709880828857422
2798570024.57363462448120117188
1759619056.63211727142333984375
929038687.51936709880828857422
2688948097.56731224060058593750
2584742633.28280258178710937500
1916160052.33917760848999023438
1738048740.38396143913269042969
1873922063.01620578765869140625
1757047396.27806043624877929688
2706714779.89397192001342773438
1830193412.49249672889709472656
3508722860.83496236801147460938
1834185429.10840821266174316406
1915930743.21905088424682617188
1802761077.39660644531250000000
3585672111.18164348602294921875
929038687.51936709880828857422
1885459000.34128499031066894531
929038687.51936709880828857422
1845964440.82442522048950195312
929038687.51936709880828857422
929038687.51936709880828857422
1925518419.09365582466125488281
1789116836.93243360519409179688
1768905209.45403528213500976562
2697560009.81388759613037109375
929038687.51936709880828857422
1758234227.64212799072265625000
2648108082.30493068695068359375
1780730599.72168540954589843750
929038687.51936709880828857422
1832965000.45508909225463867188
1760081769.71378231048583984375
1875056436.03359270095825195312
929038687.51936709880828857422
929038687.51936709880828857422
1754215522.09523653984069824219
1864190145.17848205566406250000
2684114684.49197006225585937500
1761142907.33706998825073242188
3600078421.92189598083496093750
2725594878.28543663024902343750
1847067106.55624818801879882812
929038687.51936709880828857422
1776339630.41293931007385253906
1773914379.87921953201293945312
2790722982.12737560272216796875
929038687.51936709880828857422
1730836889.09787082672119140625
1804977561.98090553283691406250
1742801148.16109514236450195312
1810876060.59839773178100585938
929038687.51936709880828857422
1823478747.11578440666198730469
1787796143.13369798660278320312
929038687.51936709880828857422
1790577774.80176973342895507812
1809922146.45245456695556640625
1825572553.36973595619201660156
1751431770.54465675354003906250
1850539196.25066328048706054688
2732467189.55940914154052734375
1899567806.91030502319335937500
1919861357.20324492454528808594
1911589177.86710166931152343750
2662189882.11051559448242187500
1825669980.01146411895751953125
1807738493.56098985671997070312
1765461114.00250720977783203125
1772239139.97879815101623535156
2762456029.99829244613647460938
3909542907.29755496978759765625
929038687.51936709880828857422
1828053016.79808163642883300781
2839406964.45719623565673828125
929038687.51936709880828857422
929038687.51936709880828857422
929038687.51936709880828857422
1841886385.56362438201904296875
1787424410.09207534790039062500
1766238979.95192766189575195312
1861179873.03780746459960937500
3653065086.10103225708007812500
2723106724.91083192825317382812
1854176098.06467795372009277344
1812699083.59523653984069824219
1849125524.46509933471679687500
929038687.51936709880828857422
1862670477.26857686042785644531
2676314306.44665908813476562500
929038687.51936709880828857422
929038687.51936709880828857422
929038687.51936709880828857422
929038687.51936709880828857422
1830745236.59945154190063476562
929038687.51936709880828857422
1845609538.91030502319335937500
1894691945.21167469024658203125
929038687.51936709880828857422
2674523732.34444618225097656250
1736725612.86815547943115234375
929038687.51936709880828857422
929038687.51936709880828857422
1751820383.68796563148498535156
2700090543.84760761260986328125
1866361778.40609002113342285156
3591174799.44982051849365234375
929038687.51936709880828857422
1908282770.83338189125061035156
1793002314.71009421348571777344
1856566437.00198030471801757812
1769478314.34286546707153320312
929038687.51936709880828857422
1835368485.46246528625488281250
929038687.51936709880828857422
2716618955.92611122131347656250
929038687.51936709880828857422
1804941384.05203294754028320312
1910144761.28859806060791015625
2638858883.00303411483764648438
2736818514.76646947860717773438
1882408773.26278114318847656250
929038687.51936709880828857422
2709569685.93559455871582031250
1729351627.05097937583923339844
1774553353.04571056365966796875
929038687.51936709880828857422
2796743982.16847133636474609375
1851409924.24802875518798828125
2733567640.45877695083618164062
1751052274.59523653984069824219
1886367960.18480443954467773438
2618239780.32442522048950195312
929038687.51936709880828857422
1752635247.13422489166259765625
1920907564.69692230224609375000
1893228208.81757593154907226562
929038687.51936709880828857422
1790017661.06467795372009277344
1819669222.29966211318969726562
1789117888.37816572189331054688
1904786724.76752305030822753906
1831588151.25856637954711914062
929038687.51936709880828857422
1777650063.62052631378173828125
929038687.51936709880828857422
2671899229.84602689743041992188
929038687.51936709880828857422
2749463993.72590017318725585938
929038687.51936709880828857422
1903561635.57100057601928710938
3722341660.08469915390014648438
1906915737.46246528625488281250
929038687.51936709880828857422
1736336624.92242288589477539062
1849182343.51304483413696289062
1796210307.62263369560241699219
1761704753.16109514236450195312
1825652725.10735464096069335938
1882902396.05045247077941894531
1875928001.58944082260131835938
1913005588.20904064178466796875
929038687.51936709880828857422
1863370522.24117946624755859375
929038687.51936709880828857422
1734303623.61525750160217285156
1860646121.40398263931274414062
1819435015.76120066642761230469
1876343731.43822908401489257812
1831012929.48564743995666503906
1865134716.24960947036743164062
1862357810.09049463272094726562
1799052829.19270753860473632812
929038687.51936709880828857422
1886967134.33127450942993164062
1740560540.29333972930908203125
929038687.51936709880828857422
1761438441.54676437377929687500
2771659018.66004180908203125000
2745055714.54202270507812500000
929038687.51936709880828857422
1916598725.09365582466125488281
929038687.51936709880828857422
929038687.51936709880828857422
1731184069.08259153366088867188
1845444773.76594257354736328125
2828955275.04571056365966796875
1866639499.00619554519653320312
2919306029.81441450119018554688
2598193373.75013637542724609375
2604612825.74802875518798828125
929038687.51936709880828857422
1740962254.53043127059936523438
1783373392.57837677001953125000
929038687.51936709880828857422
1806224896.45087385177612304688
929038687.51936709880828857422
1809758013.97458314895629882812
1751453691.98880863189697265625
929038687.51936709880828857422
3492911891.55782890319824218750
929038687.51936709880828857422
929038687.51936709880828857422
1907614415.15582656860351562500
929038687.51936709880828857422
1782737147.97352933883666992188
1820022481.07995724678039550781
2851732405.12421417236328125000
1917373730.55097937583923339844
1884295289.78912472724914550781
1865434191.38185405731201171875
1837110641.08838701248168945312
1826213217.64476227760314941406
1772447274.26120066642761230469
1872088424.61525750160217285156
2794513765.82284450531005859375
1775879292.07943034172058105469
1870199863.16689085960388183594
1808110080.67953586578369140625
1795406085.56678533554077148438
1915468074.11420392990112304688
929038687.51936709880828857422
929038687.51936709880828857422
1922663994.79808163642883300781
1880576860.95192766189575195312
1827148271.73274970054626464844
2681412692.84181165695190429688
929038687.51936709880828857422
1914223559.15793418884277343750
2817963609.28174877166748046875
2699648710.75909328460693359375
929038687.51936709880828857422
1873094984.00935649871826171875
2750604888.30545759201049804688
1906604617.46878767013549804688
1832794918.11367702484130859375
1904648174.80387711524963378906
1828259286.06362438201904296875
929038687.51936709880828857422
929038687.51936709880828857422
929038687.51936709880828857422
1759721433.66425657272338867188
1870298470.18638515472412109375
929038687.51936709880828857422
1785165785.72168540954589843750
1905683214.18480443954467773438
3760823697.35076856613159179688
1748276727.71957778930664062500
1914516438.76699638366699218750
1741395102.35551047325134277344
929038687.51936709880828857422
2621599731.13264417648315429688
1753833747.34708046913146972656
1877207216.25382447242736816406
929038687.51936709880828857422
929038687.51936709880828857422
2566806092.49671173095703125000
1799046916.30967283248901367188
929038687.51936709880828857422
929038687.51936709880828857422
1739011772.72326612472534179688
1811772167.21747040748596191406
2610880237.89344501495361328125
1883591873.59365582466125488281
2797640565.53622722625732421875
1786308249.47405624389648437500
1783007341.54149580001831054688
2841984925.48986244201660156250
1854783284.98722791671752929688
2729080693.74434089660644531250
929038687.51936709880828857422
1879609104.10313940048217773438
1881131983.32020998001098632812
2620529390.36077928543090820312
1919586129.28912472724914550781
3706906775.55519437789916992188
2713001209.01462554931640625000
1870106654.30176973342895507812
2760829305.52305507659912109375
929038687.51936709880828857422
1835337205.95140075683593750000
929038687.51936709880828857422
3682374902.48617458343505859375
1740726082.02832388877868652344
2768520400.17690134048461914062
1851566365.78016805648803710938
1789271303.50566864013671875000
2808657769.83759689331054687500
1876215077.25803947448730468750
2633359062.22326612472534179688
929038687.51936709880828857422
1758184055.09049463272094726562
2879727055.79650115966796875000
1857939405.24434089660644531250
1791581728.56941986083984375000
1830784996.64002037048339843750
1850429092.29175901412963867188
929038687.51936709880828857422
1913522928.49407720565795898438
2742054559.59523677825927734375
3568229730.89976739883422851562
1895068105.91926193237304687500
1798256072.20166444778442382812
3688111162.62737560272216796875
1733036466.59470963478088378906
929038687.51936709880828857422
1816287875.77015733718872070312
1794980324.00619554519653320312
1848094180.13633251190185546875
929038687.51936709880828857422
2704160558.34708023071289062500
929038687.51936709880828857422
2719720055.18743896484375000000
2686613780.09839773178100585938
1767468657.72958850860595703125
1917380237.12105321884155273438
1825254121.23064231872558593750
1801361027.43032598495483398438
2800015754.45983076095581054688
1848015683.51567888259887695312
1855548873.40872430801391601562
1762513929.60524702072143554688
1840470413.99038934707641601562
1853489363.07574224472045898438
1776771011.01146411895751953125
1834103658.21378231048583984375
1891963879.30651140213012695312
1776010838.73485708236694335938
1756716826.53728055953979492188
2692502294.97879791259765625000
1781644478.97194886207580566406
1887752625.26120066642761230469
2550391914.20008373260498046875
929038687.51936709880828857422
2724391985.38817644119262695312
3637944384.95034694671630859375
929038687.51936709880828857422
1818640003.85024166107177734375
1904330795.10998868942260742188
929038687.51936709880828857422
1851730939.02568960189819335938
1917461251.41451978683471679688
929038687.51936709880828857422
929038687.51936709880828857422
1917844159.56520485877990722656
2842863290.46141147613525390625
1793904631.05572128295898437500
1759805037.59260225296020507812
929038687.51936709880828857422
2766893346.87500476837158203125
1774043296.92084240913391113281
1873324052.25645875930786132812
1856035377.94876646995544433594
1750157436.30756521224975585938
2812802158.13106346130371093750
1815227284.85867166519165039062
929038687.51936709880828857422
1805208889.03728055953979492188
1868412473.38606882095336914062
2684796485.08206462860107421875
1792072247.99302363395690917969
1769031034.12579488754272460938
929038687.51936709880828857422
1810375775.32284450531005859375
929038687.51936709880828857422
2680321944.82758617401123046875
1876593890.56731224060058593750
2738440201.89713335037231445312
1850987832.75277090072631835938
1838163599.02358198165893554688
929038687.51936709880828857422
1903613574.19165372848510742188
1847023491.54781818389892578125
2807223532.89291810989379882812
929038687.51936709880828857422
1868016392.17953586578369140625
1760341970.54939889907836914062
1743741779.30914592742919921875
1853635878.84023118019104003906
1758371271.39976739883422851562
2603404387.77384567260742187500
1879656437.15161156654357910156
1889626469.46773386001586914062
1803222920.93664836883544921875
2778058359.25962018966674804688
929038687.51936709880828857422
1743761899.70271801948547363281
1876422536.89607954025268554688
1895923270.12105321884155273438
1733546839.55255985260009765625
1752041574.08786034584045410156
1834995449.10788154602050781250
3893928630.33443546295166015625
1848527716.59839773178100585938
1748059411.27753353118896484375
929038687.51936709880828857422
1866996207.96773386001586914062
4627146870.71114826202392578125
1751423930.67742824554443359375
1846136886.91978859901428222656
929038687.51936709880828857422
2748742392.11683845520019531250
2728983147.16583728790283203125
929038687.51936709880828857422
1766749243.96720695495605468750
1758704453.76330804824829101562
1901914727.73538398742675781250
2844179515.61578464508056640625
1916169726.23959898948669433594
929038687.51936709880828857422
1791978841.23222279548645019531
1824145903.42558431625366210938
1784558844.66952514648437500000
1915509709.16636395454406738281
2566784466.89660644531250000000
1828864378.09049463272094726562
2743856695.60261249542236328125
1741508341.66162204742431640625
1797839926.57205414772033691406
1864242197.73907208442687988281
929038687.51936709880828857422
929038687.51936709880828857422
2710446181.89239120483398437500
929038687.51936709880828857422
2652932226.26646947860717773438
1797932723.65424585342407226562
929038687.51936709880828857422
1774696729.46509933471679687500
1877126385.86341333389282226562
1825673147.34181165695190429688
1875460769.88975715637207031250
1794385045.80598449707031250000
1824164819.45403528213500976562
2692543952.01936721801757812500
1915175706.23538398742675781250
1807167570.52200150489807128906
2835297195.91399288177490234375
1869957116.13053679466247558594
2644889483.98301315307617187500
929038687.51936709880828857422
1910793754.17321324348449707031
1884539241.19059991836547851562
1739051000.04465675354003906250
2802763759.85392999649047851562
929038687.51936709880828857422
1906203984.66162204742431640625
2784847652.29650115966796875000
1862577399.33443546295166015625
1922441197.24539470672607421875
1846446309.80809211730957031250
1878195851.09681701660156250000
929038687.51936709880828857422
3705302953.00724887847900390625
1749846230.35919857025146484375
2888771472.04939889907836914062
929038687.51936709880828857422
1875075169.15846109390258789062
1902209755.21220159530639648438
1812404005.14528918266296386719
1790436056.50830268859863281250
929038687.51936709880828857422
1803375871.30914592742919921875
1870471063.20429849624633789062
1790602693.66583728790283203125
2852439611.32179069519042968750
1735770147.53991508483886718750
1883401420.99038934707641601562
1740302277.43612146377563476562
1924128235.92611122131347656250
1864605918.00461483001708984375
1810286793.22958850860595703125
929038687.51936709880828857422
2689692695.05414056777954101562
2708677470.26541566848754882812
1891351653.04044198989868164062
1752108235.94718599319458007812
1921176744.79913520812988281250
2680141692.84708023071289062500
2815914540.44455146789550781250
2669939719.79808139801025390625
1889290406.62263369560241699219
1811404579.99038934707641601562
1737111155.63000988960266113281
929038687.51936709880828857422
1866844366.01093721389770507812
1774545329.27542614936828613281
1791317319.95192766189575195312
1874691841.22906160354614257812
929038687.51936709880828857422
1771860309.67848205566406250000
1817489767.19534182548522949219
1766964855.30809211730957031250
1866219684.31072664260864257812
1869360863.44402456283569335938
1756525945.16004157066345214844
929038687.51936709880828857422
1910870145.90345573425292968750
929038687.51936709880828857422
2570561088.05782890319824218750
2717080953.38501548767089843750
2837999608.34233856201171875000
929038687.51936709880828857422
929038687.51936709880828857422
2637710536.35182237625122070312
1857570138.90240192413330078125
1789261710.56257057189941406250
2879020583.21220159530639648438
1835984614.67110586166381835938
1803792918.46351885795593261719
1796007349.61156940460205078125
1913811634.30335044860839843750
1919001699.37026286125183105469
1897187017.93875598907470703125
1771445920.12316060066223144531
1736758900.32073688507080078125
1756041314.63211727142333984375
3869034453.25329780578613281250
1842192376.26120066642761230469
1873315488.77068424224853515625
1742999268.72221231460571289062
929038687.51936709880828857422
929038687.51936709880828857422
3777239588.74434089660644531250
1786848727.56204366683959960938
1860012007.67584753036499023438
1875101207.43243360519409179688
1791320547.25066328048706054688
1883044305.24328708648681640625
1789277415.28385591506958007812
2586020752.52463579177856445312
2632611590.25171709060668945312
1832901511.92294979095458984375
1765186465.78280234336853027344
1870596002.34286546707153320312
1746617542.35603737831115722656
1889028445.71483612060546875000
1835330224.63159036636352539062
1731994725.74644827842712402344
929038687.51936709880828857422
929038687.51936709880828857422
929038687.51936709880828857422
1843725889.87237024307250976562
1829134516.68743896484375000000
3813724513.78438282012939453125
1748338871.96035766601562500000
929038687.51936709880828857422
1919273740.96404576301574707031
1789856808.85761785507202148438
929038687.51936709880828857422
1752267119.19218063354492187500
929038687.51936709880828857422
1865176649.14476227760314941406
929038687.51936709880828857422
1753368362.67374014854431152344
1910176259.68427753448486328125
1876944257.87184333801269531250
929038687.51936709880828857422
1750563619.18901944160461425781
929038687.51936709880828857422
1855081836.60630083084106445312
929038687.51936709880828857422
2600638075.03043127059936523438
1772543209.68901944160461425781
2703053612.87131643295288085938
1837618042.61262321472167968750
1877388018.94402456283569335938
2843306120.02463579177856445312
2850949019.08469915390014648438
1732245635.47985172271728515625
1874712364.41030502319335937500
1759647673.54676437377929687500
1806125281.96246528625488281250
1881362114.00724911689758300781
2730268237.73274993896484375000
929038687.51936709880828857422
2669637856.92453050613403320312
1874382849.11367702484130859375
1836634635.01409840583801269531
1921284345.07784986495971679688
1776526647.82705950736999511719
2612150442.30756521224975585938
1753139803.15846109390258789062
3736041633.16952514648437500000
1839075320.41135883331298828125
2579247634.96088457107543945312
1860971405.93085289001464843750
1864718948.42084240913391113281
2770872856.08417224884033203125
929038687.51936709880828857422
929038687.51936709880828857422
929038687.51936709880828857422
929038687.51936709880828857422
929038687.51936709880828857422
929038687.51936709880828857422
929038687.51936709880828857422
1776999136.75540494918823242188
1910855283.73801851272583007812
1820700376.72853469848632812500
1789381178.58522605895996093750
1771589511.42927217483520507812
1740796490.91241240501403808594
2883123321.46141147613525390625
1832066374.16425657272338867188
1773097566.46088457107543945312
1863413798.42821860313415527344
1923538128.99987292289733886719
1800229478.92400360107421875000
929038687.51936709880828857422
1805129398.94033670425415039062
929038687.51936709880828857422
1790816337.04413008689880371094
929038687.51936709880828857422
1803429749.90714359283447265625
1919315428.98828172683715820312
1836942369.79228591918945312500
1797177268.89081072807312011719
1773952820.61525750160217285156
1829274279.01199102401733398438
929038687.51936709880828857422
1885807368.69955682754516601562
3682677238.11051559448242187500
929038687.51936709880828857422
1739298925.35129547119140625000
929038687.51936709880828857422
1794780653.26225423812866210938
2644988419.82916688919067382812
1888667412.03306579589843750000
929038687.51936709880828857422
1734948309.77015733718872070312
929038687.51936709880828857422
929038687.51936709880828857422
1760837110.53728055953979492188
929038687.51936709880828857422
1752352237.32231760025024414062
1758419605.92031550407409667969
929038687.51936709880828857422
1911669600.47247552871704101562
2713521867.55045223236083984375
1912007770.20693302154541015625
929038687.51936709880828857422
1835881133.22115850448608398438
929038687.51936709880828857422
1860806636.78859806060791015625
1780584797.58101081848144531250
1757126238.71641683578491210938
1922187717.86657476425170898438
929038687.51936709880828857422
929038687.51936709880828857422
1790666702.92347669601440429688
1900579752.46509933471679687500
1924029852.78859806060791015625
1791274941.29175901412963867188
1806296796.54887199401855468750
1782286088.74855566024780273438
929038687.51936709880828857422
929038687.51936709880828857422
2705356065.13791275024414062500
1906062021.49723863601684570312
1731279328.86657476425170898438
1755527094.70219111442565917969
1794698060.80071592330932617188
929038687.51936709880828857422
2571713932.33812379837036132812
1866073752.23854517936706542969
929038687.51936709880828857422
1820759137.75277090072631835938
1869282089.96931457519531250000
2669369387.44771289825439453125
1878898123.89502573013305664062
3533969871.92031574249267578125
2783057674.87974643707275390625
1875164540.04676437377929687500
929038687.51936709880828857422
3521697902.06625843048095703125
929038687.51936709880828857422
1918567018.51146411895751953125
1758978012.55730175971984863281
1774117521.79333972930908203125
1893113847.10313940048217773438
929038687.51936709880828857422
1739809391.26014685630798339844
1763250502.32231760025024414062
929038687.51936709880828857422
1923328431.54149580001831054688
929038687.51936709880828857422
1789975226.43401408195495605469
1739956616.65055799484252929688
2865913652.50619554519653320312
1912407604.43506789207458496094
1843017061.52990460395812988281
1766587004.49144315719604492188
1870294976.02832388877868652344
2800025784.17268657684326171875
929038687.51936709880828857422
929038687.51936709880828857422
1758910456.16952514648437500000
1776784958.65898776054382324219
929038687.51936709880828857422
1867713619.78543663024902343750
1850688515.53728055953979492188
1912545728.62316060066223144531
1845524087.95561599731445312500
1745278717.11525750160217285156
929038687.51936709880828857422
1893251485.54729127883911132812
1854487472.92400360107421875000
1845871657.73485708236694335938
1821156654.20271801948547363281
2691860446.32811307907104492188
1824290355.27806043624877929688
929038687.51936709880828857422
2615334636.76541566848754882812
2766754930.84075832366943359375
1843974661.73274970054626464844
1867980095.31336069107055664062
1753083116.04096889495849609375
1865282937.11525750160217285156
929038687.51936709880828857422
1908306101.53464651107788085938
1823804190.55888247489929199219
1768936441.98986244201660156250
1862807056.27121114730834960938
2699746894.00198030471801757812
2728201224.35498332977294921875
2723370403.91293907165527343750
929038687.51936709880828857422
1787998190.62474107742309570312
1759198631.25856637954711914062
3640313748.94455146789550781250
1845787834.92189598083496093750
1884608438.71325540542602539062
1743567477.19218063354492187500
2823321869.68480443954467773438
929038687.51936709880828857422
1867009779.81336069107055664062
2547033893.37447786331176757812
929038687.51936709880828857422
