1900
1033 154
60 1033
1575 1033
139 1033
1033 1702
1033 1498
1033 1734
1033 1271
1551 1033
1033 637
1033 476
1033 1809
1033 599
754 1033
1033 1546
341 1033
1500 1033
1626 1033
1473 1033
1240 1033
1033 1437
1033 941
145 1033
1033 680
1889 1033
317 1033
879 1033
1033 678
1033 804
1033 1453
513 1033
1033 216
1033 367
1033 998
411 1033
1033 366
1033 1409
1040 1033
898 1033
1006 1033
1850 1033
1033 284
358 1033
1033 1606
1033 1718
1033 929
1416 1033
930 1033
775 1033
1033 1082
1114 1033
188 1033
1287 1033
1033 113
1332 1033
1252 1033
39 1033
1115 1033
352 1033
949 1033
209 1033
1033 1627
1554 1033
1253 1033
1033 909
597 1033
369 1033
1033 917
1033 791
1033 1750
1358 1033
787 1033
392 1033
509 1033
1033 1133
1033 1192
429 1033
1033 1396
21 1033
250 1033
784 1033
1841 1033
1033 1585
1033 158
1733 1033
931 1033
1033 973
1103 1033
1033 1087
1675 1033
1033 1839
1656 1033
340 1033
319 1033
1210 1033
892 1033
1314 1033
575 1033
1033 806
1033 1506
677 1033
1033 607
1172 1033
11 1033
84 1033
866 1033
1033 1135
1033 242
449 1033
1844 1033
1033 483
1033 1406
1055 1033
1714 1033
1033 1422
1033 1712
1696 1033
1033 134
1481 1033
1033 1238
1022 1033
1033 146
1033 1591
51 1033
701 1033
1033 1447
91 1033
1033 1288
1504 1033
1728 1033
1385 1033
663 1033
1644 1033
1429 1033
1256 1033
292 1033
1033 1744
1033 12
1046 1033
1033 642
1033 1177
1415 1033
1033 207
1033 1699
1537 1033
1033 844
387 1033
1847 1033
1033 1284
864 1033
96 1033
34 1033
1033 1017
1033 596
1883 1033
1033 1888
1168 1033
1033 1729
768 1033
1340 1033
606 1033
1033 52
1033 1349
1033 992
1033 592
1511 1033
714 1033
640 1033
1033 1261
1141 1033
1033 196
1269 1033
1407 1033
315 1033
1033 1219
1033 516
1719 1033
1033 1895
1033 1730
1077 1033
1758 1033
1033 61
1033 1158
1542 1033
1693 1033
364 1033
155 1033
1033 403
1195 1033
1 1033
58 1033
1020 1033
1033 671
1033 463
1033 1684
1033 1107
282 1033
1027 1033
1282 1033
1759 1033
1033 419
1361 1033
1033 13
1033 1391
62 1033
1033 1570
1033 234
755 1033
1033 45
1117 1033
453 1033
1766 1033
1033 103
658 1033
1033 1435
355 1033
1033 1571
1033 1224
1033 206
1033 286
1033 1152
1033 618
566 1033
119 1033
620 1033
1033 740
226 1033
1033 1187
1267 1033
1427 1033
1033 1681
1033 202
838 1033
1075 1033
1033 373
1033 49
1033 723
602 1033
1703 1033
1033 186
1033 673
1033 871
1033 1095
1070 1033
1033 965
1033 920
1669 1033
1033 1628
1169 1033
867 1033
102 1033
1033 1290
1033 923
1033 1614
1033 1297
669 1033
1033 249
504 1033
997 1033
1033 222
1804 1033
495 1033
1033 304
1583 1033
904 1033
1033 689
1033 383
1033 1616
1298 1033
1033 1116
1033 686
1033 391
308 1033
598 1033
1033 177
1033 1174
1033 1513
610 1033
508 1033
1033 165
384 1033
118 1033
956 1033
1033 1338
1695 1033
38 1033
1033 1414
1767 1033
1652 1033
1033 757
1492 1033
117 1033
321 1033
1033 1885
1310 1033
1679 1033
518 1033
1458 1033
1033 1131
1845 1033
1607 1033
1899 1033
371 1033
1855 1033
1033 1057
1033 466
1033 213
726 1033
1294 1033
535 1033
1033 194
1033 1354
1828 1033
1474 1033
305 1033
1127 1033
944 1033
1033 457
1033 679
1033 1760
1120 1033
1033 1183
1815 1033
1532 1033
1033 1123
1521 1033
542 1033
1033 765
1033 225
1367 1033
884 1033
574 1033
638 1033
489 1033
1033 1245
901 1033
1033 173
1033 481
496 1033
1084 1033
1608 1033
1318 1033
1033 1549
1033 110
1033 774
617 1033
981 1033
1033 1436
1556 1033
1033 1813
82 1033
1033 1320
1033 365
1033 1045
1033 240
1033 1508
258 1033
1033 536
461 1033
1072 1033
1512 1033
1033 1218
1033 792
1816 1033
1033 1782
1033 275
1033 674
505 1033
6 1033
1033 609
853 1033
1033 1428
962 1033
1033 552
1724 1033
1761 1033
349 1033
385 1033
236 1033
1033 1151
1033 1625
16 1033
1033 120
1001 1033
561 1033
1594 1033
1566 1033
1033 652
251 1033
846 1033
1516 1033
299 1033
1033 546
1033 817
1033 137
1134 1033
1033 556
1033 486
1033 790
1778 1033
545 1033
1833 1033
1033 950
1821 1033
1033 1515
243 1033
1147 1033
255 1033
1770 1033
1206 1033
863 1033
1157 1033
1894 1033
1033 1641
1033 980
1033 277
1033 1793
1033 681
668 1033
1033 1823
1033 938
1033 855
1033 707
827 1033
1033 1868
1189 1033
1033 703
1404 1033
1142 1033
1548 1033
1665 1033
1033 342
869 1033
70 1033
1033 847
1033 907
1033 1572
532 1033
1818 1033
1033 955
1457 1033
1033 939
1634 1033
217 1033
1033 911
1249 1033
615 1033
918 1033
1886 1033
1688 1033
1033 1691
1479 1033
1033 326
1033 1666
514 1033
1033 195
1033 1031
748 1033
1033 71
1881 1033
105 1033
1749 1033
1033 887
1610 1033
821 1033
534 1033
332 1033
1033 560
377 1033
1033 1780
1033 1268
1033 233
1033 882
1765 1033
1033 389
212 1033
1033 1866
947 1033
1033 1509
1033 1137
1033 325
641 1033
1033 59
1033 1330
1033 951
1033 1820
1472 1033
1226 1033
1033 1482
1033 1166
1033 281
1033 1305
537 1033
288 1033
1086 1033
633 1033
1033 1283
1033 285
1033 1178
1033 832
1550 1033
1033 1234
1584 1033
1033 238
737 1033
635 1033
666 1033
1033 550
722 1033
1755 1033
1033 1495
1033 300
1033 991
1033 74
422 1033
1033 1400
1047 1033
1033 704
1033 191
1201 1033
1033 936
1291 1033
1184 1033
1587 1033
1033 1706
927 1033
1033 1648
1033 1814
1033 93
1033 711
1033 1487
1717 1033
1176 1033
465 1033
785 1033
896 1033
375 1033
1033 472
1033 455
1033 1091
1529 1033
77 1033
1033 651
1033 1578
1033 112
187 1033
1672 1033
1033 769
1033 589
1197 1033
1033 1840
524 1033
794 1033
1033 122
1876 1033
1033 961
553 1033
1033 1193
1033 595
756 1033
816 1033
1033 204
1033 1862
1033 223
1033 695
1612 1033
1884 1033
43 1033
1593 1033
773 1033
1425 1033
100 1033
111 1033
1033 1870
388 1033
1801 1033
98 1033
41 1033
1033 568
708 1033
1033 314
1033 733
1033 1762
1033 1808
318 1033
1033 1686
1033 370
1462 1033
578 1033
1649 1033
511 1033
1033 1829
1033 1434
430 1033
1199 1033
1033 1522
169 1033
1033 447
1122 1033
1478 1033
1146 1033
379 1033
1306 1033
1033 601
1033 1044
1033 603
1387 1033
1033 1052
1039 1033
1033 1236
1602 1033
1033 376
1723 1033
1452 1033
361 1033
1033 1873
1033 1538
438 1033
85 1033
1033 246
934 1033
1033 1709
1033 1663
861 1033
17 1033
1033 632
1033 200
1499 1033
1432 1033
664 1033
1033 972
270 1033
1596 1033
512 1033
1033 360
1033 1439
1033 363
1033 1030
1033 1677
1033 1502
1443 1033
1033 1783
727 1033
350 1033
1033 1251
1768 1033
424 1033
1424 1033
1033 1395
919 1033
1033 815
586 1033
3 1033
925 1033
1033 1068
1033 728
905 1033
435 1033
1348 1033
1033 1567
1033 1139
1032 1033
1389 1033
1033 306
9 1033
1033 1225
248 1033
1033 75
1033 67
1033 808
1033 725
1419 1033
406 1033
1708 1033
1033 10
1223 1033
1033 767
1289 1033
1033 1344
1315 1033
1033 875
1033 1351
520 1033
1270 1033
395 1033
1033 23
1033 1784
338 1033
1033 153
805 1033
1033 1843
436 1033
1033 1505
1033 1682
1033 625
1715 1033
1033 346
413 1033
1033 230
1033 1417
1557 1033
1033 1825
8 1033
1033 1066
1033 24
437 1033
1033 1278
1033 1831
1033 348
811 1033
585 1033
591 1033
943 1033
1014 1033
1740 1033
1033 1167
1372 1033
1033 1854
594 1033
1033 1654
859 1033
1033 1128
1033 551
1033 612
528 1033
1033 1097
1033 1790
1033 214
276 1033
1033 797
1033 269
1033 1824
1033 1863
1543 1033
1033 729
1640 1033
334 1033
232 1033
1586 1033
1033 1010
15 1033
1033 420
274 1033
1299 1033
1033 1143
1033 1317
854 1033
1731 1033
1033 1191
848 1033
1033 1789
572 1033
1033 1100
296 1033
826 1033
1033 1019
1033 446
777 1033
1033 672
1441 1033
1869 1033
4 1033
1033 645
1033 394
1856 1033
1033 713
1033 69
1033 1182
1033 1849
1033 908
27 1033
1033 1599
1033 414
56 1033
1485 1033
1033 1233
1033 1028
1033 1773
1316 1033
1033 295
1725 1033
1779 1033
272 1033
1033 683
1438 1033
1033 1534
1033 783
1144 1033
1777 1033
1033 1680
1033 676
401 1033
541 1033
692 1033
1569 1033
1081 1033
964 1033
1033 1323
1033 1558
1033 1673
1033 1887
86 1033
1033 1065
1617 1033
1033 259
1033 477
978 1033
1164 1033
1613 1033
1033 1073
1060 1033
1033 1615
151 1033
1033 1342
1444 1033
66 1033
982 1033
803 1033
29 1033
1033 1295
1263 1033
1033 356
776 1033
1033 1694
1353 1033
1033 1277
1033 1222
798 1033
558 1033
1033 224
1671 1033
1468 1033
89 1033
1356 1033
667 1033
1033 971
675 1033
1033 985
1033 109
1891 1033
1033 434
1033 749
611 1033
653 1033
1033 148
1668 1033
1101 1033
1033 531
1568 1033
1033 183
1541 1033
1033 1461
1033 1531
1033 1319
1033 1539
189 1033
1698 1033
1033 1745
44 1033
1033 1292
1033 1369
1033 1124
208 1033
1033 152
1033 621
937 1033
57 1033
1519 1033
1033 307
1520 1033
1033 1646
1322 1033
1033 174
1033 643
1033 886
1033 18
570 1033
1050 1033
1771 1033
1033 517
1033 960
1817 1033
948 1033
198 1033
451 1033
1033 1736
1033 1588
720 1033
1326 1033
1130 1033
724 1033
1033 761
1033 1230
1033 682
1033 1300
1033 426
1033 1858
1033 1776
1579 1033
1033 380
1033 54
1033 1078
856 1033
1033 1237
1004 1033
1590 1033
1033 1470
1033 164
1033 1155
506 1033
1033 264
1490 1033
1033 237
1403 1033
1033 712
1033 809
1781 1033
474 1033
1486 1033
1033 407
1033 829
1033 1589
1033 762
1033 1207
540 1033
1308 1033
1601 1033
515 1033
1033 1501
685 1033
1132 1033
626 1033
1658 1033
1033 894
1033 124
1033 459
1651 1033
28 1033
1033 263
569 1033
1033 128
554 1033
1837 1033
1033 1382
1064 1033
244 1033
1033 1145
1033 1093
1243 1033
1033 471
1835 1033
1216 1033
441 1033
913 1033
1527 1033
1202 1033
1033 865
210 1033
228 1033
1033 1639
693 1033
539 1033
1033 959
1033 1080
1033 1621
1033 1423
1033 1003
1033 359
1033 670
1033 339
1033 1208
1033 127
1033 36
1076 1033
448 1033
1637 1033
1033 1890
1231 1033
1033 1386
126 1033
1033 135
745 1033
1033 963
1392 1033
1620 1033
1307 1033
1540 1033
1670 1033
1657 1033
1033 452
1033 328
1033 14
1033 1374
526 1033
746 1033
1689 1033
1033 351
1033 1426
1033 386
241 1033
1536 1033
1411 1033
287 1033
857 1033
1264 1033
1033 491
1576 1033
555 1033
178 1033
744 1033
1033 456
1033 90
1034 1033
665 1033
983 1033
743 1033
423 1033
1002 1033
1033 1121
247 1033
482 1033
1503 1033
735 1033
1033 731
1033 1674
1033 73
421 1033
999 1033
753 1033
702 1033
656 1033
571 1033
201 1033
418 1033
1033 903
1033 1431
533 1033
1033 1800
409 1033
1033 1533
979 1033
94 1033
902 1033
1153 1033
1033 1775
443 1033
1774 1033
1301 1033
1029 1033
1033 368
1882 1033
1033 33
1033 880
1033 1161
302 1033
1033 1827
1255 1033
1033 565
382 1033
1140 1033
1033 1196
876 1033
1822 1033
172 1033
1190 1033
751 1033
1329 1033
1446 1033
1033 793
331 1033
1471 1033
1741 1033
1033 1463
1033 1483
1033 291
1033 46
1033 883
1033 190
1033 330
1033 1580
885 1033
1033 833
1094 1033
510 1033
1033 1383
1033 1743
159 1033
1063 1033
1033 257
1033 416
1467 1033
1033 1275
1033 182
1033 1810
1033 716
1033 1896
1033 1547
470 1033
1099 1033
1033 170
717 1033
1033 1025
1805 1033
1647 1033
1705 1033
442 1033
1735 1033
1053 1033
1398 1033
432 1033
1033 1772
1033 969
329 1033
1796 1033
1033 608
1619 1033
1562 1033
1033 1413
1033 1112
1033 734
1033 1484
1276 1033
1054 1033
1033 294
1033 55
1033 1630
1033 1007
1033 211
156 1033
35 1033
235 1033
935 1033
1033 878
1296 1033
1033 1186
450 1033
932 1033
1033 1337
1096 1033
1033 890
1552 1033
623 1033
1033 1871
256 1033
1009 1033
1727 1033
1033 271
1033 1806
1756 1033
559 1033
1033 1603
989 1033
987 1033
220 1033
715 1033
1033 268
604 1033
1033 1378
1033 1074
800 1033
1033 479
593 1033
1163 1033
1033 181
1033 1577
357 1033
1033 605
1033 1211
924 1033
1476 1033
1033 374
1033 354
1033 760
1327 1033
125 1033
1033 580
1033 37
1033 547
543 1033
1033 1685
1033 1875
839 1033
1273 1033
1460 1033
1033 831
1033 114
819 1033
293 1033
1865 1033
772 1033
1033 30
1033 630
347 1033
1033 527
1033 454
1690 1033
860 1033
1786 1033
1033 40
1033 1867
1043 1033
655 1033
502 1033
977 1033
660 1033
1033 335
1033 462
1033 129
1033 646
1553 1033
1451 1033
1033 488
1874 1033
1033 253
1279 1033
1203 1033
1879 1033
501 1033
324 1033
779 1033
1033 657
1033 283
1033 1565
654 1033
582 1033
1033 1664
1033 53
771 1033
1632 1033
1692 1033
1033 899
1346 1033
1033 160
1033 115
801 1033
1033 144
1764 1033
1033 473
1655 1033
1254 1033
1033 149
1033 484
143 1033
868 1033
1033 820
1033 759
1033 1051
297 1033
639 1033
1293 1033
1033 1018
1188 1033
1033 1339
161 1033
1033 278
1033 529
1033 1792
1033 1000
469 1033
1033 1788
1232 1033
1033 1897
1033 185
458 1033
739 1033
1667 1033
1033 849
1033 1373
1033 544
1033 906
1033 433
1357 1033
390 1033
1257 1033
1033 823
1033 141
26 1033
87 1033
1033 1544
20 1033
1832 1033
1033 557
431 1033
1033 976
766 1033
1129 1033
629 1033
492 1033
1033 942
1033 1405
260 1033
378 1033
1154 1033
1033 439
92 1033
1033 199
1033 1384
1033 841
1851 1033
1033 48
1033 1624
1033 410
1033 298
1033 343
845 1033
1878 1033
588 1033
1033 1024
1033 1110
822 1033
1033 1321
192 1033
1033 738
952 1033
1826 1033
1033 1069
1033 1721
995 1033
1179 1033
1033 1803
521 1033
1033 1564
1033 807
1033 1449
1033 1748
1033 624
1033 538
1033 1058
1877 1033
1033 778
333 1033
1033 1260
1033 563
1033 696
1033 1662
1324 1033
862 1033
1371 1033
994 1033
231 1033
1033 1005
1033 19
1033 1757
1038 1033
872 1033
1228 1033
583 1033
219 1033
393 1033
1033 953
1033 1448
1033 2
1033 1008
1246 1033
1033 289
265 1033
888 1033
1033 1162
396 1033
1088 1033
79 1033
1033 1739
933 1033
1638 1033
1033 974
802 1033
1033 634
1720 1033
698 1033
954 1033
179 1033
1754 1033
647 1033
1401 1033
399 1033
1707 1033
1033 1456
576 1033
1033 752
1033 312
1033 1791
316 1033
1033 1359
741 1033
1033 1454
1033 1697
1701 1033
1125 1033
1171 1033
1033 1365
1033 1085
1033 928
1033 1507
1033 530
1033 1609
810 1033
203 1033
1033 1015
1033 1738
1633 1033
1056 1033
1033 398
310 1033
1480 1033
1033 1302
1033 1794
254 1033
1033 1259
1440 1033
1033 874
697 1033
1033 1156
1033 397
1033 1331
1033 1105
1563 1033
1033 1170
42 1033
1033 1838
64 1033
1033 873
1033 690
1244 1033
78 1033
1033 1200
1683 1033
1033 996
1848 1033
788 1033
1797 1033
577 1033
1033 1595
1033 1795
789 1033
1380 1033
130 1033
1033 1494
1033 1597
1033 22
262 1033
1033 88
661 1033
1732 1033
1343 1033
1397 1033
562 1033
1623 1033
1811 1033
1518 1033
1033 80
1763 1033
1033 649
1033 1785
1033 614
1033 1618
25 1033
1033 1704
1033 1042
1033 344
1033 770
1173 1033
1033 824
180 1033
1033 1104
1033 301
1642 1033
1574 1033
1239 1033
1390 1033
1033 650
1033 1880
1375 1033
659 1033
1033 622
1033 1555
1033 1676
1033 1393
1033 984
99 1033
1033 523
1787 1033
1033 912
1033 464
362 1033
1033 273
581 1033
1033 267
1421 1033
1631 1033
1033 32
1033 747
1033 957
1713 1033
1026 1033
718 1033
1381 1033
1033 958
525 1033
1368 1033
106 1033
1033 1113
825 1033
1194 1033
1033 132
1033 1071
1033 1148
840 1033
1033 1363
1364 1033
1033 320
616 1033
1033 1769
1418 1033
870 1033
1033 1067
1802 1033
1408 1033
1033 1286
1033 372
1033 1160
1033 1629
1033 1711
850 1033
1033 710
1033 1016
107 1033
101 1033
1661 1033
1033 402
1205 1033
1328 1033
1388 1033
1033 795
1033 852
1033 730
1033 405
1033 836
83 1033
1033 1893
915 1033
1033 522
1592 1033
1033 1846
1033 1325
613 1033
1181 1033
313 1033
1033 691
1033 579
1033 1430
1033 1819
1033 1272
1033 1242
1023 1033
1033 116
1033 1092
834 1033
1033 1355
1175 1033
1033 1089
1033 1636
311 1033
1033 881
1033 1650
1033 1345
1751 1033
1469 1033
1335 1033
1229 1033
1033 758
1678 1033
1033 1488
1033 1525
1033 914
221 1033
1033 1209
1033 1687
266 1033
1033 104
1033 1204
706 1033
786 1033
1496 1033
1033 1442
1033 662
1033 564
140 1033
1274 1033
95 1033
1033 72
1033 1362
1643 1033
1033 1465
1033 175
1747 1033
1033 65
1528 1033
1033 460
1033 1716
1033 1309
1033 1861
910 1033
1611 1033
76 1033
1033 193
1033 166
1477 1033
1079 1033
1033 986
1033 147
1033 1313
197 1033
415 1033
1582 1033
1033 493
1212 1033
1033 814
1033 1214
1033 1102
1033 1807
1659 1033
205 1033
1033 1573
1033 353
131 1033
1011 1033
1033 1598
1033 1524
1033 184
916 1033
1033 893
1033 889
1033 425
1033 1410
1514 1033
1033 123
1033 1700
1033 1581
1033 480
507 1033
133 1033
1033 1497
781 1033
975 1033
157 1033
1033 503
1433 1033
1180 1033
1126 1033
1033 1119
1033 644
812 1033
600 1033
1033 1559
1394 1033
1377 1033
631 1033
497 1033
1235 1033
699 1033
1033 1370
171 1033
1033 1248
1033 108
142 1033
1062 1033
1033 1857
1033 837
1752 1033
1033 858
1033 688
1033 1455
252 1033
1033 921
215 1033
1033 1842
705 1033
1221 1033
1109 1033
1033 1350
782 1033
1033 1220
1033 475
1033 1420
303 1033
1033 1859
843 1033
1033 136
81 1033
736 1033
1033 1402
336 1033
1872 1033
1033 1347
1033 619
1033 549
1033 900
1033 1048
1510 1033
1033 381
1033 1013
1041 1033
1033 1083
1033 229
1445 1033
1033 780
1033 1605
1111 1033
1213 1033
322 1033
1033 1250
1033 1352
1489 1033
1033 1864
1033 417
1033 1464
1466 1033
1033 1165
50 1033
1033 1523
1033 990
1033 404
1033 1341
895 1033
1033 1118
940 1033
1033 494
1033 1217
1033 1892
1033 750
1136 1033
721 1033
1033 1475
627 1033
1033 7
1033 584
1037 1033
1399 1033
1033 1836
1036 1033
1033 97
1545 1033
796 1033
1033 519
1336 1033
1033 742
1033 121
967 1033
1108 1033
167 1033
1033 1746
427 1033
1033 47
1726 1033
1033 467
1033 1266
1281 1033
478 1033
1860 1033
1491 1033
548 1033
1033 1312
1798 1033
1033 1852
763 1033
764 1033
1493 1033
1262 1033
345 1033
1526 1033
1033 400
68 1033
1033 828
1033 1061
1459 1033
1033 1722
636 1033
1033 1360
1033 830
1033 1334
1033 279
684 1033
993 1033
1812 1033
1033 970
1159 1033
1033 408
1185 1033
1311 1033
1033 1450
1033 5
1033 590
1033 1622
1304 1033
1379 1033
1241 1033
1033 877
1412 1033
1710 1033
1033 835
1033 799
280 1033
1149 1033
337 1033
63 1033
1033 1834
1660 1033
1021 1033
1033 709
628 1033
1265 1033
891 1033
309 1033
1033 1303
1033 567
1830 1033
1535 1033
1635 1033
945 1033
1645 1033
1033 1742
176 1033
1033 218
1033 1653
1033 719
468 1033
926 1033
1033 1090
1033 648
1033 490
1517 1033
1033 1600
1033 1853
1033 498
1033 227
1033 818
500 1033
1098 1033
1150 1033
1033 1258
1033 1898
138 1033
1376 1033
1106 1033
1033 966
1033 922
1900 1033
813 1033
1033 1198
1033 842
946 1033
150 1033
732 1033
1033 323
1033 1035
31 1033
1033 445
1033 1333
168 1033
1059 1033
1366 1033
1033 1753
1033 327
444 1033
239 1033
700 1033
687 1033
1799 1033
1033 485
1033 1138
694 1033
988 1033
1033 968
1033 1247
1033 1530
573 1033
1033 163
1033 1215
1033 1561
1033 162
412 1033
1033 1012
440 1033
1033 851
1033 587
1033 1049
1033 290
261 1033
1560 1033
1033 1285
1227 1033
1033 1280
487 1033
1033 1604
897 1033
1737 1033
245 1033
499 1033
1033 428
1957
1201 935644421
29 919457189
865 956900769
1098 831936430
1081 866195660
1832 950360153
1026 892254864
1596 895597996
562 866563948
764 979622723
1416 825229849
1852 983887298
1831 824385852
593 919656219
1781 900710149
1844 811198100
1247 942208935
1653 843265914
115 817386219
494 851223802
1132 844448831
20 903872219
1862 939169753
1594 946920987
210 833563854
190 979211141
662 832354571
540 913659155
895 816051649
744 942446267
1174 901629767
317 885270910
1306 903025241
1555 906434335
1293 920336319
667 853975879
660 959975529
896 954273846
1597 884538860
1156 855469584
523 893693743
1284 926841743
737 982421407
281 946069737
1725 833083942
1446 984214618
237 906558948
1339 811949645
1887 960020399
558 997695148
1761 892131727
605 855114072
863 957436053
409 837995085
1509 981987085
1064 909605090
1770 871650038
193 910594336
1056 920122726
902 833382050
1548 953261967
847 957119734
625 851168695
1429 857721470
1680 991504499
1499 823850018
1864 984025495
1439 902368943
964 985210660
1231 879163011
1057 913694341
1668 929020925
1029 898569997
122 906100542
861 912178141
832 936423236
386 833162320
1697 942053655
572 848117342
110 920677478
204 935269224
88 918663940
1283 840033174
244 838764383
953 916426696
211 891023296
1040 871797928
1870 917316277
140 978165463
719 895557931
1369 854148486
840 876029733
311 924090894
113 832066111
1406 941755966
617 907783851
254 908887930
181 905184295
502 883899009
929 944063977
1511 831204287
335 847540552
1537 935123889
1588 809280953
528 989905548
1380 847287015
689 832966152
1022 885689878
1502 975806231
1099 880414651
791 885245710
85 871573641
1872 869324804
1604 982272597
282 960899093
1102 955507716
266 824636545
1671 907424022
564 970794622
466 820495783
861 892627245
145 931783988
339 960385484
1610 979920269
592 890057226
940 928422323
385 900831112
497 807577209
1645 882831030
1242 913328904
943 908687442
1625 874798089
804 932093857
549 951272784
1565 858450248
1529 838650764
1558 819452469
1315 909369337
165 828670564
1415 844817026
1453 808968028
121 973361305
555 920259583
23 910910888
1880 936737789
234 932372266
1816 877720554
1842 964583370
1007 973856502
560 834032218
632 859198713
1632 995614108
1175 881759737
405 880790421
988 809994092
1362 822848539
716 851997136
1815 862690780
1802 983487253
1248 925625095
959 926621291
469 978590340
1238 975833025
257 913775154
985 852811255
427 957875377
475 851420565
1523 858204932
1060 901805934
1448 955093568
1744 878391456
468 849859381
1267 823215424
756 850000630
1044 825497577
919 834865994
755 844710331
682 911650528
1059 958025681
395 875890377
672 858247973
984 962621240
1746 828558884
370 950958536
1514 845450052
1711 861271900
1193 852140880
483 944399127
342 891940303
414 909592370
1460 921876114
282 980819327
957 815572392
1676 968658688
521 988410541
1823 826924089
333 937919670
56 805599374
1270 970467856
352 933016758
538 914090609
1382 879534794
946 839496286
812 950218604
593 980148730
1148 986750186
661 817480149
26 883370808
997 807379811
1792 806334456
476 894065178
214 985571977
673 819948130
91 897743933
1519 886655750
121 937608552
24 898685820
1492 828114448
1542 925084591
1826 800728727
1543 829769765
1578 837168702
1557 919973736
631 857907140
1387 994149095
1018 928185944
838 895027093
42 801287596
1524 863488507
1113 929076584
289 881868260
1057 922608168
1463 981510921
698 892007941
1104 856918024
205 818959346
633 935508941
1501 890070268
864 881464144
1440 915830993
1516 927485355
1296 804177192
1476 883330401
1485 833914607
62 980464232
230 956552152
1279 959437838
291 955693291
1456 988349470
1481 872782183
649 910614725
827 917265461
303 833051268
1252 934123952
1886 938253133
557 861387934
35 801041829
308 910949932
1467 995005215
1082 931607252
1225 959136447
1472 919539971
760 992315063
732 907386458
117 986397709
1383 866824102
1696 836588552
509 995961416
685 814454584
1164 934147049
892 837684928
903 875232924
1250 920571859
189 875671903
1746 992178003
553 993359560
1772 876552541
874 948198330
973 962046728
1686 882997291
570 918227012
1878 939436369
299 938258931
506 845300279
190 895419801
1455 829582450
764 830639757
587 916102172
955 848574904
1225 845242729
1479 988862552
1529 913555679
1345 988080628
27 906476521
316 948376788
1583 935696501
199 886599261
1642 932106041
1513 863528273
736 921898270
1598 986656859
192 842867298
1765 999304570
1892 992751287
1133 936852604
1032 903627770
536 817769021
942 937038948
1643 879824975
65 888313243
1129 801959771
1197 946516440
394 975827447
1279 829084750
1876 870646049
433 827527420
1229 857948511
1701 803379315
1539 939472685
1200 825611825
743 863888461
220 824564647
1233 843644944
602 839216931
1746 987745765
1157 995350711
1833 802712470
9 985003204
854 832782648
383 916741593
355 837172385
1783 957273040
1424 810400061
1570 973388890
1847 994813882
1643 861993770
1513 975295208
1394 936744862
1626 941928650
355 882047313
1808 828524076
1047 808370153
809 954717679
909 920895717
1675 990484869
460 949468687
871 994950144
772 897936718
1618 976154587
1002 928211502
863 883084347
917 801856592
265 855955735
71 815851895
1367 979091582
945 877857523
1551 947883261
207 832118317
734 860272431
1735 877548949
575 810700392
1804 907320486
1784 886679533
338 928554091
1108 964074296
614 880872757
872 821886387
1353 839969009
517 993839028
1399 904232644
904 820428570
177 959294704
693 890517343
1038 918360961
580 994470330
146 927018307
1147 876231542
1398 978081252
182 896271729
636 910241949
1451 936040240
1364 876015740
1854 837989829
254 933687720
1085 916611858
568 972517351
1088 905801094
10 988856773
1727 933524213
174 944864117
206 938135399
1108 860587052
950 855891872
1152 889568323
1670 951578907
1066 912471040
543 839124958
1397 895349646
12 855034384
898 850459575
170 901136636
284 846541434
1058 905287762
735 800013336
1181 956924488
259 915409365
215 943894648
1588 915521333
203 833812895
1464 877281588
225 992290522
14 974398101
1426 856771445
1674 985292068
228 972011073
1723 926531311
666 922843346
1378 943546864
351 935971233
1476 908294921
1807 851995001
967 912636289
1495 959219322
650 905214603
829 823204892
1628 926164015
375 870136190
1124 853662959
1029 927909425
1169 987641724
236 972526933
702 970323535
879 820462126
251 845169972
611 924422389
1705 915169378
353 831889598
1218 859210148
473 926151551
1289 845960377
299 947814688
1263 836815277
494 882227356
1463 832460679
1357 854785066
1748 832337396
1055 963165800
825 956705884
1074 887296039
421 867733070
754 961599043
440 982318194
1413 812784647
1195 904402816
1373 955760164
1742 992768718
853 973439491
1748 818741456
1855 941752470
1292 922857463
305 847500317
1831 916862260
979 902563209
1291 997175209
116 965723049
1896 904686971
50 960255649
1408 856578404
361 817915139
696 920121148
1330 932098529
1580 843532091
7 946601826
1209 845321067
1750 936173503
535 827453563
518 936186578
1523 898478410
1354 818383505
1325 984485597
1882 979783633
1620 946535183
580 929246925
624 895656058
402 901912299
106 992543158
1837 823065251
616 877730506
938 883782864
653 914690134
1678 808146001
1109 845396077
180 942213598
1817 853697189
832 937482249
694 933939358
1215 882302232
325 830008741
1245 932632562
1680 976333300
488 972982708
1442 847436798
1730 976631944
1682 944774575
1050 846225519
1030 845480365
474 877762547
1141 887169274
224 821370253
1446 917290198
1578 801440412
331 802822158
213 924882009
295 804457097
927 937735506
447 942379294
1438 991069607
1628 998250826
429 916656220
1149 821682980
393 877516596
923 846914650
597 972024736
1444 906776272
1630 954865824
1015 806950519
1693 848171223
1662 839776283
563 867561913
1580 972242595
1024 930283331
795 901723202
675 950243204
178 898788390
356 854204481
1342 918217947
102 853979122
1731 925592250
245 917096064
1508 989326719
1453 896250776
800 884770308
1498 874300026
254 978192793
728 929897746
1498 921999689
996 857031110
1260 917054020
787 839975781
1045 990772137
1535 975088632
201 873502376
1560 938451963
1886 833388499
1651 946151653
1354 858073909
315 859369692
1602 894228498
936 993013861
1515 944783143
1545 951118866
868 941832851
1048 876977566
866 832917676
478 957667052
976 888209242
465 986084072
387 883952141
757 937843457
484 981008806
357 962321540
1866 816670309
1304 860532590
105 866096046
1679 827438580
1371 999992963
284 896191644
64 853240670
1646 808498442
1135 818198345
1663 808525982
51 975208500
452 804212593
654 898049596
790 900159911
1739 900350463
108 826975385
830 869396711
773 920133031
839 993434081
489 944059993
1489 905542074
1349 916889168
1092 806605313
1873 895723598
547 966988318
463 870743582
492 807285396
340 931830104
1851 964193591
264 876521688
1868 964721081
50 867998852
725 965789879
406 869299778
104 830849976
1865 916968524
762 857515021
709 948761898
614 927021516
94 870577577
139 872614392
1452 947675692
552 896726768
1018 812954810
1601 941414432
942 926183266
1359 877648616
398 923017583
745 961608898
726 863419845
1167 823274706
691 829746575
235 813003635
1 834341234
1432 926232602
1667 845289603
1318 807723503
218 920956300
867 916587841
1352 997281117
188 955451871
999 891170755
797 802298876
173 885706354
792 857252901
396 816603654
1376 897647474
671 875714123
258 950310136
1739 841166260
195 965117237
567 978016859
956 856371676
1040 952788365
915 893784202
45 868750449
343 993468446
1655 838367879
468 807706390
1410 938902619
893 963432827
30 975879065
1856 945354509
806 936312616
1188 840309256
1839 990049959
1107 903215657
75 950232868
1425 883198811
41 894775962
46 856092744
1556 997166864
1602 822526806
406 896997858
952 892334454
734 845110609
418 910120531
1041 812796503
858 817770884
1734 831046840
791 929421101
1687 858262233
1343 960939460
1138 883221148
853 955489414
73 920668675
1217 894911562
1654 888919425
826 962898414
1631 811691246
612 811539688
621 868639995
1212 802220868
1420 818611307
745 918196172
1589 869352072
602 866268347
384 881261554
443 932961478
456 824066178
715 843768141
82 854022663
1222 897006472
227 865080288
1430 854418822
1614 949657510
6 849844501
1636 953884888
1052 951679739
601 990145315
244 989521314
1101 938940634
622 879957612
609 989762005
881 847032991
214 942437759
1161 959192679
635 873386760
596 981472694
1020 857171914
924 817653420
1234 988775840
784 987244211
778 836363113
311 902801932
1707 997685250
968 979959918
771 985305504
1134 939908686
1228 983068440
1210 986791017
1167 937562437
395 923794238
148 866390789
151 989654720
1599 878591787
1446 853282815
617 906874705
1288 800734823
1128 873637262
1285 953872653
285 895305262
1505 988943609
1261 966162300
1412 985997244
1888 828620000
972 973620114
522 835318432
89 954383783
33 932801239
730 860655232
135 888041198
224 937103012
590 889407152
1264 808112696
1141 913027893
1208 847747596
1427 955056377
231 842735034
1282 981623262
717 928786225
197 842136495
1591 846103829
238 888972110
1616 843137568
99 937279041
1530 948054705
852 965675355
466 977292089
996 894342980
550 867894782
613 854614065
914 959908643
1294 822446910
96 875668532
1171 945381469
873 802076015
1410 938292520
400 984849956
814 879793918
916 885175694
1177 987412294
178 835866011
247 989919495
1657 940817865
226 937449948
604 861708317
1458 862997729
392 932684738
1689 946561235
1593 897107119
436 820002255
424 839540014
1377 843853188
175 905197035
527 858942103
1246 843942973
1595 865802524
1274 928016694
1728 909058311
390 859391015
581 822352685
1622 883830982
309 882744405
98 803586820
1189 859555344
1721 821957997
1636 807697245
1806 932259129
969 825899919
389 932208674
363 940827367
1859 830309234
1694 812566304
604 981482099
210 966947816
391 838564670
1610 876866982
103 912887689
1801 932736079
663 855703951
733 810135021
512 929021264
564 840603797
5 806602383
882 860383624
1136 948996408
1056 870310341
454 870080790
8 925482505
298 897316895
1707 904855649
697 927644033
1269 937817199
1733 946172187
2 992174447
1127 992288984
1629 807156727
807 917413134
1400 976123778
267 849093700
194 900544177
1751 901503051
1100 958079733
973 902437931
515 808506990
207 826142784
1124 990878393
1246 924278646
546 914777272
1127 949180010
1789 801371121
1809 993672567
15 808911824
1153 816301237
1536 918468718
63 973660756
1176 905623888
100 999195378
1574 863395051
162 800481032
1891 830597561
541 927596578
1073 979142143
134 879113377
1518 894600839
727 950569026
70 980883961
322 962460772
1090 836895550
186 942582142
753 808733995
1765 955810156
449 974918069
492 837879492
1158 819839751
1884 840340505
1322 897086686
647 884819511
951 971735934
1547 874645058
101 971792364
1627 862018178
1064 908860645
1851 973702394
1088 992717929
1153 854276246
921 874780645
1001 869168487
152 861380905
1478 838871947
21 848674973
999 908697202
1837 858112548
170 872459082
1315 903686533
884 817277027
1146 840332874
342 863733927
1415 848636248
349 995809948
1012 837585006
1899 807747418
68 918662640
55 905423259
1715 936631445
133 809487506
1633 936060413
1247 852804842
1151 905008244
1086 852870960
1268 820446027
556 817823712
1894 956073478
618 950856627
208 985071151
441 830860258
1384 986949381
481 938148274
1493 841550757
462 813361987
1893 917232410
1447 812115274
346 902479590
511 842225860
1664 947112024
1224 921986276
1617 821240230
1872 894426223
159 950650390
1504 923178647
316 987824117
324 948023381
1779 868596219
646 956142947
1764 812185720
1658 827923466
248 930290749
305 864740805
876 944295313
1133 993396378
948 999375414
1094 994090863
1204 949161750
1436 952595190
1323 954366536
415 837089959
1638 962820247
1763 842994973
574 816011319
1710 990757054
1784 913530704
359 828811758
1409 977159363
776 920606236
556 851179125
531 860762667
963 995396120
859 916920895
417 936751739
1609 977680408
1448 885357824
1253 847833530
239 823912821
354 844259275
23 995946760
610 974095018
144 829411367
780 838252756
1287 824067611
1576 855971143
1467 845350064
505 859378538
76 932369544
379 801971598
24 975454204
739 924171968
51 929363194
831 898470851
645 893709596
458 923531537
1179 917881377
72 883308897
995 982997209
602 932083909
1049 824361574
911 846621854
1586 834120694
407 834775900
1 870100547
391 821975767
1186 997005024
1078 968797366
416 829518461
651 841347699
889 886573099
1517 821551600
455 922308624
721 886673567
744 979345638
1379 968248621
1329 805689430
1234 845607985
1499 976207400
533 938620684
252 856754394
1305 976262401
1178 874182971
1204 878257765
62 940276359
459 845861339
717 910441845
981 817960883
1192 882096617
999 933391528
34 804382999
1126 905114265
149 903924633
109 993316160
1343 856034877
670 989030576
1784 954879889
1433 939878295
1840 830376826
155 896731813
1122 843405823
1038 910923475
1693 809684317
1482 997568944
125 901284846
5 931262088
18 920291569
1034 813779434
169 937240823
18 853795645
233 801854584
371 914988571
1749 932423985
1281 876364427
1737 830314401
1877 915418281
439 925905203
1707 983665584
1597 879896033
822 868682457
302 968024804
1017 889997872
1769 995023690
1142 957913182
583 904815120
303 928575799
823 950178180
1341 832838552
1192 837878982
1293 885143888
917 939430246
976 929767288
1129 850069904
656 931869758
1521 876632073
831 957995861
1561 909421460
1641 831756984
823 922493209
1640 992661061
939 878905123
38 918445254
1327 934824366
699 881153344
636 946011895
325 993665550
186 889663900
966 962096059
841 851386116
369 856051204
1375 908550642
1713 823662395
442 813833618
1553 804932247
1577 986991038
1611 934030825
1833 981247921
487 856786384
1544 803679261
1496 802222841
559 999852690
1509 932846387
507 891453439
1801 852687788
1890 859412302
1164 936369808
344 981388949
1639 823503428
816 997059183
1642 955764475
1249 884126216
1592 948587481
59 814130095
1477 945808641
1353 830065569
1005 894651195
1680 973707780
1005 942369936
667 943095594
445 990769946
970 826929184
1108 849201476
798 931083350
1140 997597884
1202 885725273
118 809012132
1563 917581646
1031 984950492
1083 912172861
585 837682963
829 921706712
1690 862736410
450 811132406
937 890050289
1845 834651568
530 939646880
1011 914969367
792 870388528
1356 812351571
1827 937529021
1272 979760290
1751 941302037
1616 991040863
415 905724637
757 967575947
475 819770674
949 864453659
306 887996838
1426 825956685
1033 972176417
627 900643524
970 891365437
125 936608797
1777 990798764
456 979473674
1237 899488243
1314 975036666
1554 823436731
1581 812897946
1300 964697792
119 924218634
1706 900570313
95 912554807
1036 934043168
5 891274318
166 916543585
249 887877836
15 874221111
508 810135329
193 885334356
179 825751420
788 985745863
272 870810459
1275 840882663
690 854968506
1875 824378474
1213 876400624
219 856335093
820 958973655
981 964188194
823 973910615
1464 868796965
1002 957965394
817 966754594
621 841145296
1298 824030717
499 947012869
566 946495611
217 918342674
1566 813820384
912 995169378
678 983405154
1544 871569078
668 987058856
1892 867986912
635 975347492
630 896468467
619 965908345
651 837016146
774 996195475
846 833944970
1310 884657590
618 910638993
63 901243566
315 945433054
798 858257590
977 870117282
341 839344529
981 849718542
209 958472423
641 904011564
1650 862733181
596 958465456
1104 979602424
701 924097192
1470 887716900
1694 891904634
848 954809626
1428 998914275
1226 971040732
850 990981752
809 902185707
1471 866398116
130 877522807
1244 837641621
60 886592248
1270 853759650
263 937595696
306 896859399
1686 997304582
930 929497799
1122 811472994
507 996958495
969 834345464
114 945230789
160 848002905
95 820666420
1203 832542862
880 952457350
833 923671520
493 806766353
1220 861993246
768 879009402
1531 925564183
1136 860533632
1737 971864664
1821 977538370
150 964404462
537 983733110
990 905541097
905 816565506
550 861870262
387 899242498
640 952662830
1089 970610647
738 885183746
1850 811345403
1277 906807568
1634 881712654
430 951925710
1068 986187304
1572 987651403
1439 939479398
549 937239825
314 901212261
1183 917409109
737 969878091
1165 831018208
1172 828445192
394 863559453
91 883135650
430 907661789
931 986656747
1137 916076972
1401 899694621
739 855357113
1768 934867665
1440 869071941
1114 844118082
1565 962212710
1789 915483171
8 915018349
639 811379354
897 922356104
529 984238429
1743 847934712
1388 952039775
1022 850485888
1175 872090684
1767 844503823
1875 862806403
1099 823903335
548 810229775
1649 845952349
1718 981654777
577 867738941
864 859551511
1774 862231934
1381 941657307
1450 860686086
860 950474598
1744 805607548
286 816261465
172 906410369
591 987317126
225 831247271
37 907379674
259 877055597
350 967495535
1568 838152154
925 833375711
1284 881891052
388 927438779
904 992246223
1319 920628708
501 811949844
184 888650340
1154 998113179
843 992293310
722 874616920
1221 881347815
253 985029638
173 896351528
849 947006443
1835 946624601
983 965737547
1350 943073052
1853 914460176
1741 908074385
1075 829688352
908 950084061
265 856662357
642 911737191
766 854921640
629 956393027
1338 958433417
1205 960563839
1112 898994087
334 965779794
169 822368642
1562 822818762
1726 843949174
1026 953329516
329 810390669
842 959175174
561 815957766
185 961693967
369 981499078
169 898968807
1112 852308014
510 957100469
358 899259592
620 896032564
1561 917979526
951 990046761
1308 849058720
934 864774474
1648 938300041
78 862951506
1003 972865106
479 990708926
1393 944798065
526 875345800
1316 978392536
771 927992280
244 999252384
1155 907258255
412 800489833
1798 829818125
1027 979800268
83 838346468
66 803067184
83 878814280
899 871596920
215 851813718
1566 987072913
841 963946383
1692 860692201
1552 967394274
357 913186268
1879 824478822
553 813952513
222 996697026
648 827774297
793 942794933
1662 802611443
703 923736557
748 857016962
1063 904912413
756 917709346
92 972205275
1189 909898251
43 873100013
1105 903240197
594 906870697
275 969614402
379 987806049
202 984932690
1342 925373718
1736 952825442
1071 819132597
1717 824764219
1561 928556658
1295 957833927
1230 897103950
199 994788731
1018 929274375
1067 894025217
408 819491861
362 880103258
1246 957240745
554 849989195
782 893647688
1621 973684073
1397 927176790
1480 896687872
1441 941564049
1431 922556652
242 852136883
1235 989627646
937 868096602
71 820524048
703 927861015
147 928689857
1510 865321856
1700 906769287
1522 939868975
1637 944771435
1725 839396626
1464 894503735
788 976974862
1898 938465542
1871 892588245
273 803568053
1168 849585425
1477 812692954
1496 819985079
682 875457876
1229 876116311
1829 892190519
1335 933811120
44 925577162
1732 803630357
885 804514598
1405 831120639
426 998624171
135 908737115
609 802001159
1548 896732412
303 965470795
901 840856819
1532 922435149
187 938544730
1061 948320679
890 997763696
195 931392393
888 974216552
1030 811764205
1097 933413838
1096 896661652
1833 822343978
1352 994035391
1035 807798465
1669 860676488
1017 962079411
629 846824856
326 921351637
1179 806890633
1223 822826606
1824 866115704
329 897476229
1883 895237177
1672 875215356
1370 891453474
290 976391658
1312 822248836
1051 989423322
178 963260852
705 838493991
1449 923013987
1482 874394405
1394 834798535
1022 953127355
1795 832236904
855 974110526
1892 851966106
1569 830103123
1235 995099746
248 887625196
58 901427240
983 894983555
830 851458589
1582 869259226
1433 861112600
1243 858838219
52 867260821
952 839524958
572 856758411
962 917782192
1263 909589897
312 856630775
205 854922653
334 900269846
540 923793594
464 855935106
28 810569599
1025 829909948
1686 969400452
883 904763977
1076 993932147
995 904696505
294 868745096
422 958756373
1683 814389659
1000 963463108
1579 900300032
1487 924937998
453 976687203
883 962057442
926 945085873
1016 973641291
590 990855267
620 804457227
1348 802568231
1439 937484095
703 911443411
132 830736825
989 901482962
977 951134666
287 990443477
1110 967824161
1235 997347995
172 890033658
478 842935692
1204 845028253
1776 874851996
1550 815152692
1110 824617687
1856 926618875
61 998872449
300 836136150
817 872460308
1296 885914360
1350 957845073
957 802805575
103 884723642
923 940380577
1303 891100029
313 909944149
241 986921498
700 991219232
914 920930246
1876 968038943
1616 943549337
1623 861851453
381 830691291
646 945444032
262 893983821
875 945852361
1160 938720436
1379 898209839
600 927432870
1396 944553954
525 849281227
659 900735021
763 820669110
353 843587995
1145 957405201
1698 818009840
1895 814958167
714 979566900
960 859399012
4 883960521
742 964476817
1420 820019444
367 837415551
1681 913635056
432 974685246
462 844215359
1575 895579070
1119 996108710
1484 926998594
1778 908382282
1299 992391739
1421 870466852
1321 833105004
542 897448322
513 905316498
184 978834514
974 976911439
1390 925478561
277 910399635
1745 824535539
1437 878112985
1036 975657272
368 897212334
760 824044154
1392 985704210
1144 803202037
136 999010903
1896 990594779
794 906079170
463 824834370
1863 922135674
759 816180222
277 933676035
1688 931464081
1719 948405257
366 963293031
444 942323861
1232 836863345
241 952118204
1541 815132561
688 847430472
1238 935542299
1670 999430918
963 866383611
959 985435228
298 841949769
539 838758646
724 846284424
1130 802621508
1302 861432837
424 878914944
786 834080238
1459 902221663
1273 864419064
634 871071890
437 966922562
1158 972522165
1605 956004244
1607 993452163
1053 993837166
1062 987137979
434 819244639
472 810869317
1527 881801683
1084 976936565
136 806915484
1431 991397992
851 887546028
1677 842851306
164 894995038
1372 988856042
1730 938644591
1202 870275909
1058 842177284
1331 890865699
944 917289862
1887 840090563
1083 968513360
431 972189828
1759 848407450
652 890995473
1465 966538659
1093 971008538
131 977985786
157 971380153
634 988953830
679 988680289
836 909340318
401 847540210
391 944057858
1483 919461433
437 960027111
1140 846395639
1074 993814274
1417 948668354
193 981771767
1336 870472768
927 963280116
161 876509830
1270 839311946
1491 847418631
629 979535676
318 822516055
1531 884791154
584 879834459
878 837987469
1663 980458847
242 876907926
1332 947804414
1586 948225866
504 867652738
1042 870991016
657 973328424
282 899363136
249 985191058
1315 981719587
460 963609595
127 878860396
150 916507001
319 926325069
1637 835805481
1125 888739822
505 947956642
704 915241375
36 875245836
1173 853218043
811 875838439
1411 819669900
426 874915097
1428 870672633
496 890429389
1885 934260603
1258 902181882
341 962364047
1393 945122600
188 971823823
1499 910276274
1834 893135080
718 833588862
1869 925936634
779 993678118
978 983965421
738 992039592
1525 840435147
648 918951463
310 870859990
1374 936889123
1287 957401991
977 838032654
562 879965449
339 828604229
383 819881329
578 884661504
1766 903503716
297 959272488
458 800809907
167 844137590
499 812384315
1533 909604155
1002 891656324
338 832105985
1486 911912186
1214 814191434
1607 881260640
1268 951539436
1144 827089440
101 805353091
13 921979454
551 812828765
1069 830863877
1556 989935784
772 964607243
413 967612703
1191 829632649
1283 870688350
1466 869675591
1691 954508520
1099 876459522
994 964692722
1837 912848131
1708 819732077
1841 845524316
1606 810439309
539 994198082
1537 944051038
379 805554965
980 888573819
1324 947388465
1860 848193159
133 956045617
1822 802663541
986 859481202
1834 961861250
1618 984611267
706 829286777
601 858185829
1556 979350231
69 936407120
1656 937675030
61 927264164
1389 898583021
1518 990155654
1762 860796019
410 957294098
1467 920171636
1065 845726857
948 992473899
1046 931004223
1561 944099990
1888 966657595
1106 942734397
1849 861390380
1291 871514643
767 890911631
90 858607914
447 913666138
1673 867425683
428 991739520
84 810777713
752 842765204
665 938307967
1334 936589490
591 862895185
287 989271249
514 829009558
471 929829539
331 866962684
674 825448819
1729 948849252
1013 985849152
1820 945712763
348 860740461
743 961327051
1000 991654197
1227 991344980
1667 864282969
1371 923714299
749 982032402
1210 875874661
1095 819327828
1457 929390386
1488 848179204
724 962582822
1435 951071508
1786 810687365
726 871467196
489 841077297
429 985451910
1540 831741503
1826 842812451
1042 809304042
1364 816846506
156 969155766
124 984798246
440 863499192
1390 827819205
544 847172922
482 882054538
1660 982349029
1087 878882446
129 990987662
31 847439832
157 856400542
637 855030699
1740 945842498
1699 960495815
74 930472406
1830 940739050
1206 918512356
609 855509582
498 943493618
928 971676107
659 829195775
857 825844929
596 833228723
1364 872362499
1010 872633362
1820 831540997
1442 985319445
250 822293188
907 866712670
438 973369102
1187 860531538
536 803200315
468 878454729
901 809011774
498 901123001
803 841739352
770 895305973
427 828712355
1813 972053211
1456 963367200
1731 997331213
747 817926844
1173 925395148
81 876167050
1600 927915870
869 938939960
750 805671233
183 882103241
1490 963432796
1310 859121698
1120 894506075
420 982893866
471 813563070
1196 831481165
981 962779079
1788 866198340
1077 978435371
1747 910516357
321 886943747
399 908042265
264 976098120
47 900873942
407 876927651
225 862841319
1571 926105063
765 904635454
86 964523436
217 801654472
280 958195634
1333 902449716
332 965307061
1899 811100711
397 951900578
630 842073794
250 824985884
485 897147832
383 876935309
1612 993926180
1814 995515673
799 834145532
1072 895967017
1800 983148905
1351 938095066
879 983155200
53 908409817
623 900249498
1727 841425881
439 889861510
385 853197427
1790 960134591
1613 917891232
1812 862082221
1600 979347519
1451 944569680
1493 922842457
342 999359923
1644 960757914
382 893291154
87 948202991
805 847216888
1546 961094154
899 853138446
1175 827193628
461 948523394
1462 985003210
1780 845359528
815 955496759
278 872523156
828 997315930
996 913525697
596 864124175
1170 809436521
665 897236792
425 991623177
899 931073097
812 887522705
1168 806991322
138 868676226
1797 823747558
877 922670818
1361 881183596
677 971858535
1312 999136104
216 934753461
1253 900363162
1760 982334159
296 801245045
626 921167212
1474 892339880
243 856200196
313 902438255
958 856770891
153 943212762
1474 883717743
1121 840061718
1664 962855202
1320 867628748
1571 990045328
1205 836939403
1009 972158401
441 988656434
1494 853055241
1410 956082641
1641 920269112
308 847020843
1695 904339294
490 963374607
711 905254881
168 805098430
1008 873386781
1437 814269384
283 811285969
191 910168140
1468 804421605
1179 933261853
739 924874904
