1950
1 2
1 3
1 4
1 5
1 6
1 7
1 8
1 9
1 10
1 11
1 12
1 13
1 14
1 15
1 16
1 17
1 18
1 19
1 20
1 21
1 22
1 23
1 24
1 25
1 26
1 27
1 28
1 29
1 30
1 31
1 32
1 33
1 34
1 35
1 36
1 37
1 38
1 39
1 40
1 41
1 42
1 43
1 44
1 45
1 46
1 47
1 48
1 49
1 50
1 51
1 52
1 53
1 54
1 55
1 56
1 57
1 58
1 59
1 60
1 61
1 62
1 63
1 64
1 65
1 66
1 67
1 68
1 69
1 70
1 71
1 72
1 73
1 74
1 75
1 76
1 77
1 78
1 79
1 80
1 81
1 82
1 83
1 84
1 85
1 86
1 87
1 88
1 89
1 90
1 91
1 92
1 93
1 94
1 95
1 96
1 97
1 98
1 99
1 100
1 101
1 102
1 103
1 104
1 105
1 106
1 107
1 108
1 109
1 110
1 111
1 112
1 113
1 114
1 115
1 116
1 117
1 118
1 119
1 120
1 121
1 122
1 123
1 124
1 125
1 126
1 127
1 128
1 129
1 130
1 131
1 132
1 133
1 134
1 135
1 136
1 137
1 138
1 139
1 140
1 141
1 142
1 143
1 144
1 145
1 146
1 147
1 148
1 149
1 150
1 151
1 152
1 153
1 154
1 155
1 156
1 157
1 158
1 159
1 160
1 161
1 162
1 163
1 164
1 165
1 166
1 167
1 168
1 169
1 170
1 171
1 172
1 173
1 174
1 175
1 176
1 177
1 178
1 179
1 180
1 181
1 182
1 183
1 184
1 185
1 186
1 187
1 188
1 189
1 190
1 191
1 192
1 193
1 194
1 195
1 196
1 197
1 198
1 199
1 200
1 201
1 202
1 203
1 204
1 205
1 206
1 207
1 208
1 209
1 210
1 211
1 212
1 213
1 214
1 215
1 216
1 217
1 218
1 219
1 220
1 221
1 222
1 223
1 224
1 225
1 226
1 227
1 228
1 229
1 230
1 231
1 232
1 233
1 234
1 235
1 236
1 237
1 238
1 239
1 240
1 241
1 242
1 243
1 244
1 245
1 246
1 247
1 248
1 249
1 250
1 251
1 252
1 253
1 254
1 255
1 256
1 257
1 258
1 259
1 260
1 261
1 262
1 263
1 264
1 265
1 266
1 267
1 268
1 269
1 270
1 271
1 272
1 273
1 274
1 275
1 276
1 277
1 278
1 279
1 280
1 281
1 282
1 283
1 284
1 285
1 286
1 287
1 288
1 289
1 290
1 291
1 292
1 293
1 294
1 295
1 296
1 297
1 298
1 299
1 300
1 301
1 302
1 303
1 304
1 305
1 306
1 307
1 308
1 309
1 310
1 311
1 312
1 313
1 314
1 315
1 316
1 317
1 318
1 319
1 320
1 321
1 322
1 323
1 324
1 325
1 326
1 327
1 328
1 329
1 330
1 331
1 332
1 333
1 334
1 335
1 336
1 337
1 338
1 339
1 340
1 341
1 342
1 343
1 344
1 345
1 346
1 347
1 348
1 349
1 350
1 351
1 352
1 353
1 354
1 355
1 356
1 357
1 358
1 359
1 360
1 361
1 362
1 363
1 364
1 365
1 366
1 367
1 368
1 369
1 370
1 371
1 372
1 373
1 374
1 375
1 376
1 377
1 378
1 379
1 380
1 381
1 382
1 383
1 384
1 385
1 386
1 387
1 388
1 389
1 390
1 391
1 392
1 393
1 394
1 395
1 396
1 397
1 398
1 399
1 400
1 401
1 402
1 403
1 404
1 405
1 406
1 407
1 408
1 409
1 410
1 411
1 412
1 413
1 414
1 415
1 416
1 417
1 418
1 419
1 420
1 421
1 422
1 423
1 424
1 425
1 426
1 427
1 428
1 429
1 430
1 431
1 432
1 433
1 434
1 435
1 436
1 437
1 438
1 439
1 440
1 441
1 442
1 443
1 444
1 445
1 446
1 447
1 448
1 449
1 450
1 451
1 452
1 453
1 454
1 455
1 456
1 457
1 458
1 459
1 460
1 461
1 462
1 463
1 464
1 465
1 466
1 467
1 468
1 469
1 470
1 471
1 472
1 473
1 474
1 475
1 476
1 477
1 478
1 479
1 480
1 481
1 482
1 483
1 484
1 485
1 486
1 487
1 488
1 489
1 490
1 491
1 492
1 493
1 494
1 495
1 496
1 497
1 498
1 499
1 500
1 501
1 502
1 503
1 504
1 505
1 506
1 507
1 508
1 509
1 510
1 511
1 512
1 513
1 514
1 515
1 516
1 517
1 518
1 519
1 520
1 521
1 522
1 523
1 524
1 525
1 526
1 527
1 528
1 529
1 530
1 531
1 532
1 533
1 534
1 535
1 536
1 537
1 538
1 539
1 540
1 541
1 542
1 543
1 544
1 545
1 546
1 547
1 548
1 549
1 550
1 551
1 552
1 553
1 554
1 555
1 556
1 557
1 558
1 559
1 560
1 561
1 562
1 563
1 564
1 565
1 566
1 567
1 568
1 569
1 570
1 571
1 572
1 573
1 574
1 575
1 576
1 577
1 578
1 579
1 580
1 581
1 582
1 583
1 584
1 585
1 586
1 587
1 588
1 589
1 590
1 591
1 592
1 593
1 594
1 595
1 596
1 597
1 598
1 599
1 600
1 601
1 602
1 603
1 604
1 605
1 606
1 607
1 608
1 609
1 610
1 611
1 612
1 613
1 614
1 615
1 616
1 617
1 618
1 619
1 620
1 621
1 622
1 623
1 624
1 625
1 626
1 627
1 628
1 629
1 630
1 631
1 632
1 633
1 634
1 635
1 636
1 637
1 638
1 639
1 640
1 641
1 642
1 643
1 644
1 645
1 646
1 647
1 648
1 649
1 650
1 651
1 652
1 653
1 654
1 655
1 656
1 657
1 658
1 659
1 660
1 661
1 662
1 663
1 664
1 665
1 666
1 667
1 668
1 669
1 670
1 671
1 672
1 673
1 674
1 675
1 676
1 677
1 678
1 679
1 680
1 681
1 682
1 683
1 684
1 685
1 686
1 687
1 688
1 689
1 690
1 691
1 692
1 693
1 694
1 695
1 696
1 697
1 698
1 699
1 700
1 701
1 702
1 703
1 704
1 705
1 706
1 707
1 708
1 709
1 710
1 711
1 712
1 713
1 714
1 715
1 716
1 717
1 718
1 719
1 720
1 721
1 722
1 723
1 724
1 725
1 726
1 727
1 728
1 729
1 730
1 731
1 732
1 733
1 734
1 735
1 736
1 737
1 738
1 739
1 740
1 741
1 742
1 743
1 744
1 745
1 746
1 747
1 748
1 749
1 750
1 751
1 752
1 753
1 754
1 755
1 756
1 757
1 758
1 759
1 760
1 761
1 762
1 763
1 764
1 765
1 766
1 767
1 768
1 769
1 770
1 771
1 772
1 773
1 774
1 775
1 776
1 777
1 778
1 779
1 780
1 781
1 782
1 783
1 784
1 785
1 786
1 787
1 788
1 789
1 790
1 791
1 792
1 793
1 794
1 795
1 796
1 797
1 798
1 799
1 800
1 801
1 802
1 803
1 804
1 805
1 806
1 807
1 808
1 809
1 810
1 811
1 812
1 813
1 814
1 815
1 816
1 817
1 818
1 819
1 820
1 821
1 822
1 823
1 824
1 825
1 826
1 827
1 828
1 829
1 830
1 831
1 832
1 833
1 834
1 835
1 836
1 837
1 838
1 839
1 840
1 841
1 842
1 843
1 844
1 845
1 846
1 847
1 848
1 849
1 850
1 851
1 852
1 853
1 854
1 855
1 856
1 857
1 858
1 859
1 860
1 861
1 862
1 863
1 864
1 865
1 866
1 867
1 868
1 869
1 870
1 871
1 872
1 873
1 874
1 875
1 876
1 877
1 878
1 879
1 880
1 881
1 882
1 883
1 884
1 885
1 886
1 887
1 888
1 889
1 890
1 891
1 892
1 893
1 894
1 895
1 896
1 897
1 898
1 899
1 900
1 901
1 902
1 903
1 904
1 905
1 906
1 907
1 908
1 909
1 910
1 911
1 912
1 913
1 914
1 915
1 916
1 917
1 918
1 919
1 920
1 921
1 922
1 923
1 924
1 925
1 926
1 927
1 928
1 929
1 930
1 931
1 932
1 933
1 934
1 935
1 936
1 937
1 938
1 939
1 940
1 941
1 942
1 943
1 944
1 945
1 946
1 947
1 948
1 949
1 950
1 951
1 952
1 953
1 954
1 955
1 956
1 957
1 958
1 959
1 960
1 961
1 962
1 963
1 964
1 965
1 966
1 967
1 968
1 969
1 970
1 971
1 972
1 973
1 974
1 975
1 976
1 977
1 978
1 979
1 980
1 981
1 982
1 983
1 984
1 985
1 986
1 987
1 988
1 989
1 990
1 991
1 992
1 993
1 994
1 995
1 996
1 997
1 998
1 999
1 1000
1 1001
1 1002
1 1003
1 1004
1 1005
1 1006
1 1007
1 1008
1 1009
1 1010
1 1011
1 1012
1 1013
1 1014
1 1015
1 1016
1 1017
1 1018
1 1019
1 1020
1 1021
1 1022
1 1023
1 1024
1 1025
1 1026
1 1027
1 1028
1 1029
1 1030
1 1031
1 1032
1 1033
1 1034
1 1035
1 1036
1 1037
1 1038
1 1039
1 1040
1 1041
1 1042
1 1043
1 1044
1 1045
1 1046
1 1047
1 1048
1 1049
1 1050
1 1051
1 1052
1 1053
1 1054
1 1055
1 1056
1 1057
1 1058
1 1059
1 1060
1 1061
1 1062
1 1063
1 1064
1 1065
1 1066
1 1067
1 1068
1 1069
1 1070
1 1071
1 1072
1 1073
1 1074
1 1075
1 1076
1 1077
1 1078
1 1079
1 1080
1 1081
1 1082
1 1083
1 1084
1 1085
1 1086
1 1087
1 1088
1 1089
1 1090
1 1091
1 1092
1 1093
1 1094
1 1095
1 1096
1 1097
1 1098
1 1099
1 1100
1 1101
1 1102
1 1103
1 1104
1 1105
1 1106
1 1107
1 1108
1 1109
1 1110
1 1111
1 1112
1 1113
1 1114
1 1115
1 1116
1 1117
1 1118
1 1119
1 1120
1 1121
1 1122
1 1123
1 1124
1 1125
1 1126
1 1127
1 1128
1 1129
1 1130
1 1131
1 1132
1 1133
1 1134
1 1135
1 1136
1 1137
1 1138
1 1139
1 1140
1 1141
1 1142
1 1143
1 1144
1 1145
1 1146
1 1147
1 1148
1 1149
1 1150
1 1151
1 1152
1 1153
1 1154
1 1155
1 1156
1 1157
1 1158
1 1159
1 1160
1 1161
1 1162
1 1163
1 1164
1 1165
1 1166
1 1167
1 1168
1 1169
1 1170
1 1171
1 1172
1 1173
1 1174
1 1175
1 1176
1 1177
1 1178
1 1179
1 1180
1 1181
1 1182
1 1183
1 1184
1 1185
1 1186
1 1187
1 1188
1 1189
1 1190
1 1191
1 1192
1 1193
1 1194
1 1195
1 1196
1 1197
1 1198
1 1199
1 1200
1 1201
1 1202
1 1203
1 1204
1 1205
1 1206
1 1207
1 1208
1 1209
1 1210
1 1211
1 1212
1 1213
1 1214
1 1215
1 1216
1 1217
1 1218
1 1219
1 1220
1 1221
1 1222
1 1223
1 1224
1 1225
1 1226
1 1227
1 1228
1 1229
1 1230
1 1231
1 1232
1 1233
1 1234
1 1235
1 1236
1 1237
1 1238
1 1239
1 1240
1 1241
1 1242
1 1243
1 1244
1 1245
1 1246
1 1247
1 1248
1 1249
1 1250
1 1251
1 1252
1 1253
1 1254
1 1255
1 1256
1 1257
1 1258
1 1259
1 1260
1 1261
1 1262
1 1263
1 1264
1 1265
1 1266
1 1267
1 1268
1 1269
1 1270
1 1271
1 1272
1 1273
1 1274
1 1275
1 1276
1 1277
1 1278
1 1279
1 1280
1 1281
1 1282
1 1283
1 1284
1 1285
1 1286
1 1287
1 1288
1 1289
1 1290
1 1291
1 1292
1 1293
1 1294
1 1295
1 1296
1 1297
1 1298
1 1299
1 1300
1 1301
1 1302
1 1303
1 1304
1 1305
1 1306
1 1307
1 1308
1 1309
1 1310
1 1311
1 1312
1 1313
1 1314
1 1315
1 1316
1 1317
1 1318
1 1319
1 1320
1 1321
1 1322
1 1323
1 1324
1 1325
1 1326
1 1327
1 1328
1 1329
1 1330
1 1331
1 1332
1 1333
1 1334
1 1335
1 1336
1 1337
1 1338
1 1339
1 1340
1 1341
1 1342
1 1343
1 1344
1 1345
1 1346
1 1347
1 1348
1 1349
1 1350
1 1351
1 1352
1 1353
1 1354
1 1355
1 1356
1 1357
1 1358
1 1359
1 1360
1 1361
1 1362
1 1363
1 1364
1 1365
1 1366
1 1367
1 1368
1 1369
1 1370
1 1371
1 1372
1 1373
1 1374
1 1375
1 1376
1 1377
1 1378
1 1379
1 1380
1 1381
1 1382
1 1383
1 1384
1 1385
1 1386
1 1387
1 1388
1 1389
1 1390
1 1391
1 1392
1 1393
1 1394
1 1395
1 1396
1 1397
1 1398
1 1399
1 1400
1 1401
1 1402
1 1403
1 1404
1 1405
1 1406
1 1407
1 1408
1 1409
1 1410
1 1411
1 1412
1 1413
1 1414
1 1415
1 1416
1 1417
1 1418
1 1419
1 1420
1 1421
1 1422
1 1423
1 1424
1 1425
1 1426
1 1427
1 1428
1 1429
1 1430
1 1431
1 1432
1 1433
1 1434
1 1435
1 1436
1 1437
1 1438
1 1439
1 1440
1 1441
1 1442
1 1443
1 1444
1 1445
1 1446
1 1447
1 1448
1 1449
1 1450
1 1451
1 1452
1 1453
1 1454
1 1455
1 1456
1 1457
1 1458
1 1459
1 1460
1 1461
1 1462
1 1463
1 1464
1 1465
1 1466
1 1467
1 1468
1 1469
1 1470
1 1471
1 1472
1 1473
1 1474
1 1475
1 1476
1 1477
1 1478
1 1479
1 1480
1 1481
1 1482
1 1483
1 1484
1 1485
1 1486
1 1487
1 1488
1 1489
1 1490
1 1491
1 1492
1 1493
1 1494
1 1495
1 1496
1 1497
1 1498
1 1499
1 1500
1 1501
1 1502
1 1503
1 1504
1 1505
1 1506
1 1507
1 1508
1 1509
1 1510
1 1511
1 1512
1 1513
1 1514
1 1515
1 1516
1 1517
1 1518
1 1519
1 1520
1 1521
1 1522
1 1523
1 1524
1 1525
1 1526
1 1527
1 1528
1 1529
1 1530
1 1531
1 1532
1 1533
1 1534
1 1535
1 1536
1 1537
1 1538
1 1539
1 1540
1 1541
1 1542
1 1543
1 1544
1 1545
1 1546
1 1547
1 1548
1 1549
1 1550
1 1551
1 1552
1 1553
1 1554
1 1555
1 1556
1 1557
1 1558
1 1559
1 1560
1 1561
1 1562
1 1563
1 1564
1 1565
1 1566
1 1567
1 1568
1 1569
1 1570
1 1571
1 1572
1 1573
1 1574
1 1575
1 1576
1 1577
1 1578
1 1579
1 1580
1 1581
1 1582
1 1583
1 1584
1 1585
1 1586
1 1587
1 1588
1 1589
1 1590
1 1591
1 1592
1 1593
1 1594
1 1595
1 1596
1 1597
1 1598
1 1599
1 1600
1 1601
1 1602
1 1603
1 1604
1 1605
1 1606
1 1607
1 1608
1 1609
1 1610
1 1611
1 1612
1 1613
1 1614
1 1615
1 1616
1 1617
1 1618
1 1619
1 1620
1 1621
1 1622
1 1623
1 1624
1 1625
1 1626
1 1627
1 1628
1 1629
1 1630
1 1631
1 1632
1 1633
1 1634
1 1635
1 1636
1 1637
1 1638
1 1639
1 1640
1 1641
1 1642
1 1643
1 1644
1 1645
1 1646
1 1647
1 1648
1 1649
1 1650
1 1651
1 1652
1 1653
1 1654
1 1655
1 1656
1 1657
1 1658
1 1659
1 1660
1 1661
1 1662
1 1663
1 1664
1 1665
1 1666
1 1667
1 1668
1 1669
1 1670
1 1671
1 1672
1 1673
1 1674
1 1675
1 1676
1 1677
1 1678
1 1679
1 1680
1 1681
1 1682
1 1683
1 1684
1 1685
1 1686
1 1687
1 1688
1 1689
1 1690
1 1691
1 1692
1 1693
1 1694
1 1695
1 1696
1 1697
1 1698
1 1699
1 1700
1 1701
1 1702
1 1703
1 1704
1 1705
1 1706
1 1707
1 1708
1 1709
1 1710
1 1711
1 1712
1 1713
1 1714
1 1715
1 1716
1 1717
1 1718
1 1719
1 1720
1 1721
1 1722
1 1723
1 1724
1 1725
1 1726
1 1727
1 1728
1 1729
1 1730
1 1731
1 1732
1 1733
1 1734
1 1735
1 1736
1 1737
1 1738
1 1739
1 1740
1 1741
1 1742
1 1743
1 1744
1 1745
1 1746
1 1747
1 1748
1 1749
1 1750
1 1751
1 1752
1 1753
1 1754
1 1755
1 1756
1 1757
1 1758
1 1759
1 1760
1 1761
1 1762
1 1763
1 1764
1 1765
1 1766
1 1767
1 1768
1 1769
1 1770
1 1771
1 1772
1 1773
1 1774
1 1775
1 1776
1 1777
1 1778
1 1779
1 1780
1 1781
1 1782
1 1783
1 1784
1 1785
1 1786
1 1787
1 1788
1 1789
1 1790
1 1791
1 1792
1 1793
1 1794
1 1795
1 1796
1 1797
1 1798
1 1799
1 1800
1 1801
1 1802
1 1803
1 1804
1 1805
1 1806
1 1807
1 1808
1 1809
1 1810
1 1811
1 1812
1 1813
1 1814
1 1815
1 1816
1 1817
1 1818
1 1819
1 1820
1 1821
1 1822
1 1823
1 1824
1 1825
1 1826
1 1827
1 1828
1 1829
1 1830
1 1831
1 1832
1 1833
1 1834
1 1835
1 1836
1 1837
1 1838
1 1839
1 1840
1 1841
1 1842
1 1843
1 1844
1 1845
1 1846
1 1847
1 1848
1 1849
1 1850
1 1851
1 1852
1 1853
1 1854
1 1855
1 1856
1 1857
1 1858
1 1859
1 1860
1 1861
1 1862
1 1863
1 1864
1 1865
1 1866
1 1867
1 1868
1 1869
1 1870
1 1871
1 1872
1 1873
1 1874
1 1875
1 1876
1 1877
1 1878
1 1879
1 1880
1 1881
1 1882
1 1883
1 1884
1 1885
1 1886
1 1887
1 1888
1 1889
1 1890
1 1891
1 1892
1 1893
1 1894
1 1895
1 1896
1 1897
1 1898
1 1899
1 1900
1 1901
1 1902
1 1903
1 1904
1 1905
1 1906
1 1907
1 1908
1 1909
1 1910
1 1911
1 1912
1 1913
1 1914
1 1915
1 1916
1 1917
1 1918
1 1919
1 1920
1 1921
1 1922
1 1923
1 1924
1 1925
1 1926
1 1927
1 1928
1 1929
1 1930
1 1931
1 1932
1 1933
1 1934
1 1935
1 1936
1 1937
1 1938
1 1939
1 1940
1 1941
1 1942
1 1943
1 1944
1 1945
1 1946
1 1947
1 1948
1 1949
1 1950
2000
792 941636829
1412 861966182
1563 870976721
797 992464855
1383 835406147
1500 866713331
128 860715997
1075 878782139
1346 856438308
644 914944257
13 956554671
1231 900690212
868 932582758
1350 870747283
436 834886817
703 910266097
1111 825882132
491 870790154
351 921942278
1829 864233926
1055 982458526
1020 812499357
517 882734602
865 859759574
1685 989907541
417 914841704
227 812254251
1008 805379444
425 872730104
1482 901624760
1117 836432642
92 825767089
795 878539829
252 900817917
289 834708154
1686 999200903
729 895082562
1050 904275743
1466 991266146
563 971971382
1413 916285879
1077 984298798
203 831963941
792 926344898
313 973525724
1329 937091465
416 907330195
408 899853042
693 917341596
778 839687824
1248 969307523
663 926315993
145 899573272
1588 965858718
15 898304251
809 805853712
1499 867954783
193 881399961
12 905719797
1065 809030497
990 977783657
1737 966643536
1683 863417785
947 923013944
193 917019452
1880 828705009
716 890126830
1068 950965819
1863 863882832
760 882092684
1614 938190461
510 993154629
549 913321758
1324 939935498
1260 870968638
1023 885918730
993 828091870
981 812671751
1154 866925753
5 910543802
1832 908153475
862 979800846
444 990228705
146 920879094
1704 846742024
498 916187175
1203 905170613
1530 831290770
1284 814481354
342 833904807
1517 871540551
1784 990511139
749 877226268
1609 825762754
1401 940784653
612 832634547
1221 922555401
953 926718482
1200 980063222
140 977027033
730 967526344
1781 893208132
590 846008691
276 899234330
581 968692284
1771 969739450
430 809662330
175 912998658
531 831416994
1194 926989521
508 877084592
1136 904539722
1018 852565108
565 909215314
286 975099190
34 804088083
1654 841766136
1817 963179883
85 804982286
1 990400176
580 928268831
1844 956332108
1040 979526128
841 881599620
1607 944672414
1732 810420375
1868 916576442
802 840400654
636 833656802
1866 805766410
1157 950358576
1917 890256837
1464 933568735
1915 931180904
909 971034042
1919 965462985
38 934732343
655 941778947
494 811569440
269 913481800
616 895340951
1211 969218471
1185 934508351
1656 834018230
828 813601814
1595 939287441
174 812205613
1259 976655528
1081 846547084
576 972929150
122 996590164
396 806232462
388 881045671
1051 831970880
1253 869663524
808 800060010
812 859201203
1782 835378405
1802 845061186
604 805838543
303 893381635
1396 807542634
1771 872930644
411 996356078
693 816052947
1381 837318880
446 988895965
1014 866585500
965 847272236
575 871922647
1600 881357522
1446 993529147
1281 833960590
1234 825135780
950 976991296
772 839726654
91 940187370
440 889612605
1102 982829833
1791 822530241
1185 936099191
480 916728378
708 805556451
1522 884155725
635 829026703
306 854811244
90 993964447
50 869454907
131 985004854
158 822385174
1795 852933119
352 816880910
1547 903671345
1909 840851158
39 834763385
1306 903066121
1213 805269087
105 860596696
752 876453691
1681 927670662
806 932745968
484 818201638
246 815628419
1836 986475343
1786 859744031
1064 883787788
177 952216189
1419 963853280
1548 930187213
1440 852424181
245 972294684
1061 992493094
1772 986003881
1187 878224634
325 840140446
725 847140144
144 829667294
1046 989844669
380 976645114
103 848421033
1859 812838677
58 858263446
1161 974581622
1088 879577379
679 912291364
781 861412964
842 912080136
625 971789913
1280 825432346
767 925956737
949 840605225
1915 926169360
305 950817983
1881 925840299
739 968908567
151 987830076
1194 974627098
1209 952437316
1455 917669337
925 888885692
1531 882966412
1082 899353287
994 807516270
195 864672416
678 998555951
1373 916092749
21 853224015
1436 832026494
1032 818260900
84 956672773
365 985891461
1697 955208778
986 860379555
905 827113292
117 874119773
18 862304326
472 982851685
1653 971346683
1199 888100303
1029 986453340
1414 923015336
1108 863625760
678 948362499
1344 991631790
20 877503119
1621 958810188
984 998277907
955 860290675
1406 898937677
1278 874155895
574 967249287
609 942428972
1327 801744305
965 916041360
164 980897861
1768 917100040
233 992191311
1026 923894281
1476 903405497
1604 836606011
1851 964634163
924 882814823
830 858476800
103 975360361
1022 823134820
14 884077572
348 967563854
955 880657761
930 956824887
1814 992394121
958 801541964
1820 987646610
487 848712264
798 853508046
468 973609758
1936 901833414
640 827663269
1275 900453584
1870 921660326
1086 935570666
1763 892841195
463 958889095
410 999363962
672 908681861
1728 803450527
933 945644845
1390 849543362
451 826638431
1208 874750193
1173 837115009
1088 945288609
62 845501044
758 842754198
504 900642272
1704 958142569
1139 852095132
910 829425850
1 885950495
1477 919210868
1327 937069780
1652 931405783
1037 923810086
523 956960712
387 921075071
944 802455158
350 932826539
1865 810578961
395 922224835
1435 953630783
1019 973287664
887 981451131
1451 870165784
1159 854563415
836 965491847
1260 976359030
718 835557444
1433 888362035
434 996186201
84 885300499
934 910647379
1709 986100323
165 969134436
1000 919253754
970 859560207
1089 829848066
1717 965823016
1042 943467908
1498 972440534
613 882948644
1617 873776054
1626 940952051
1047 860251788
1010 989155203
1867 908030887
1012 904385931
1823 967108681
1206 849967667
1127 823051428
1740 867419361
1722 890040479
1250 983462045
292 965262655
1631 856601884
285 819697813
1555 826755073
229 973138594
1138 962918549
1842 927083132
133 977027748
1493 979876215
902 983537551
1529 907679403
1195 810925449
520 936185459
622 826640082
904 988023195
1205 875052519
679 988547656
521 952364103
610 860575114
381 861301428
918 971936790
314 870271936
1889 944835897
1083 930546106
850 904086435
793 813960437
651 843581436
854 838328894
597 876421103
377 895764774
1285 993318708
514 986541953
1424 886840260
153 871190083
51 892196175
1354 974165702
1543 957190035
733 918340277
1606 914023695
1559 845729019
1944 867451434
546 985348818
1848 996358031
70 996946436
1356 902747650
1479 846687472
1631 955387400
1136 920395782
329 887193206
1288 868577772
1102 973642208
1358 915050073
956 865852381
553 926723347
519 802607493
821 937544451
869 817638078
1608 883412126
1855 900155194
975 804384377
47 819995282
1761 986828301
382 998504847
1700 803514256
585 835983824
1746 891788350
1154 947015013
840 949019158
1776 846518531
1215 929605320
1442 846328591
1402 853757020
514 858684216
1825 948659005
751 991817217
324 991792698
996 915696734
710 849929972
240 905394681
437 923753308
805 990447689
336 936833456
538 961010561
182 877750825
134 802713452
851 938370905
316 827307228
652 988818382
802 906963604
1191 934522562
833 992219176
1704 917368558
963 908358945
1801 891429924
1190 853861259
1494 849630840
880 894805694
1627 916615213
1269 939005790
771 840832892
671 932922857
1026 891226153
1738 829618317
673 813764880
432 877936930
1113 934539037
414 839713644
1827 962814880
1153 946842458
13 815654878
1906 915450203
1835 949820915
772 904503234
861 873603541
1056 908565444
682 952276005
586 814607964
315 804281023
896 806961761
1943 804065965
1617 854088182
1830 804872515
1760 840861844
1101 852001406
870 929174361
181 971261315
726 954134641
1661 841329459
1307 929511717
937 943512592
1388 955929503
624 881026420
1110 973421918
790 960832347
1564 840872169
150 813280967
1670 937287129
1661 814116020
1004 803495340
1574 866786195
462 948006310
1346 978378679
948 850194217
1078 931180971
776 808509268
336 899190331
1457 987086783
1125 801194364
439 808612389
1070 945911189
1297 920940987
416 934064794
465 920999417
736 824729615
1202 904535565
1011 846887163
1764 875367384
33 892125433
1700 809684138
1628 806674609
1377 818714414
656 801835848
812 882603625
1388 945035072
1287 950802093
1360 839527407
712 962266603
28 808626389
248 834047708
884 867324939
981 945833442
1641 816161404
130 885657427
271 810688616
1462 847829724
1835 942739746
222 847377002
470 983791740
1867 894405965
615 820310466
1684 825352493
173 921298746
38 986684010
1467 954776030
108 846662361
1590 928080947
927 931765359
1137 804484618
311 900208856
239 932715301
1488 844323557
963 873359748
287 840653240
1831 808513001
522 927889446
1207 932770335
1449 927760481
1695 898106146
1359 939783114
300 968436743
1122 983364997
744 839671767
935 920861228
1198 920614529
1828 877421127
1502 941751325
1274 897443196
1459 872742328
1069 975545069
1287 960958906
762 881291838
1773 899217147
1647 982208399
694 953351468
1115 954804022
1158 844613904
272 819193432
780 880394612
600 941794189
1885 982944039
182 804986754
719 883743325
1152 928058979
728 869757796
990 996727991
287 932216847
1146 827767337
129 966896491
1754 964498200
418 841009107
1426 918737742
1752 906303646
1345 923366848
561 831315569
1333 965589960
1447 910443783
1616 869458448
17 895877323
1411 883297771
1385 897658140
993 870132672
1640 946310579
1785 861557353
505 863438813
1675 928184907
1905 818959608
1210 999830496
1230 926942926
788 893017384
1170 968029855
1165 948848194
770 917684028
1232 865835792
1778 819842069
944 922175894
458 914499946
362 872234382
824 936668991
1429 922873544
1503 926802475
1434 974820650
339 831644696
1198 869537176
1380 924853632
398 906721039
1091 880382166
1166 878381758
885 980874552
638 986440376
1584 908873019
1044 987776975
1184 975631842
1524 853350171
719 928201956
935 890730405
336 830161766
45 921059097
1348 882065019
1678 892208294
958 918383816
1811 933495924
236 959123293
1416 879797636
312 924658058
792 925577318
110 927683636
489 807067065
649 898938904
407 946654446
1465 816126402
1766 972686026
1873 992087451
741 951855216
1710 931575049
445 823120767
560 988637604
1201 981410345
893 912393523
647 815507039
1759 840214925
775 934850461
1207 873748642
575 860629454
982 929897311
1780 842800498
866 819140727
872 862339314
1170 925710381
538 982919220
966 946591681
1601 987492000
1291 833516616
1742 901041930
1249 902086136
712 999576868
320 835434938
204 809248300
1219 873029994
612 985877145
628 948786263
375 894562884
1084 879903006
740 832933387
612 811969061
1167 809459374
1224 880665153
1603 829222329
1833 859317768
1911 967271880
1694 808437213
1636 821381286
1790 942499607
621 828675803
469 836739255
144 952764025
1887 943835206
1783 999415839
1753 814949477
1160 832940381
1718 918358320
759 935776258
1547 858216809
456 972130618
1923 904046307
1145 932143032
1456 962003407
1501 965546199
1120 842379413
1941 934534834
751 810189718
786 954758013
1645 903201208
1738 921743387
1335 931057574
1094 842247277
1892 814650846
882 967769544
895 999360869
51 957423109
506 975158287
1847 963170498
700 848359474
1242 859168159
1013 944636524
1079 843507052
1908 986451063
695 898404588
385 949974261
66 938841366
1569 887099643
1075 851248333
1151 883247717
205 811992171
172 848652259
190 970811624
252 860247027
1619 990953699
375 966549348
1042 946119517
623 978613857
723 810166541
202 854171605
1571 892734839
1224 996803285
301 806024526
1759 877361074
186 978516192
643 868982635
1246 927079725
1194 888699145
622 906069070
1458 849389941
44 949403044
645 933559228
1227 965539808
1775 835775882
1531 918187346
1676 928329993
258 899799122
1349 815833514
1382 895672658
1879 897193426
1742 865954313
1576 900127821
1084 853734145
994 941040252
1552 951843558
1282 915852706
1330 930844714
153 965273937
721 815941089
1289 807429205
40 802553991
1912 987190818
1840 879912973
162 999488334
1882 826574608
208 930736139
1948 844827799
450 978786592
359 901265805
1044 909730526
1124 866477153
1657 974581385
790 924982558
1692 860131889
1897 950167449
1336 962725352
1700 955060983
414 966873202
1169 828147675
895 802023393
919 866798598
417 827793053
778 890129422
1092 927775111
267 942439044
116 856102738
1420 861664712
1037 836363483
1252 948779279
342 807738582
1392 904536825
907 902883164
1249 850373919
1593 992864290
1773 960005479
346 883520239
188 841682251
555 998376030
1532 912456586
152 875334185
691 915504440
1800 924148837
1819 857636066
356 816005511
1716 860496458
1544 979427293
814 944595008
1338 998613047
1239 811959739
455 969351283
609 899057350
1856 950727668
1212 870881627
137 821559379
939 848239532
1887 884539630
1268 858472904
1770 871455103
1788 906975685
1642 873208429
164 869135870
1302 937997708
1022 930380706
779 873135341
686 820962190
259 969790822
841 867735517
482 873791888
637 964022297
992 937599794
1935 966194418
803 851407111
1236 940676113
250 983474859
688 833687306
842 800485539
278 993486422
690 837481092
540 945000104
1368 810542162
1659 935692259
1267 975129202
1524 960071357
1313 983832295
469 845309536
606 929531261
357 859633278
1443 839283226
1752 805312803
974 992674222
1677 969824508
1286 906280988
1779 814478452
1701 988032530
1144 946208781
1805 849332485
392 837340010
1938 941375283
831 823052046
981 926307527
858 941810885
666 804546524
679 989298944
1946 988538931
191 999684888
1353 836423529
720 838241076
1484 886095215
124 882643290
1340 936182745
235 827198978
494 949911742
1820 859432567
950 874153612
643 835352343
984 951341195
280 850571140
1846 823305178
1268 904237839
1361 958134149
1438 853615987
481 949924019
916 843479374
220 988538928
403 807293883
1090 808606187
1247 873870803
410 867458298
621 900118212
1471 964334513
641 921709103
1852 853511231
881 802703192
326 848452227
533 893270646
711 911997012
327 970232012
1107 973773919
816 966708182
1247 928742301
1176 961249534
357 966256217
972 852016861
1108 809986876
157 998092033
1891 853932307
536 802091450
991 906689071
552 867739415
1870 833516088
272 867134116
1635 957313400
283 943141534
1947 912213048
506 993821779
1862 833487487
845 830404044
1323 877706126
1580 960237382
712 868920915
1317 873067077
1755 868542227
353 894379120
562 913527917
1899 908417491
416 949415525
777 806570137
35 971994713
775 847294933
1035 840873377
1282 864775798
1823 948731937
284 949464596
821 923460443
899 891930495
777 803741887
357 839196352
1005 826778433
1192 927133885
228 988935595
548 960149972
1220 895917300
145 912748532
1126 880377546
443 989804278
840 889774148
1715 867768096
1394 945487881
1185 809059505
1455 933176183
1623 979143649
1402 880031291
1368 874776386
1599 965167569
282 843031352
1845 915261581
842 912833748
973 974790918
526 854514744
86 906803087
219 841953308
1715 906864526
1545 866880075
589 850211707
507 842541168
331 886422029
987 828974202
1584 803557224
626 822707412
407 822793902
974 981632809
1176 932650556
1398 924742212
1049 885323120
1424 901068696
512 822292321
1466 905164332
799 956007317
225 811369488
134 902165699
1123 825070423
1420 978960205
1025 860899452
278 911755418
1111 847396021
264 882015178
336 824062140
1690 837696177
1262 820115219
1477 806548170
1135 836942363
232 995930711
1934 963730010
750 808817792
1197 908919598
938 944877186
1656 821622184
349 989619405
603 946537230
281 929164565
754 852626723
475 893977188
93 949737703
269 839823922
592 831402386
1463 839331469
619 897426997
1922 899539438
1495 844225620
69 960502116
1480 956821547
1131 917860872
590 949023428
91 971734548
785 997017940
698 846232566
1384 949067465
1469 863767465
1498 979298493
1810 907341133
281 872635267
1187 963937816
1767 882615549
229 954166456
777 993517595
1263 999825230
848 841182487
1157 978229472
26 840597913
577 942517593
743 976929719
156 966421152
586 903195160
957 803852366
572 816860369
313 919137646
1289 837798201
1537 838192717
23 900903722
1143 908433621
1217 874784475
1758 837081526
1028 948205155
299 956960682
1676 985835553
464 905481821
684 986284033
1334 877655210
693 802554772
590 912832774
1371 982729064
647 912338015
859 868149901
982 846731969
550 866493388
1850 861822668
3 883899692
291 828472817
1777 839074686
1837 894313364
114 977695665
675 868030570
948 824295801
1311 928011209
766 893976934
1100 909736531
665 811692009
1820 808195931
393 903169433
402 970297192
1513 831121716
1410 845351944
887 900086765
526 996182041
1940 812232766
694 887282383
745 988185039
397 901982643
598 862603271
143 852935144
1706 809390726
995 975122915
953 998201765
618 989610667
569 877987469
1946 816839730
320 853684089
699 908461096
852 876161742
1118 800269152
296 865805561
558 864806972
1452 872364019
80 930935596
1700 948236389
102 967599637
1921 914926375
1807 886050362
976 877897005
1 921098338
212 865757840
1237 995477903
1791 801983545
844 806285400
412 915342793
1698 976701256
1428 802304723
1576 970066355
710 926914866
100 976359783
819 870376888
1362 964381932
1404 998629605
1873 962784384
352 822926299
1630 851024873
1248 879253748
1276 875230607
1001 803815933
743 976106460
476 881569443
54 988859668
1682 942130951
1528 961463288
1594 927721467
910 983416282
268 965411546
1060 914789413
1711 959046592
1341 819069308
1509 859758078
1557 966103470
1177 861335568
1196 999543784
2 922313841
1004 852540136
262 910098753
89 951374324
99 886877288
204 823416887
1003 830020855
1273 922605392
249 883308495
1144 847334237
1045 995042537
564 975177550
1159 969016906
141 953175514
1217 863084727
1639 826575396
943 988428339
976 827414693
65 818944589
1445 989577901
37 876215929
1865 868882709
473 907721633
1231 931201197
491 990720761
211 992803990
653 860320489
1894 979809699
1527 854255651
1686 921953538
366 846856596
1337 950872490
1276 840501402
1315 964603228
1888 978017820
1080 981325675
1732 852389093
1816 893130745
1693 880401557
1389 807291594
1333 927099439
103 810140517
190 839168438
110 942200165
1884 969209975
1694 825688220
1005 931305616
345 957823251
1431 893782686
1824 940509607
1476 914115898
1178 902068015
1331 936354891
1008 963195045
1090 848539496
1319 881492126
753 970118817
544 969444015
1326 846144588
611 944916758
362 854122193
388 869674265
402 924461716
325 930068871
419 945364158
135 869530554
980 884381681
1878 851215434
1240 969446593
1860 802041506
878 817392291
1691 886573370
639 827849629
895 956664304
894 843223696
1924 917640499
1542 907613297
1366 983788173
412 884836993
474 909912615
223 924300360
1870 993881722
1703 828959440
698 960910866
1356 916568667
483 800996327
108 955328042
36 946064555
1510 848332798
1349 939803727
295 998151443
1387 824773020
36 803970384
1784 963362395
199 969074448
864 862721096
778 984573677
768 882855996
983 924779644
579 930569317
429 973705344
738 900868621
1730 881983556
554 915459806
1825 938644706
1653 910602003
1514 985381484
971 950766354
1556 842682293
146 807609463
1524 862104188
595 921723690
302 875541146
1021 997455693
1535 849597793
1039 909959133
458 998655983
390 947502506
1496 834178859
1895 977092063
1303 862092103
1804 984445201
77 857257493
499 878269729
1346 983299381
969 872593338
1927 875774150
584 963294712
1579 878976880
1377 862540051
627 925036893
1150 946050307
1823 880290596
207 958351201
1942 823612039
376 976317697
149 968418241
978 869915708
1762 892663980
1813 875421539
1039 861598940
446 836293116
1310 952341946
1680 937598740
399 959211804
1846 886096267
1536 840784526
1900 849885856
677 935444891
371 891836929
773 907484606
626 959700432
1662 887741701
713 860095132
1284 961221643
1248 807675071
1522 861315474
696 984648225
1277 834984014
630 993527408
555 985256444
1931 812736362
755 957108782
926 981278995
1902 915754987
422 994704053
316 819363694
1375 864791457
305 907654831
1413 879086414
645 990113069
890 941319633
279 827215643
1815 895200665
1883 840287947
1731 910023501
406 805058422
265 810993734
1114 987580016
136 880161710
155 907013108
1047 906844917
1800 815779693
358 852703350
774 899837836
1112 856521714
885 963179216
878 825205483
488 897700247
928 979443569
1460 999377703
1945 966635265
729 866269307
1471 965767375
1334 996177574
582 902089298
482 878818382
1508 841018456
75 844399406
270 812825948
1186 907210627
1634 917313354
1650 809071190
1187 864009788
674 962958252
1900 916335568
369 848994010
715 994804902
1265 845711448
1074 808165911
916 944268473
914 832502198
1797 855738870
104 891485796
332 978894968
667 969519515
1886 869446497
1249 825338288
1427 809534200
626 940134889
1087 953948942
1305 845916093
1002 873852140
530 907247689
1529 834757183
1113 888171558
748 974910269
1875 826252802
1518 804197285
1538 950303034
1451 904749416
1504 863246703
1355 839358370
231 920889439
180 831365800
1066 841342246
1306 992486379
512 988163859
1149 946704668
304 877776037
1351 947558564
950 960244139
426 907119171
1031 849757745
1103 932914334
1095 984353660
274 899742509
531 992867193
677 805338362
125 810784156
196 894736170
970 826444972
765 800684347
1078 900507780
1549 980473731
599 843976029
541 861582396
806 829150561
1279 952812654
1133 824201289
724 874919670
1378 991933700
742 942583167
1164 895280892
1566 858945083
10 964757883
1629 838063897
1777 800293093
847 825561196
700 834259353
387 901000337
1214 900843033
322 833623465
1769 941127714
267 920257917
1611 953899873
682 913984208
1496 974501202
1294 826525390
1925 873562724
1367 814938427
1142 880072364
1682 886140841
944 875800671
1812 809680638
529 979613860
1377 933733031
1219 883562742
1425 974546991
683 895731730
560 814018003
276 934489430
1163 881072565
1127 808843079
1922 921660062
1658 965441681
911 961291442
1381 922315230
1048 852831669
631 937027140
1365 886099023
170 845272353
823 909999595
533 810085663
611 826988872
539 827849662
1744 830004923
946 842900602
951 800159072
980 945950472
106 901298373
1914 806640536
477 973015688
1450 929499694
876 919206648
704 941715944
433 979814461
378 919047877
1430 879452967
1216 831972519
371 954833803
1418 832883212
163 936582108
1343 840681979
1300 844369104
1319 936706583
139 801768676
1153 954321885
1421 818895155
1926 880398619
814 945770628
970 931638887
1717 983546378
49 959311500
1291 894800061
71 840047970
1509 927799663
616 951904296
959 910181388
409 950342797
1757 956933606
26 850315773
873 889929614
1235 973595968
315 897775053
1762 803643495
1481 824083422
459 858235817
1007 897055462
1478 803385167
920 955284707
1621 982615063
1663 833075116
347 839956310
152 943112521
70 865567578
1474 966386065
457 930123953
1072 983405693
1748 959936082
92 901115284
863 879862230
1577 982331851
22 969568767
1339 902102382
188 969922754
1364 958436314
1831 907948442
1660 828089899
1147 956201067
1407 942025599
664 836926036
460 822827552
997 855014591
1180 992087761
1457 981891268
527 955700445
528 849020016
1372 935824402
988 837474470
1750 995567811
984 979691709
592 866575522
1141 961987809
328 880701048
1500 858868942
59 942402978
183 851696648
1369 961202804
115 972026508
1328 929494499
1721 807611054
986 880252522
247 876872450
1707 944986808
244 905847951
670 945776322
1808 891191115
198 920428892
1812 945098647
317 972452579
1053 852302489
853 800607225
120 905535742
1400 838577487
591 910219981
541 967623992
634 970011732
1167 973478224
867 961570515
266 958365769
601 826566245
1674 956010822
220 808784908
413 865828400
839 938692189
1929 914399648
297 877432729
787 983212905
864 977716241
88 911771094
1387 820407524
668 844808485
874 892437116
121 929305916
1863 847925873
1086 819734515
386 814946008
1694 951388638
16 855492627
942 919427939
623 982675662
253 831762886
979 922205710
1562 894467212
424 833549578
1296 921393201
1517 930726540
997 811236231
1640 936454362
1705 847855596
1623 908158418
344 886063139
176 981765441
728 881178356
101 823318256
776 932607719
1587 988538111
1337 983772956
1192 869987853
477 955874401
313 872253029
300 984193013
1553 818132136
1505 816857843
435 988905535
1491 980592875
706 992974120
461 893048910
485 862497766
449 936492751
1605 869956378
932 805491620
1474 885458345
127 805952653
1749 800497656
20 970036286
237 806340210
1627 892044450
417 864068914
602 952533136
536 885255337
309 963972053
871 976154192
1725 987132080
1626 837675266
1873 860668944
399 970842519
24 903790643
404 861955673
1792 897991701
193 924005935
1613 980930083
1270 857008036
595 939925823
260 984168059
1578 825337156
148 936697213
1583 997934440
112 870203391
340 950181464
1845 933557878
1565 896836357
75 913297428
473 850629044
305 876536639
888 800283876
1419 852543552
1447 969830589
1202 818384691
1609 893628077
676 832366183
1743 867015335
466 921285952
79 923860379
341 873890868
76 830387779
511 855414675
945 944226492
383 982491608
1582 970419399
1008 847997079
1056 823956858
1907 823183449
1497 895484271
769 951100955
1858 863079255
318 811771970
1685 972454993
543 842177269
1939 879432429
997 945856874
1838 802582308
160 870200483
1600 870434058
1714 840017217
254 821282416
1815 850542309
764 889890583
1159 850832648
321 932445760
605 981945969
4 839984176
1594 988282095
1678 840663943
1858 871952643
886 946565194
71 871957887
685 992020316
530 857711296
1626 906281305
1225 842257591
1844 865283178
647 856889836
1042 930784596
255 862316461
1254 910442603
1182 986510412
1448 987811188
24 985477358
1612 817282747
452 958002412
1119 843849837
178 934070484
811 889730934
900 824166341
1193 953977545
94 876771867
801 981336095
1809 910481516
985 933989459
257 954417614
1332 928143675
1869 922690092
1237 949037606
1803 994464027
834 977304860
1893 844745508
704 809780153
1121 873007960
132 887421785
1241 996921744
1243 809166417
1438 890637461
871 803145205
210 917994815
1857 841054986
361 985518527
825 919444217
230 944872886
951 930887685
213 953048958
358 816173559
708 877862646
1655 986124567
1569 997484712
1822 996515207
1540 993787422
559 930590007
323 968489572
544 950251843
334 807933714
654 814038508
864 867644293
1807 964051977
189 860645353
1233 934901423
1342 838813659
1713 949536700
1455 988957988
1232 917118148
1046 937700692
685 864718939
1098 966259678
1223 833407940
1098 919686893
1461 880278037
1653 877495059
1875 844820150
194 869840593
592 994328948
1462 830556223
497 865887620
761 812729094
135 929992276
782 976318133
419 822733243
841 978075652
1874 899833225
307 820194383
1679 874910400
1769 819295351
471 969222262
1904 896452081
528 838523240
1395 874929417
192 923098726
442 830986749
803 979804175
757 878619496
1295 880639764
1551 961407023
136 975684263
917 845165712
25 960148972
103 855187480
580 938270301
1512 801685827
1215 911999772
243 998898716
1024 898584291
169 847756737
438 907481852
1112 862168197
603 974298647
1027 834034558
459 913223200
789 994956700
1483 826762661
583 866805165
728 949077871
1705 807648247
405 829260313
557 824522933
1236 938394081
414 833345909
661 820755561
887 841151016
1682 817287033
1408 846668861
723 904567229
742 970824422
1568 896251267
652 856215589
277 951116377
655 842916221
822 801052777
373 980620401
1447 833506283
556 838670754
1667 918970875
1610 988674922
1050 848623910
108 847044197
1913 969127290
1423 841141017
1560 970468353
791 946350468
1357 829368702
25 811322451
1465 978865976
38 854719768
415 800097866
768 872831501
1710 818484605
1808 993517705
1618 855793054
1312 954296002
1731 865940241
420 830525407
204 805887058
1243 801644279
1400 867840744
1475 898103559
1486 884232408
659 931251645
1349 934776984
389 948049105
129 873317761
1071 829639148
1056 810795235
1475 995894201
1175 952084300
1694 957226815
616 904614137
1638 959697749
1204 920244848
1162 844157940
1828 951739700
1317 917410527
1321 872219811
1632 873561857
980 807490440
8 936516929
391 895929504
46 875390400
154 883871206
1634 845877697
358 887709184
57 802556484
237 945916665
1047 930984204
923 936518876
187 843133477
1298 812689526
404 870385936
736 836521155
512 811802590
680 916064601
299 938235392
973 823887394
1725 904443713
967 994888654
1624 970167825
509 878425066
123 878572666
1708 805499610
892 964450801
1354 997377325
1825 957181901
651 919777077
1718 998364804
466 977321327
1741 980724749
1177 885738090
106 878082405
1801 958994355
689 973422264
956 818318851
480 888398819
1281 846828341
1910 899482972
1526 924849844
1081 972696558
1096 844598348
1105 876509767
123 944524803
1029 800235916
142 913951252
1757 987758917
31 928887695
1733 823035562
1826 836854451
310 901843059
619 894060501
109 944544810
1751 881518030
98 990056302
1422 853245567
134 826030703
55 992277283
1038 900628045
187 882083461
222 843361082
1834 976549316
1812 880988803
1780 938898124
385 843034519
849 945300563
834 986899947
716 842029834
91 810979720
1059 940729568
891 953454333
952 898535151
1174 883562818
83 815124828
251 853512341
532 954657693
1657 984893834
923 931684268
238 848633892
1660 984647645
1047 958759821
1021 800579068
1127 875564648
389 844765581
774 941627373
1298 807048570
78 900534361
48 927143898
960 820821468
856 998031989
701 836793113
1916 848003538
86 882282415
1854 818336925
1172 900786900
1757 973897602
513 860217819
695 898551765
922 899474211
727 983629961
1699 959711333
1171 995428563
154 911441369
56 977071781
722 869581857
1728 847411114
218 923407374
1649 939925378
1033 805936790
1688 957677418
1439 961244183
1577 837187333
1717 913395520
354 917420528
107 807610640
1896 802228109
1932 830343054
1901 886888206
1238 914258794
467 884900039
64 959804937
534 952960581
246 828022014
1374 823587513
1516 968776673
1229 989308438
1352 878808789
517 980288157
1038 955087261
116 964307048
333 898324836
216 963179375
104 914213549
127 906270919
873 883738220
780 972403253
1444 968288448
1534 981854735
1389 904436894
1592 949065303
