1799868960873.00000000000000000000
1845797009.22725892066955566406
1807402580.01627349853515625000
1763509607.91565728187561035156
1834033012.34173536300659179688
923956635.29142737388610839844
923956635.29142737388610839844
1859992806.11432266235351562500
923956635.29142737388610839844
1888219262.70467185974121093750
923956635.29142737388610839844
1829211483.73033905029296875000
2695256425.79604721069335937500
1807580368.70210504531860351562
1821799744.47879886627197265625
1779010097.69851160049438476562
1819374062.33506178855895996094
1785818299.93311119079589843750
923956635.29142737388610839844
2770547611.43875789642333984375
1776742650.28372716903686523438
1893027677.05169439315795898438
1824397881.04810094833374023438
2812254786.18824481964111328125
2694518678.71083164215087890625
2614002295.78526735305786132812
923956635.29142737388610839844
1732167918.34224867820739746094
923956635.29142737388610839844
923956635.29142737388610839844
1852367488.55888128280639648438
923956635.29142737388610839844
1815624098.35662245750427246094
1727631942.06812143325805664062
1895452377.69953823089599609375
2673093199.06606817245483398438
1799722761.45313167572021484375
3698667635.07941484451293945312
1758291496.99317264556884765625
1726098637.58968210220336914062
923956635.29142737388610839844
923956635.29142737388610839844
923956635.29142737388610839844
1872872306.06555461883544921875
1844542909.34635543823242187500
1798897656.23598575592041015625
1743530975.15487718582153320312
1850624586.73187923431396484375
1882775675.58916854858398437500
1792965210.20364499092102050781
2772626422.73906612396240234375
923956635.29142737388610839844
923956635.29142737388610839844
1912308675.12510299682617187500
1915724535.70261836051940917969
1900526839.40179681777954101562
1726101129.30990791320800781250
1781779494.30682778358459472656
1865875833.52859354019165039062
923956635.29142737388610839844
923956635.29142737388610839844
1769023643.84789562225341796875
923956635.29142737388610839844
1883268859.28475379943847656250
1742480821.52500009536743164062
1862316049.87150955200195312500
923956635.29142737388610839844
923956635.29142737388610839844
1883965680.38998985290527343750
2785514533.26781320571899414062
2635083639.18208456039428710938
923956635.29142737388610839844
923956635.29142737388610839844
923956635.29142737388610839844
2680751160.85508251190185546875
1753918137.19748497009277343750
1780774057.70980501174926757812
1824028709.65847063064575195312
1847342753.31658124923706054688
1854414338.27500009536743164062
923956635.29142737388610839844
923956635.29142737388610839844
1738663021.38793659210205078125
2764984335.79656076431274414062
1728525686.03167390823364257812
2712123715.57582187652587890625
923956635.29142737388610839844
1835259674.31504130363464355469
1874842574.11483597755432128906
1917410833.60200214385986328125
3645460479.84276199340820312500
2649952518.36688947677612304688
1873206793.26935338973999023438
1800278414.06401443481445312500
923956635.29142737388610839844
923956635.29142737388610839844
923956635.29142737388610839844
1913504694.83660173416137695312
1810378647.47623229026794433594
1899815206.90385031700134277344
1746852243.31606817245483398438
1891059557.89871692657470703125
4411274902.37407588958740234375
2728729029.90898370742797851562
1784111546.53988742828369140625
2702423973.46699190139770507812
1731152690.77397346496582031250
3571631361.26678657531738281250
1868016566.02551364898681640625
2792880537.00959968566894531250
923956635.29142737388610839844
1793713309.97161197662353515625
923956635.29142737388610839844
1901150403.13280296325683593750
1895484156.37766981124877929688
2743431919.34789562225341796875
1797627681.50857305526733398438
923956635.29142737388610839844
923956635.29142737388610839844
1829027523.21442532539367675781
1852785494.86637592315673828125
1920035202.69799804687500000000
2746118222.63383007049560546875
1806146822.98649930953979492188
1734324577.65898370742797851562
923956635.29142737388610839844
2635301242.41873741149902343750
1784230786.29707431793212890625
2763226218.78424072265625000000
1809159412.68824458122253417969
1908455839.98239231109619140625
1810922864.96031856536865234375
1900482829.00600624084472656250
3453567254.25343990325927734375
2722555685.60456895828247070312
2778849915.28680706024169921875
1745094269.23033905029296875000
923956635.29142737388610839844
1725313725.72879886627197265625
1900482114.37304949760437011719
1876642839.47931241989135742188
1837438713.13742327690124511719
1776453927.57479476928710937500
2705472948.48085212707519531250
2735348089.28937387466430664062
2651557877.83711528778076171875
923956635.29142737388610839844
1860172997.56606817245483398438
1891877741.67079067230224609375
1736820106.92849111557006835938
1911279611.66309070587158203125
2741469847.08916854858398437500
2759477911.95467185974121093750
2718347591.92643737792968750000
1830504130.81298780441284179688
1889881677.87048292160034179688
1921536300.71801877021789550781
1745919640.31093454360961914062
923956635.29142737388610839844
1793710403.46442532539367675781
923956635.29142737388610839844
1922931884.93105769157409667969
1860057951.65487718582153320312
2773040656.98393249511718750000
1892593569.01421999931335449219
923956635.29142737388610839844
923956635.29142737388610839844
923956635.29142737388610839844
1771278178.89460992813110351562
1768795070.24573945999145507812
923956635.29142737388610839844
1772173241.18105769157409667969
1844782435.32325482368469238281
1735745304.95826506614685058594
1836486608.14871692657470703125
1905218089.92541074752807617188
1875684006.94594478607177734375
1857547616.98957920074462890625
923956635.29142737388610839844
1754895656.13331651687622070312
1894719356.18721795082092285156
2605830385.96545219421386718750
1775216067.35302901268005371094
923956635.29142737388610839844
923956635.29142737388610839844
1901970508.91771078109741210938
2648287938.31298780441284179688
2734631658.25600624084472656250
1784160178.56196117401123046875
2733007549.41565704345703125000
1923128338.03064703941345214844
1846581491.30888128280639648438
3644984434.34481525421142578125
1793350698.21288537979125976562
1788185174.28116035461425781250
1818233495.14255666732788085938
923956635.29142737388610839844
1843913027.86021566390991210938
1892533611.80888128280639648438
923956635.29142737388610839844
923956635.29142737388610839844
1777689753.84122204780578613281
1755493490.07941484451293945312
3361257056.75703334808349609375
1735531972.52808046340942382812
923956635.29142737388610839844
1881815869.55580091476440429688
1854214983.66565728187561035156
923956635.29142737388610839844
1841480200.38639640808105468750
1916250972.31914806365966796875
1789270041.08198165893554687500
1876516348.44645810127258300781
923956635.29142737388610839844
923956635.29142737388610839844
1886641565.02705359458923339844
923956635.29142737388610839844
1846889980.86534929275512695312
1765477729.06760787963867187500
2720357820.45159149169921875000
923956635.29142737388610839844
2613826783.93003082275390625000
1847782508.45364499092102050781
923956635.29142737388610839844
1734909609.18054437637329101562
923956635.29142737388610839844
1735793917.99009275436401367188
1912384563.14820337295532226562
2850272308.98239231109619140625
1868344473.60867595672607421875
1844373338.43978452682495117188
1919376088.22623229026794433594
1915638607.83608865737915039062
923956635.29142737388610839844
1750730973.15898370742797851562
1882587565.20467185974121093750
2675313994.44183826446533203125
1772154883.60970258712768554688
1856193129.66873741149902343750
1828886534.62766981124877929688
923956635.29142737388610839844
923956635.29142737388610839844
1922342569.60970258712768554688
1829339571.94286465644836425781
1895752194.71031856536865234375
2566763305.23547267913818359375
1800378945.43003106117248535156
1757576187.38382983207702636719
1806811686.50549316406250000000
1906926630.40077018737792968750
1777030828.27243351936340332031
2684117541.84584236145019531250
1755292538.29040050506591796875
1744817448.40847063064575195312
1785830428.70364499092102050781
923956635.29142737388610839844
1877884301.85097551345825195312
1823293848.09122204780578613281
1893249618.06042122840881347656
1907619474.54861402511596679688
923956635.29142737388610839844
1833588191.80631446838378906250
923956635.29142737388610839844
1805519033.42592430114746093750
1734534048.07274150848388671875
1881830430.07736158370971679688
2785697386.35251569747924804688
1888872590.14871692657470703125
2676362303.01935338973999023438
1736365321.51113986968994140625
1734229086.70415830612182617188
2609418512.06555461883544921875
923956635.29142737388610839844
1823237264.15333700180053710938
923956635.29142737388610839844
2756739058.65898370742797851562
1874584759.53116035461425781250
2828220425.06555461883544921875
1750747629.60405564308166503906
1774091137.12920951843261718750
2724831518.71237182617187500000
1766555219.65693044662475585938
1866614010.39307022094726562500
1872933826.46801877021789550781
1743233658.85970258712768554688
1898555261.02551364898681640625
2695916624.71083164215087890625
923956635.29142737388610839844
1758236294.34584212303161621094
923956635.29142737388610839844
1752004158.23752593994140625000
1888723775.58146858215332031250
923956635.29142737388610839844
923956635.29142737388610839844
1921595680.22007226943969726562
1789317737.58454847335815429688
1800938936.81247472763061523438
923956635.29142737388610839844
2818179816.02962017059326171875
2875584014.61996936798095703125
1729567391.00087308883666992188
1799048324.85097551345825195312
1816879655.48906612396240234375
1801282068.57633495330810546875
3657562079.33198165893554687500
1778329064.48444581031799316406
1743729973.94697141647338867188
923956635.29142737388610839844
1887433836.10816240310668945312
1825336735.84224867820739746094
1823703371.75549316406250000000
1848140022.83044171333312988281
3687453672.69029808044433593750
1793781819.78424048423767089844
2625138965.87253618240356445312
2569782243.67643737792968750000
1895910008.65539026260375976562
1735311884.56760787963867187500
923956635.29142737388610839844
2612208558.06812143325805664062
1855923727.03680706024169921875
1757152162.16771078109741210938
1891949036.05323433876037597656
1915240199.46288537979125976562
2693257220.60918903350830078125
1771973311.86688947677612304688
1893690581.57684826850891113281
1804205578.03064703941345214844
1810694403.30066776275634765625
923956635.29142737388610839844
1809923622.18208456039428710938
1902349090.47417879104614257812
1821820318.91155052185058593750
1731475598.92489767074584960938
923956635.29142737388610839844
4412412620.03013420104980468750
923956635.29142737388610839844
923956635.29142737388610839844
1755174408.96288537979125976562
1873650326.46596527099609375000
1797398894.01627349853515625000
2564757291.54553413391113281250
923956635.29142737388610839844
1809564916.41719722747802734375
1881288190.57736158370971679688
1807023321.80734109878540039062
1763481756.22058534622192382812
1891023793.26781320571899414062
1913068022.11637592315673828125
1856304310.56504130363464355469
1845425636.96801877021789550781
2562922054.14307022094726562500
1817876628.43311119079589843750
1840906208.19491815567016601562
923956635.29142737388610839844
1739543252.29194068908691406250
3587674368.40693044662475585938
3479230312.43259763717651367188
1824759778.17387104034423828125
923956635.29142737388610839844
1908969249.28988742828369140625
2649426990.28372716903686523438
923956635.29142737388610839844
923956635.29142737388610839844
1909341991.84532880783081054688
1770378499.97931241989135742188
923956635.29142737388610839844
923956635.29142737388610839844
1772514816.74419927597045898438
923956635.29142737388610839844
2769679384.36945629119873046875
923956635.29142737388610839844
1904073637.72828578948974609375
923956635.29142737388610839844
2784113470.86842918395996093750
1899773142.50857305526733398438
1819261571.11175584793090820312
1842532721.80015420913696289062
923956635.29142737388610839844
1900100391.43003106117248535156
1784815916.76781320571899414062
1921948902.80118083953857421875
1905943884.14974355697631835938
923956635.29142737388610839844
2716044979.57274150848388671875
1738484293.18465113639831542969
2745096686.30580091476440429688
2673777844.42489767074584960938
2715850985.21031856536865234375
1870972743.70107841491699218750
1819426216.54810094833374023438
1760866799.29040050506591796875
1826662428.95210504531860351562
923956635.29142737388610839844
1845708048.91822409629821777344
1729775220.25754642486572265625
1825476248.18721795082092285156
1830212211.74573945999145507812
2853020170.65128374099731445312
923956635.29142737388610839844
923956635.29142737388610839844
2817742874.44748497009277343750
1730836096.38023638725280761719
2655408951.88434314727783203125
1752791249.97879886627197265625
1728601782.94748497009277343750
2692496642.25035953521728515625
1823347740.41155052185058593750
1873811576.64615011215209960938
2789820567.64255666732788085938
1919801236.86534929275512695312
2723212304.35816240310668945312
1789340564.86021566390991210938
3562534188.67181777954101562500
1723643773.43413782119750976562
3713334495.02346038818359375000
3529322162.72315216064453125000
1764534012.77038002014160156250
2691146388.75497961044311523438
1754055694.54656076431274414062
923956635.29142737388610839844
1918150059.92746424674987792969
923956635.29142737388610839844
1757078313.09738206863403320312
1796238725.89101672172546386719
1830610139.36586260795593261719
923956635.29142737388610839844
923956635.29142737388610839844
1897162130.55220746994018554688
1733203327.54502081871032714844
923956635.29142737388610839844
1801442878.98239231109619140625
1903268111.45518493652343750000
1919631447.07120132446289062500
1912354518.57941484451293945312
1758414865.62972307205200195312
1847235737.28116035461425781250
1830972634.18465113639831542969
1732153925.52910709381103515625
1813112560.30939435958862304688
923956635.29142737388610839844
1754516799.71801877021789550781
1913252800.21237182617187500000
1913677009.33403515815734863281
1746654855.69645810127258300781
2748208760.91103744506835937500
923956635.29142737388610839844
923956635.29142737388610839844
1859968640.52602696418762207031
1902240770.10867595672607421875
1750170713.91411733627319335938
1881467259.60559558868408203125
923956635.29142737388610839844
923956635.29142737388610839844
1892810304.69645810127258300781
1895588212.93311119079589843750
1853603111.92951774597167968750
2836130451.39153003692626953125
2694506279.07941484451293945312
1746361791.21750545501708984375
1816547101.29245400428771972656
1871476289.07479476928710937500
1882353487.42951774597167968750
1828973629.89460992813110351562
1844483259.98290586471557617188
2821589269.89769029617309570312
1808402413.49111938476562500000
1897066593.62099599838256835938
2605141951.55272102355957031250
1907243348.73085236549377441406
1892681349.92900419235229492188
1906303776.30528783798217773438
2681404668.20672512054443359375
1833402149.35970258712768554688
1817474902.76370668411254882812
1805073527.24265933036804199219
2851856534.30734109878540039062
923956635.29142737388610839844
923956635.29142737388610839844
2728157175.61945629119873046875
1873393013.62458944320678710938
2675667208.02756690979003906250
1724541773.21185851097106933594
1741738251.91668415069580078125
1786011640.63126301765441894531
923956635.29142737388610839844
1772233215.37766981124877929688
1821196050.54245400428771972656
1730609394.81658124923706054688
923956635.29142737388610839844
2784511949.20569849014282226562
923956635.29142737388610839844
923956635.29142737388610839844
2684533566.17130422592163085938
923956635.29142737388610839844
923956635.29142737388610839844
1789399754.45980501174926757812
1839673488.33300828933715820312
1801775507.14101672172546386719
923956635.29142737388610839844
923956635.29142737388610839844
923956635.29142737388610839844
923956635.29142737388610839844
1824136565.26268005371093750000
1786952204.54758739471435546875
2891925931.23701238632202148438
1766065287.29142737388610839844
1800590978.52756690979003906250
1801930764.39923024177551269531
1916601431.31966137886047363281
1778932185.71493864059448242188
3544869276.55939435958862304688
1783732864.03526735305786132812
2768235562.93157100677490234375
923956635.29142737388610839844
923956635.29142737388610839844
2786023017.10508251190185546875
923956635.29142737388610839844
1726152112.12458944320678710938
1859661506.27346014976501464844
1875831845.01473331451416015625
1851369752.00703310966491699219
1880426094.35918903350830078125
923956635.29142737388610839844
923956635.29142737388610839844
2773703370.60713577270507812500
1879166474.31350135803222656250
2610633595.98547267913818359375
1903067613.43311119079589843750
2688009583.85148906707763671875
2747304331.43567800521850585938
1878124257.60713577270507812500
2626438531.40179681777954101562
1876428016.81452798843383789062
923956635.29142737388610839844
2610437227.84224891662597656250
923956635.29142737388610839844
2866888505.72623252868652343750
1751381323.13228988647460937500
1868471626.30169439315795898438
2752224005.63844966888427734375
923956635.29142737388610839844
1765701575.09789562225341796875
2842667023.13844966888427734375
923956635.29142737388610839844
1908799627.40949726104736328125
923956635.29142737388610839844
1883613717.16206383705139160156
1836809542.28629398345947265625
1790005211.49060583114624023438
923956635.29142737388610839844
1791250598.84635543823242187500
1850204251.62048292160034179688
1838946492.72571897506713867188
2906570817.46699190139770507812
1762196860.15693044662475585938
1748056301.89871692657470703125
1788319661.20723843574523925781
1854068926.68208456039428710938
2725686854.40282344818115234375
1754845450.91925072669982910156
1837015595.45518493652343750000
1895429058.67643761634826660156
1898633580.79964089393615722656
1832705206.31709480285644531250
923956635.29142737388610839844
923956635.29142737388610839844
923956635.29142737388610839844
1801493392.03834724426269531250
923956635.29142737388610839844
923956635.29142737388610839844
1740397671.45313167572021484375
923956635.29142737388610839844
1890709387.74984622001647949219
2655619335.82890176773071289062
1896386335.00908660888671875000
1865990389.69132471084594726562
923956635.29142737388610839844
1854048247.30323433876037597656
2789537584.98547267913818359375
1892151643.99163269996643066406
1825582848.43619108200073242188
1790316828.44081115722656250000
1886756842.81914806365966796875
1759511309.48444581031799316406
2640877930.17233085632324218750
923956635.29142737388610839844
923956635.29142737388610839844
1773731888.64307022094726562500
3630431453.91103744506835937500
1833709357.57428169250488281250
3614881403.58300828933715820312
923956635.29142737388610839844
923956635.29142737388610839844
2784650476.05682754516601562500
923956635.29142737388610839844
1799927830.12766981124877929688
1786117091.47058534622192382812
1767499411.70980501174926757812
1865267357.04861402511596679688
1750098564.97058534622192382812
1876000791.24214601516723632812
2843806456.91309070587158203125
1729381503.47469234466552734375
1905398525.25189971923828125000
1853010724.18619108200073242188
923956635.29142737388610839844
923956635.29142737388610839844
2764497635.77089357376098632812
1784089975.61894273757934570312
2694952662.81196117401123046875
3553087038.82890176773071289062
1806452020.23393249511718750000
923956635.29142737388610839844
1743845997.35610914230346679688
3674403360.47007226943969726562
923956635.29142737388610839844
1913059288.60200214385986328125
2714524478.51832675933837890625
923956635.29142737388610839844
2651863179.03116035461425781250
2655776306.20723819732666015625
2884239332.15641689300537109375
1804530783.00189971923828125000
1895247682.83300828933715820312
3645101759.08557510375976562500
1848518663.35662245750427246094
1872255841.68824458122253417969
923956635.29142737388610839844
1916974018.95467185974121093750
1860502755.19902491569519042969
923956635.29142737388610839844
923956635.29142737388610839844
1893470414.65693044662475585938
1752557759.90179681777954101562
1757185482.05426096916198730469
1887484054.31555461883544921875
1909890625.06144785881042480469
1751381290.14923024177551269531
1751195025.81658124923706054688
1845192581.66771078109741210938
923956635.29142737388610839844
2627416698.00497961044311523438
1838431208.38126301765441894531
2846641420.84532880783081054688
923956635.29142737388610839844
3507364659.33146858215332031250
923956635.29142737388610839844
1822434071.68157100677490234375
923956635.29142737388610839844
2686409933.44902515411376953125
2768043463.59584236145019531250
1783835481.32992839813232421875
1737577259.04707431793212890625
2707735635.34070873260498046875
1725380863.24625277519226074219
923956635.29142737388610839844
923956635.29142737388610839844
1854730225.03218698501586914062
923956635.29142737388610839844
1744290863.86791610717773437500
923956635.29142737388610839844
1849797106.73444581031799316406
1760453037.80272102355957031250
1735231964.61534929275512695312
1728090147.72879886627197265625
1892978450.33506178855895996094
1768331440.37099599838256835938
923956635.29142737388610839844
1869247445.83249521255493164062
1856400579.12048292160034179688
1832172027.16360378265380859375
1737303771.51319313049316406250
1886420555.53988742828369140625
1791541604.38280296325683593750
1755895525.58968210220336914062
2663846262.39153003692626953125
2869875640.50189971923828125000
3812610955.57274150848388671875
1839550977.25600624084472656250
923956635.29142737388610839844
2789258809.16771078109741210938
1819228544.07479476928710937500
1909734362.31966137886047363281
2779742738.72315216064453125000
1744497386.79553413391113281250
923956635.29142737388610839844
1757215970.39512348175048828125
1896879195.87048292160034179688
1761007808.86637592315673828125
1838991103.81298780441284179688
923956635.29142737388610839844
3458604128.26113986968994140625
2763645602.38434314727783203125
2719990526.09789562225341796875
1908099394.05682778358459472656
923956635.29142737388610839844
2730172375.59122180938720703125
1831951375.49265933036804199219
2605711694.92643737792968750000
1760320183.03834724426269531250
923956635.29142737388610839844
1833755449.90077018737792968750
2674553606.98495912551879882812
923956635.29142737388610839844
1916421014.98341917991638183594
923956635.29142737388610839844
2606511554.11021566390991210938
923956635.29142737388610839844
2699889335.28424072265625000000
1835485476.34070873260498046875
3753267856.82222843170166015625
1783610240.01627349853515625000
923956635.29142737388610839844
1918250857.15693044662475585938
2655224101.82530832290649414062
923956635.29142737388610839844
1759085148.36534929275512695312
2734971759.57633495330810546875
1761767402.73085236549377441406
1739478863.36278247833251953125
1793092095.03424048423767089844
2637810151.81606817245483398438
1798427167.88382983207702636719
1770661902.42079067230224609375
1877601474.11432266235351562500
1907081652.77962040901184082031
3622584614.13177633285522460938
2684404319.55374765396118164062
1890986302.52346014976501464844
923956635.29142737388610839844
923956635.29142737388610839844
1841825485.04450750350952148438
923956635.29142737388610839844
923956635.29142737388610839844
2584354607.15487718582153320312
923956635.29142737388610839844
1824362798.06709480285644531250
1892367815.96339845657348632812
1756462438.41719722747802734375
1875323219.25035953521728515625
2836381982.20261859893798828125
2875990228.98393249511718750000
1763197359.28988742828369140625
1911634392.44389152526855468750
923956635.29142737388610839844
923956635.29142737388610839844
1898366437.00754642486572265625
1800732581.79861402511596679688
1732359223.08608865737915039062
2725038515.39666366577148437500
1799960401.39871692657470703125
1893577444.68516445159912109375
1776145664.90179681777954101562
1880574088.34789562225341796875
923956635.29142737388610839844
1802125094.58916854858398437500
1766278207.93311119079589843750
1859252515.33557510375976562500
1805596499.63844990730285644531
1736268517.23085236549377441406
1804796064.75035953521728515625
923956635.29142737388610839844
1813390395.61021566390991210938
1724229953.36586260795593261719
1817474648.89409685134887695312
1849438035.15744376182556152344
2678742855.34224891662597656250
1874569345.44799804687500000000
1841169572.92797756195068359375
1764357888.22982573509216308594
2667291128.07171487808227539062
1830975386.77089357376098632812
2764476533.60918903350830078125
2705187170.25959968566894531250
2664179825.07017469406127929688
3526449586.10918903350830078125
3636954133.79296731948852539062
1796643754.86380910873413085938
2775803372.02397346496582031250
1784927395.51113986968994140625
1899773578.28475379943847656250
923956635.29142737388610839844
923956635.29142737388610839844
1920462759.10046219825744628906
1878224526.10816240310668945312
1906664810.87407636642456054688
1816515591.47623229026794433594
1918402577.23187923431396484375
2808803462.82479476928710937500
1869821297.09635543823242187500
3716081615.07325458526611328125
1737499228.12458944320678710938
923956635.29142737388610839844
1802045468.48598575592041015625
923956635.29142737388610839844
1915912011.41309070587158203125
1777026535.47725892066955566406
1879473188.78167390823364257812
923956635.29142737388610839844
1904788964.32890176773071289062
2670423889.05220746994018554688
2754227874.43003082275390625000
923956635.29142737388610839844
1913895880.91925072669982910156
2684948699.95415830612182617188
923956635.29142737388610839844
1723605936.86740255355834960938
1729396664.68773126602172851562
923956635.29142737388610839844
1813230828.56555461883544921875
2664867312.96904563903808593750
923956635.29142737388610839844
2813351857.72058534622192382812
923956635.29142737388610839844
1890168560.52448701858520507812
923956635.29142737388610839844
923956635.29142737388610839844
1793886717.90744376182556152344
923956635.29142737388610839844
2784006187.97007226943969726562
1724598194.23341917991638183594
1833489084.70877838134765625000
1860144790.05374765396118164062
1842928858.34019517898559570312
923956635.29142737388610839844
923956635.29142737388610839844
1737140789.22263884544372558594
923956635.29142737388610839844
1781992738.78218698501586914062
1746586169.97417879104614257812
923956635.29142737388610839844
1915666458.53167390823364257812
2887153123.60200214385986328125
923956635.29142737388610839844
1888952849.92643761634826660156
923956635.29142737388610839844
923956635.29142737388610839844
1862166949.45107841491699218750
2761806002.22263908386230468750
3649967316.08352184295654296875
3548008317.31452798843383789062
923956635.29142737388610839844
1729828131.08198165893554687500
1753934393.84789562225341796875
923956635.29142737388610839844
1749094031.90949726104736328125
1764707303.76627349853515625000
1868771931.06196117401123046875
1827578960.21185851097106933594
1861845830.38126301765441894531
1799668602.26986694335937500000
1724152870.95621156692504882812
1761855175.64974355697631835938
923956635.29142737388610839844
1921476287.54142737388610839844
923956635.29142737388610839844
1865284044.47777223587036132812
1791660874.12458944320678710938
923956635.29142737388610839844
1797111714.51473331451416015625
1903254503.44440460205078125000
1803367190.63536977767944335938
3630648079.64974355697631835938
1783274854.27397346496582031250
1742676858.83814191818237304688
1885033530.93054437637329101562
1856060654.70929193496704101562
1741174981.21853208541870117188
1852654007.39974355697631835938
2702342634.24368619918823242188
1785853269.97212553024291992188
2696713962.18978452682495117188
1815935621.35508251190185546875
923956635.29142737388610839844
1842691411.29553413391113281250
923956635.29142737388610839844
2565711186.61483573913574218750
923956635.29142737388610839844
1818302983.45261836051940917969
1726247761.99779272079467773438
1891229377.67746424674987792969
923956635.29142737388610839844
1790836335.61637592315673828125
2867012429.07787513732910156250
1870035912.86740255355834960938
3645247863.04502105712890625000
1723829687.94645810127258300781
923956635.29142737388610839844
1864793044.66052389144897460938
1876921515.34840869903564453125
1887912338.34430217742919921875
1835881783.79296731948852539062
1766747464.91771078109741210938
3680589365.27192020416259765625
1730504144.87407636642456054688
923956635.29142737388610839844
923956635.29142737388610839844
1815429260.42746424674987792969
1747699892.95415830612182617188
923956635.29142737388610839844
1906989290.21801877021789550781
923956635.29142737388610839844
1911472631.52602696418762207031
1750645331.14563679695129394531
923956635.29142737388610839844
1826376306.90744376182556152344
923956635.29142737388610839844
1894492199.85713577270507812500
2735868150.18054437637329101562
1884754601.19183802604675292969
923956635.29142737388610839844
923956635.29142737388610839844
1756031470.76678657531738281250
923956635.29142737388610839844
2710786747.25703334808349609375
1768688483.98957920074462890625
1895394484.43413782119750976562
1790310264.81196117401123046875
1878750949.73136568069458007812
923956635.29142737388610839844
1822969103.88331651687622070312
2791200742.76986694335937500000
1806318267.93054437637329101562
1812386020.46801877021789550781
1904731893.64101672172546386719
1855243675.31863474845886230469
1902897409.85148906707763671875
923956635.29142737388610839844
1880290339.08454847335815429688
923956635.29142737388610839844
1729034758.56658124923706054688
1869116036.32582163810729980469
1834136536.17079067230224609375
2734618293.12048292160034179688
923956635.29142737388610839844
1866984877.91155052185058593750
1868348771.40128374099731445312
1771760726.05323433876037597656
923956635.29142737388610839844
923956635.29142737388610839844
1842912588.69645810127258300781
1911877567.54656076431274414062
3523053434.40898370742797851562
1867698411.43311119079589843750
1766424536.77705359458923339844
1846496752.83146858215332031250
2597587058.82633495330810546875
1764130338.10200214385986328125
3733902464.09481525421142578125
2654114764.59276199340820312500
1822030525.94697141647338867188
2847888730.21391201019287109375
923956635.29142737388610839844
2664011360.59532880783081054688
2607263303.00395298004150390625
1727396346.07274150848388671875
2642999496.51319313049316406250
1833670784.38588333129882812500
1744356737.03475379943847656250
923956635.29142737388610839844
923956635.29142737388610839844
2704760688.30528783798217773438
923956635.29142737388610839844
2686365039.50703334808349609375
1870062386.27038002014160156250
1918334566.16309070587158203125
923956635.29142737388610839844
1796102030.09943556785583496094
3540256941.50395298004150390625
1874234916.21442532539367675781
1775536115.97263884544372558594
2721711601.13536977767944335938
2897250161.65539026260375976562
1727928083.96647882461547851562
2628392916.60867595672607421875
923956635.29142737388610839844
1793425774.65282368659973144531
1845688933.73598575592041015625
3560425109.91719722747802734375
3607391114.67541074752807617188
2699673887.94029808044433593750
1848261546.41463065147399902344
3851763693.30836772918701171875
1857466633.58352184295654296875
2663695163.99727964401245117188
1752505285.85302901268005371094
1761001190.26575994491577148438
923956635.29142737388610839844
2897454673.61586284637451171875
1830180260.15641713142395019531
1861075115.22879886627197265625
2621309398.77910709381103515625
2671615541.00703334808349609375
1898578973.84635543823242187500
1839183299.09943556785583496094
3534723413.58300828933715820312
923956635.29142737388610839844
923956635.29142737388610839844
1842738493.11380910873413085938
1727359931.77551364898681640625
1797360185.89717674255371093750
1753551401.55682778358459472656
2579141990.41052389144897460938
2681138177.07941484451293945312
923956635.29142737388610839844
1820551596.54091405868530273438
3539184994.06760787963867187500
923956635.29142737388610839844
1912604058.41309070587158203125
1770409051.28783392906188964844
1827878302.46647882461547851562
1868108232.94440460205078125000
1790097276.20518493652343750000
923956635.29142737388610839844
923956635.29142737388610839844
923956635.29142737388610839844
1776084081.53167390823364257812
1896744664.96699190139770507812
1736038898.16565728187561035156
2721068380.50035953521728515625
2676571999.31709480285644531250
1809420581.54912757873535156250
1822079640.72109889984130859375
1784414147.12099599838256835938
2738145282.62099599838256835938
1757563044.13434314727783203125
1871675031.99830627441406250000
2709728699.68157100677490234375
923956635.29142737388610839844
1773278159.68311119079589843750
1741797483.49471282958984375000
1729479700.03988742828369140625
923956635.29142737388610839844
1764398352.44697141647338867188
923956635.29142737388610839844
2683226624.43054437637329101562
2778719315.36432266235351562500
2694605284.22931241989135742188
1902979926.47007226943969726562
923956635.29142737388610839844
3742880826.71185874938964843750
923956635.29142737388610839844
2820490056.46545219421386718750
1918488370.16771078109741210938
2850512496.61945629119873046875
4578920136.99060630798339843750
1776350505.69337797164916992188
1808825277.30374765396118164062
2675956442.47366523742675781250
1755500425.51730012893676757812
923956635.29142737388610839844
1775821597.34635543823242187500
923956635.29142737388610839844
1905910819.13228988647460937500
3465968567.80631446838378906250
923956635.29142737388610839844
923956635.29142737388610839844
1864203282.56863474845886230469
1838276443.86996936798095703125
1915940235.91668415069580078125
923956635.29142737388610839844
923956635.29142737388610839844
1807290733.46185851097106933594
1732571818.89460992813110351562
1764866980.75446653366088867188
923956635.29142737388610839844
1874434278.81966137886047363281
1899000911.13485646247863769531
1869382243.59892225265502929688
1753169890.50497961044311523438
1906857499.90693044662475585938
923956635.29142737388610839844
1731707676.72725892066955566406
2653099001.29964065551757812500
923956635.29142737388610839844
1907750146.43413782119750976562
2754705094.32479476928710937500
1767030675.45775175094604492188
1904778549.67797756195068359375
2742266373.98444557189941406250
1822848241.95929193496704101562
1854025048.21853208541870117188
2656703828.82171487808227539062
923956635.29142737388610839844
2678360735.60302925109863281250
1877415870.44235134124755859375
2747885833.76986694335937500000
1753378701.25754642486572265625
2580251627.48906612396240234375
1803886859.72777223587036132812
1851255475.70056486129760742188
923956635.29142737388610839844
1765771547.15949726104736328125
1907804980.27089357376098632812
1768121411.24419927597045898438
923956635.29142737388610839844
2808935061.23444557189941406250
923956635.29142737388610839844
1833226155.75189971923828125000
1775520668.90641713142395019531
2879424327.19440460205078125000
1856392060.49573945999145507812
923956635.29142737388610839844
1800016448.61226940155029296875
923956635.29142737388610839844
1897230670.34943556785583496094
2596710127.22777223587036132812
923956635.29142737388610839844
1896878850.04810094833374023438
2596375815.93362426757812500000
2641764261.94286441802978515625
2745731547.23444557189941406250
1911029680.03064703941345214844
1878270511.48957920074462890625
923956635.29142737388610839844
1759959897.08506178855895996094
1723814971.50497961044311523438
1767373284.49009275436401367188
1765903615.32787513732910156250
1796516439.25446653366088867188
1906816824.79810094833374023438
1748603510.84635543823242187500
1789988984.82479476928710937500
1724739708.55015420913696289062
1803882242.09943556785583496094
3430128593.59994888305664062500
923956635.29142737388610839844
923956635.29142737388610839844
923956635.29142737388610839844
1841346326.14563679695129394531
923956635.29142737388610839844
1747734823.01370668411254882812
923956635.29142737388610839844
1760469356.42130422592163085938
2747955314.08403491973876953125
1728028273.50805974006652832031
1886380872.92130422592163085938
1775614346.79245400428771972656
923956635.29142737388610839844
1885450610.71391201019287109375
1803577216.76370668411254882812
1831923914.59686899185180664062
2716578943.32325458526611328125
1855621154.44132471084594726562
1751299040.39358329772949218750
1879666839.32068824768066406250
923956635.29142737388610839844
1870175315.26884007453918457031
1869521290.18311119079589843750
1806750939.70569849014282226562
1851539197.97777223587036132812
2824145021.23649930953979492188
2736966220.20005130767822265625
923956635.29142737388610839844
923956635.29142737388610839844
2851554648.35918903350830078125
1768136959.25857305526733398438
3596996702.35662269592285156250
1756469428.82684826850891113281
1898037958.71750545501708984375
1767681229.32633495330810546875
1804576904.31350135803222656250
1818777937.51113986968994140625
1872317740.89615011215209960938
1801887478.63126301765441894531
2705978967.58403491973876953125
923956635.29142737388610839844
1751679183.14820337295532226562
2816724725.37972307205200195312
1918874198.00241279602050781250
1824281119.01832675933837890625
1760641913.79399394989013671875
1807065878.94953823089599609375
1875552185.65077018737792968750
2816884497.31914806365966796875
2670133438.23085212707519531250
1825561576.36175584793090820312
923956635.29142737388610839844
1915535110.99317264556884765625
923956635.29142737388610839844
1909960625.10867595672607421875
923956635.29142737388610839844
1899087639.59019517898559570312
3602248083.19132471084594726562
1830701548.41719722747802734375
3628739667.83044147491455078125
923956635.29142737388610839844
923956635.29142737388610839844
1777379567.15641713142395019531
1857999462.91668415069580078125
2720155826.19799804687500000000
1877444458.75908660888671875000
3712839999.00189971923828125000
1734465798.12664294242858886719
1922987306.46596527099609375000
1832409642.12202286720275878906
2713189371.24368619918823242188
1811601034.64512348175048828125
1903516744.75446653366088867188
1904863176.21288537979125976562
2645992435.30785465240478515625
1828662581.65231037139892578125
1843729078.33865523338317871094
1798559948.68619108200073242188
1773487973.92027759552001953125
2729548241.15333700180053710938
1798257777.88434314727783203125
1875905020.43105769157409667969
1923273871.28321361541748046875
1892677560.87510299682617187500
1794391197.80118083953857421875
1728812339.80323433876037597656
1824337223.20261836051940917969
2764616344.80066776275634765625
1755502063.67592430114746093750
2660933707.31093454360961914062
923956635.29142737388610839844
2679647629.64050340652465820312
1819414018.81298780441284179688
1846038445.22315216064453125000
923956635.29142737388610839844
1756936747.80682778358459472656
2800461280.45877838134765625000
1765781855.86483597755432128906
923956635.29142737388610839844
1889000786.30580091476440429688
923956635.29142737388610839844
1912757214.75035953521728515625
1850423717.90025687217712402344
2754907648.29091405868530273438
2705995301.19491815567016601562
1858378129.42951774597167968750
1748668834.29553413391113281250
1897052810.70005154609680175781
2802062214.20210504531860351562
2867473933.04450750350952148438
1837746097.26165318489074707031
1735499557.17695093154907226562
1892905565.76935338973999023438
1920366612.48239231109619140625
1782683742.87510299682617187500
2533940426.41668415069580078125
923956635.29142737388610839844
923956635.29142737388610839844
1850560446.67489767074584960938
2725644373.22161197662353515625
3578829406.27397346496582031250
3500431673.18721771240234375000
1906913822.97879886627197265625
923956635.29142737388610839844
1872248861.27346014976501464844
1793173720.11072921752929687500
1833931865.29194068908691406250
923956635.29142737388610839844
923956635.29142737388610839844
923956635.29142737388610839844
923956635.29142737388610839844
1900110800.08403515815734863281
2770335983.13331651687622070312
923956635.29142737388610839844
1743650850.58557510375976562500
1923268607.98649930953979492188
923956635.29142737388610839844
1769233939.83762860298156738281
923956635.29142737388610839844
1898585257.61894273757934570312
2685762495.97982597351074218750
1862480389.46493864059448242188
1780524728.76781320571899414062
923956635.29142737388610839844
923956635.29142737388610839844
1846088410.56042122840881347656
1820939131.49881958961486816406
1823947974.12510299682617187500
2638807878.37304973602294921875
1758512012.73393249511718750000
1797663784.96545195579528808594
1876280165.75241279602050781250
1748965248.05426096916198730469
2603882738.29810094833374023438
2703671058.95056486129760742188
923956635.29142737388610839844
2698748080.44491815567016601562
1916765426.09019517898559570312
1829772386.64460992813110351562
2834736237.47469234466552734375
1792088525.47828578948974609375
2568339468.70107841491699218750
923956635.29142737388610839844
2651386086.07120132446289062500
923956635.29142737388610839844
923956635.29142737388610839844
1750057730.94337797164916992188
1804144325.49060583114624023438
1844876841.83506178855895996094
1844424859.97777223587036132812
2542863243.56247472763061523438
923956635.29142737388610839844
1767892284.92592430114746093750
923956635.29142737388610839844
1861472824.96083188056945800781
1785606185.87715625762939453125
923956635.29142737388610839844
1769438479.78372716903686523438
2818536059.05939435958862304688
1852991190.21904540061950683594
923956635.29142737388610839844
923956635.29142737388610839844
1875809699.38896322250366210938
1851491452.50035953521728515625
1877762752.28013372421264648438
1907283882.91206383705139160156
923956635.29142737388610839844
1888064687.09635543823242187500
923956635.29142737388610839844
2713515102.94440460205078125000
923956635.29142737388610839844
2741221977.39769029617309570312
923956635.29142737388610839844
1795728694.84840869903564453125
923956635.29142737388610839844
1801212193.46493864059448242188
1863409620.20210504531860351562
923956635.29142737388610839844
1769666857.48649930953979492188
2661878105.25805950164794921875
1852973981.05785441398620605469
1860567047.17797756195068359375
1854323502.92900419235229492188
1859830851.29604744911193847656
1851623850.49933290481567382812
2815674427.82376813888549804688
2796827492.81093454360961914062
1854536253.65795707702636718750
1886187775.09840869903564453125
2857608936.81196117401123046875
1922057047.25703310966491699219
1825595925.71955871582031250000
1859658793.66668415069580078125
1742605476.50087308883666992188
1762339691.79707431793212890625
1764207052.70056486129760742188
1915079374.06452798843383789062
1846849475.66925072669982910156
3740626331.64460992813110351562
923956635.29142737388610839844
1805568848.84019517898559570312
3612989744.15949726104736328125
1794256922.76627349853515625000
1871028772.92387104034423828125
1802314290.41617059707641601562
1759950788.76319313049316406250
2894487576.54861402511596679688
1762884123.17130422592163085938
2742339011.67695093154907226562
1752899583.33762860298156738281
1838536970.06093454360961914062
1863257314.42797756195068359375
1763053073.39666342735290527344
1881598928.97879886627197265625
1887843504.69799804687500000000
923956635.29142737388610839844
1881900938.86329603195190429688
1809600781.99625277519226074219
1907239783.56196117401123046875
1738476716.07633495330810546875
2608410030.03270053863525390625
1884666008.69389152526855468750
923956635.29142737388610839844
1906181218.25241279602050781250
1859300634.62099599838256835938
1839579110.80631446838378906250
1747121362.09378862380981445312
1788304154.17181754112243652344
923956635.29142737388610839844
3537601735.24625301361083984375
1915381129.07992839813232421875
923956635.29142737388610839844
1848335496.43311119079589843750
2682687442.36021566390991210938
1819169502.39923024177551269531
1758933929.03321361541748046875
1872536899.33403515815734863281
1821153965.15795707702636718750
923956635.29142737388610839844
2568292630.75754642486572265625
2823945355.78680706024169921875
2634806412.56863498687744140625
1773063886.73598575592041015625
923956635.29142737388610839844
1828029119.00549316406250000000
923956635.29142737388610839844
1868959152.90282368659973144531
1798436909.88023638725280761719
1731084719.68465113639831542969
923956635.29142737388610839844
1848224133.63023638725280761719
923956635.29142737388610839844
2629498881.57325458526611328125
1864258339.29091405868530273438
2656854911.22417879104614257812
923956635.29142737388610839844
1922073596.75703310966491699219
923956635.29142737388610839844
1822432845.31144785881042480469
1865498648.25497961044311523438
1770190861.35251569747924804688
923956635.29142737388610839844
1768874620.38793659210205078125
1806800968.01062655448913574219
1785480329.51832675933837890625
2718407279.27038002014160156250
1846498144.11688947677612304688
923956635.29142737388610839844
1803302629.79450750350952148438
923956635.29142737388610839844
1756412289.17438411712646484375
2739421025.38588333129882812500
2763636672.97058534622192382812
1742431412.90179681777954101562
1776764191.22007226943969726562
1764665855.05477428436279296875
2710947773.55220746994018554688
1898003345.49522614479064941406
1842222746.00703310966491699219
1733075263.32017469406127929688
1725849497.55066776275634765625
1846356424.90539026260375976562
1802958137.72931241989135742188
1817280500.61072921752929687500
923956635.29142737388610839844
1811862632.28578042984008789062
1898276864.01319313049316406250
1877097874.76832675933837890625
1755556010.96801877021789550781
923956635.29142737388610839844
2667314675.97725868225097656250
1884707366.45210504531860351562
1775943226.87612962722778320312
923956635.29142737388610839844
1769850766.02910709381103515625
1762809017.74625277519226074219
1891748015.29964089393615722656
1913026539.42233085632324218750
1916975757.06196117401123046875
3636344179.07222843170166015625
1911260733.35918903350830078125
1851240853.21083188056945800781
1852979173.39101672172546386719
2697960687.85816240310668945312
1795872828.81966137886047363281
923956635.29142737388610839844
923956635.29142737388610839844
3762302338.61586284637451171875
1885466200.70672512054443359375
2891923917.27140665054321289062
1772910544.49419927597045898438
1796250943.61586260795593261719
1922821310.72315216064453125000
1803782784.18208456039428710938
2601480987.86278247833251953125
1762857235.98085236549377441406
1857046125.56093454360961914062
2718027559.29861402511596679688
2819413586.35200214385986328125
1878242533.85918903350830078125
923956635.29142737388610839844
1787280687.83506178855895996094
923956635.29142737388610839844
2853067711.23393249511718750000
923956635.29142737388610839844
923956635.29142737388610839844
2774850406.47725868225097656250
2816982117.18054437637329101562
2740545011.09481525421142578125
2648829760.02756690979003906250
1726929386.90795707702636718750
1770209462.79861402511596679688
1880287000.79912757873535156250
1747617016.52038002014160156250
1825118548.90539026260375976562
1750294880.14101672172546386719
1809596975.95107841491699218750
923956635.29142737388610839844
1807735125.21750545501708984375
923956635.29142737388610839844
1767846761.30734109878540039062
923956635.29142737388610839844
923956635.29142737388610839844
1904046125.85867595672607421875
923956635.29142737388610839844
1903329833.75395298004150390625
1773151319.82941484451293945312
1767748874.58300828933715820312
2731708215.76730012893676757812
1818981212.10713577270507812500
2874693742.87304973602294921875
1791465856.28783392906188964844
2648653085.76935338973999023438
1889007174.02500009536743164062
1865224515.05272102355957031250
1850283339.00035953521728515625
1786760193.16668415069580078125
1740395146.74984622001647949219
923956635.29142737388610839844
923956635.29142737388610839844
1764543356.97109889984130859375
2710596738.84738206863403320312
1771853944.17541074752807617188
923956635.29142737388610839844
1725230919.25908660888671875000
1754651697.43311119079589843750
1908832276.64050340652465820312
923956635.29142737388610839844
1892235989.67079067230224609375
2725298537.84635543823242187500
1727741088.00959968566894531250
923956635.29142737388610839844
923956635.29142737388610839844
923956635.29142737388610839844
2668531801.84840869903564453125
923956635.29142737388610839844
3598108878.13126277923583984375
923956635.29142737388610839844
1848331710.37766981124877929688
1777773756.69645810127258300781
1884926358.97520542144775390625
2665498746.65795707702636718750
1754820664.64974355697631835938
2724185776.37253618240356445312
1835944814.41976404190063476562
923956635.29142737388610839844
1905307338.08660173416137695312
1773118289.79399394989013671875
1764309547.05836772918701171875
1761719068.55580091476440429688
1873771834.05836772918701171875
923956635.29142737388610839844
1917233899.47725892066955566406
923956635.29142737388610839844
1831104011.70775175094604492188
1880655299.63690996170043945312
1902881142.20672512054443359375
1790391699.98598575592041015625
923956635.29142737388610839844
2684940329.25343990325927734375
1853666339.45518493652343750000
1903927043.02089357376098632812
923956635.29142737388610839844
1884870122.85867595672607421875
1875311567.23495912551879882812
1741668785.59532880783081054688
923956635.29142737388610839844
1750287296.03629398345947265625
1766206339.84532880783081054688
1889564158.95159149169921875000
923956635.29142737388610839844
1769251501.81760787963867187500
1893926801.25189971923828125000
923956635.29142737388610839844
1817964675.21134519577026367188
1794486242.98495912551879882812
1764397145.06709480285644531250
1820332604.01781320571899414062
1782460781.39050340652465820312
923956635.29142737388610839844
1819747814.37202286720275878906
2807573544.52397346496582031250
923956635.29142737388610839844
1816233191.51986694335937500000
923956635.29142737388610839844
923956635.29142737388610839844
1790297868.17900419235229492188
923956635.29142737388610839844
2793190752.67951774597167968750
2742541774.53578042984008789062
1748870106.91976404190063476562
1802482295.12715625762939453125
1883701082.29040050506591796875
923956635.29142737388610839844
1893877872.38228988647460937500
1921378788.61791610717773437500
2635507807.32479476928710937500
923956635.29142737388610839844
923956635.29142737388610839844
1911987283.19543147087097167969
1889319532.59430217742919921875
923956635.29142737388610839844
1851561154.70056486129760742188
923956635.29142737388610839844
1872534738.44389152526855468750
1916311241.36432266235351562500
2838976622.56760787963867187500
1862761895.88023638725280761719
923956635.29142737388610839844
923956635.29142737388610839844
923956635.29142737388610839844
1888628738.39358329772949218750
2674848938.29964065551757812500
1910941709.21339845657348632812
923956635.29142737388610839844
1752753285.47777223587036132812
1760133177.08660173416137695312
1793466423.77500009536743164062
1837511118.94902491569519042969
1868144104.52038002014160156250
1806915264.30682778358459472656
2642464822.12766981124877929688
1912124023.96391201019287109375
1877366826.63177633285522460938
1740819832.62664294242858886719
1904383160.75395298004150390625
1861665479.01165318489074707031
923956635.29142737388610839844
1792968749.38588333129882812500
2650933877.33044147491455078125
1779310370.47520542144775390625
1914401631.16052389144897460938
923956635.29142737388610839844
2864385261.41925048828125000000
923956635.29142737388610839844
2810289861.39460992813110351562
1893626427.52705359458923339844
923956635.29142737388610839844
3607486967.44440460205078125000
2731687828.23855257034301757812
1730217140.28270053863525390625
1761590314.68516445159912109375
1774544637.20672512054443359375
2735015739.98752593994140625000
1797070051.91309070587158203125
923956635.29142737388610839844
2686242557.41514396667480468750
1880778601.30785441398620605469
1744916267.65385031700134277344
923956635.29142737388610839844
1883161726.30939435958862304688
1750107711.27294683456420898438
2805755064.51473331451416015625
1739699065.26473331451416015625
1796716805.34430217742919921875
923956635.29142737388610839844
923956635.29142737388610839844
1826694187.64050340652465820312
923956635.29142737388610839844
1905660820.53424048423767089844
923956635.29142737388610839844
1863399505.39717674255371093750
1732612491.00497961044311523438
923956635.29142737388610839844
1854884283.90590381622314453125
3681983828.06093454360961914062
1765290653.15179681777954101562
1909574978.18105769157409667969
2578747131.21442508697509765625
2882425963.52192020416259765625
1888902709.67900419235229492188
1859168559.45621156692504882812
2735763615.87048292160034179688
2578552296.28372716903686523438
1811242616.73239231109619140625
1756604094.66103720664978027344
923956635.29142737388610839844
923956635.29142737388610839844
923956635.29142737388610839844
1842455759.32890176773071289062
923956635.29142737388610839844
923956635.29142737388610839844
1860762610.73444581031799316406
923956635.29142737388610839844
923956635.29142737388610839844
923956635.29142737388610839844
1879476691.98239231109619140625
1851665061.33300828933715820312
2837139550.10764884948730468750
1893283286.76781320571899414062
2655939307.48803901672363281250
1798417902.64255666732788085938
1861074061.76986694335937500000
1851151080.31914806365966796875
3568157370.54553413391113281250
1786931187.34224867820739746094
1748885436.04656076431274414062
2885311796.32736158370971679688
2844124857.37920951843261718750
923956635.29142737388610839844
1881142432.44029808044433593750
923956635.29142737388610839844
1761222783.45313167572021484375
1810074885.49163269996643066406
1783646978.14717674255371093750
1803906240.77346014976501464844
4464878865.80580139160156250000
1821601741.17541074752807617188
923956635.29142737388610839844
1878675059.70929193496704101562
1900156504.60970258712768554688
1883175303.33608865737915039062
4438647218.66001033782958984375
1911481961.73393249511718750000
923956635.29142737388610839844
1752490531.43105769157409667969
3644812325.74163246154785156250
2578610630.32274150848388671875
1732931862.97212553024291992188
1868458337.12715625762939453125
1729042744.46493864059448242188
1909550746.62664294242858886719
2673117901.37869644165039062500
1882510903.57890176773071289062
923956635.29142737388610839844
1873005893.45364499092102050781
1763542631.95415830612182617188
2697678254.91873741149902343750
1784011359.99676609039306640625
3785251957.44645786285400390625
2839695815.18259763717651367188
923956635.29142737388610839844
923956635.29142737388610839844
1731153104.56144785881042480469
1813540214.66155052185058593750
923956635.29142737388610839844
923956635.29142737388610839844
2814561393.49009275436401367188
923956635.29142737388610839844
923956635.29142737388610839844
2573970811.38331651687622070312
923956635.29142737388610839844
1805487427.65898370742797851562
2699008691.59224891662597656250
2585912505.00189971923828125000
1746569694.43619108200073242188
923956635.29142737388610839844
923956635.29142737388610839844
923956635.29142737388610839844
1890103947.71031856536865234375
2674419282.97520542144775390625
923956635.29142737388610839844
1790930709.14512348175048828125
1904177932.16155052185058593750
2690045796.03116035461425781250
1790526890.55066776275634765625
1753535477.73547267913818359375
923956635.29142737388610839844
1815287188.39717674255371093750
923956635.29142737388610839844
1883399936.96185851097106933594
1724043358.20313167572021484375
1919013374.51986694335937500000
1805022140.63536977767944335938
2634694431.08352184295654296875
1738487760.40385031700134277344
1887959713.01216650009155273438
1792052998.72520542144775390625
923956635.29142737388610839844
3841048510.74060583114624023438
1760608447.98239231109619140625
2640650921.76627349853515625000
1764386825.36740255355834960938
1910278350.92130422592163085938
2619393315.89974355697631835938
1816339492.92233085632324218750
1798874652.05118083953857421875
923956635.29142737388610839844
1896143335.81606817245483398438
1806119096.22725892066955566406
1840585884.71647882461547851562
2683475992.35251569747924804688
1794964379.40898370742797851562
2765680800.08506202697753906250
1909454354.13485646247863769531
2782224834.89204311370849609375
923956635.29142737388610839844
1759303474.23085236549377441406
1770040608.52397346496582031250
2562482849.72315216064453125000
1743377840.80631446838378906250
1738016977.20313167572021484375
2704740627.60867595672607421875
1816706241.55631446838378906250
1758906201.27448701858520507812
1922859427.14615011215209960938
2876827154.13023662567138671875
1785071710.38947677612304687500
1783259319.25292634963989257812
923956635.29142737388610839844
1830466727.02397346496582031250
923956635.29142737388610839844
1865972412.92438411712646484375
2547636481.97623252868652343750
1821487354.92541074752807617188
923956635.29142737388610839844
923956635.29142737388610839844
1776451903.61432266235351562500
923956635.29142737388610839844
1779256214.29040050506591796875
923956635.29142737388610839844
923956635.29142737388610839844
2662991978.16103744506835937500
2773431004.49727964401245117188
1768584011.64769029617309570312
1917910157.14409685134887695312
1907896474.27859354019165039062
1772853117.98906612396240234375
923956635.29142737388610839844
2773109229.76422023773193359375
2807697945.63023662567138671875
1833970758.31606817245483398438
1830831987.42233085632324218750
1856973351.93824458122253417969
3558371659.59122180938720703125
1798928779.25087308883666992188
1915841313.72417879104614257812
2668803437.33352184295654296875
1816628894.28270053863525390625
1886642072.76627349853515625000
923956635.29142737388610839844
1781152436.37048292160034179688
3577868665.72058534622192382812
923956635.29142737388610839844
1919960284.17695093154907226562
3718652463.65795707702636718750
1863983434.48495912551879882812
3766982039.07171487808227539062
1760381489.55066776275634765625
1886277257.13947677612304687500
2752178468.02705383300781250000
1787746909.37869644165039062500
1728415971.38228988647460937500
2639536937.92027759552001953125
1831643912.40898370742797851562
1782833275.07376813888549804688
1900004642.60764908790588378906
2815545755.91103744506835937500
1909925574.11124253273010253906
1817810906.18875789642333984375
1726126940.05323433876037597656
923956635.29142737388610839844
1803417907.58660173416137695312
923956635.29142737388610839844
1850563851.92592430114746093750
923956635.29142737388610839844
2744636800.50805950164794921875
2771827008.32684803009033203125
2632480564.14923000335693359375
1886632692.58403515815734863281
1919803188.86278247833251953125
923956635.29142737388610839844
1785336889.19081115722656250000
1888095606.21596527099609375000
1777029718.84224867820739746094
923956635.29142737388610839844
1741873469.46750545501708984375
1823649737.30272102355957031250
1874196250.07376813888549804688
1764579868.21853208541870117188
2658097859.83249521255493164062
1736378043.97674560546875000000
1725586415.67233085632324218750
923956635.29142737388610839844
1757016253.97161197662353515625
2634886588.38947677612304687500
923956635.29142737388610839844
2602556158.64358329772949218750
1729309407.50395298004150390625
2725468211.70005130767822265625
1840062555.50395298004150390625
1846173067.07992839813232421875
3671603550.48239231109619140625
923956635.29142737388610839844
923956635.29142737388610839844
3738052064.81555461883544921875
1823327933.58454847335815429688
2594171746.96699190139770507812
923956635.29142737388610839844
923956635.29142737388610839844
1774735100.38280296325683593750
1820689489.71750545501708984375
1752236231.04245400428771972656
1849321656.93054437637329101562
1750106923.67746424674987792969
1763813222.97571897506713867188
1892669069.23649930953979492188
1906396082.89563679695129394531
1792956804.52089357376098632812
2751392880.51319313049316406250
1901472392.75549316406250000000
1868307503.59686899185180664062
923956635.29142737388610839844
1777450578.68413782119750976562
1738189282.70518493652343750000
1768268495.70005154609680175781
1903263351.89974355697631835938
1900547110.99009275436401367188
1725772922.88023638725280761719
1873636318.66052389144897460938
923956635.29142737388610839844
1831907792.87715625762939453125
2689271374.78218698501586914062
1810389559.87150955200195312500
1839241522.19543147087097167969
923956635.29142737388610839844
1819948525.28475379943847656250
1742495832.81504130363464355469
1838936894.65539026260375976562
1746717505.51884007453918457031
1909901306.57530832290649414062
1764376144.85302901268005371094
1822977860.38588333129882812500
1890731969.15179681777954101562
1910640681.82428169250488281250
1892586426.68259763717651367188
1730183084.77397346496582031250
2780353434.06350135803222656250
1771524853.20005154609680175781
1813756461.59481525421142578125
923956635.29142737388610839844
1888924002.74265933036804199219
923956635.29142737388610839844
1838413335.56093454360961914062
2744221227.95056486129760742188
1827538852.81144785881042480469
1841126066.27346014976501464844
1797070918.46801877021789550781
1803903304.28167390823364257812
1799281209.23906612396240234375
923956635.29142737388610839844
1837886878.95467185974121093750
923956635.29142737388610839844
1736275781.49984622001647949219
1753873435.15693044662475585938
923956635.29142737388610839844
1887191917.36021566390991210938
1889655060.26370668411254882812
1825327095.79348087310791015625
923956635.29142737388610839844
1864848666.09276199340820312500
1802937610.27243351936340332031
1735772444.01935338973999023438
1858011728.61688947677612304688
1747145875.50343966484069824219
1727609835.42233085632324218750
1790962765.68054437637329101562
1890095680.95621156692504882812
2728408510.53116035461425781250
1835701401.43927145004272460938
1768350744.45621156692504882812
923956635.29142737388610839844
923956635.29142737388610839844
