2000
402 1909
514 149
81 231
750 1194
832 1056
666 1465
51 134
1196 1168
1061 257
128 701
813 211
933 1600
1394 1825
1945 473
1966 1603
1277 1494
582 1998
1228 758
1392 1654
1763 1970
1526 112
71 1065
1142 1473
1786 262
1663 1816
558 376
549 196
890 121
1842 1758
1161 861
215 1334
436 1902
976 1394
40 1321
413 805
229 466
1794 1841
553 1328
114 587
1869 1422
1664 344
180 248
275 795
817 1827
993 811
449 1312
1349 617
284 1906
1347 1116
1930 730
1205 1759
286 142
1133 1169
490 173
105 378
1140 183
348 1859
1550 1049
1060 689
1053 1845
1721 1030
1840 238
1025 1627
576 927
1567 462
1222 1299
752 108
694 61
936 1943
1787 573
230 1463
1999 1524
1257 1842
1313 1682
325 312
1741 1890
1640 937
1362 606
1679 1005
293 363
482 791
803 325
704 526
913 584
641 862
52 1673
1445 194
763 236
1823 1170
476 754
1809 1925
1028 411
269 252
605 1693
460 731
768 1996
1575 636
826 772
336 1748
1149 1409
963 1971
1338 1455
1171 747
1232 398
1896 1605
552 930
189 1941
1343 1253
392 589
1795 408
24 885
1197 669
1589 1274
1926 843
1023 877
1510 1645
1681 9
790 454
1444 479
1841 1562
54 1453
1901 1607
1595 1954
1122 1153
46 886
1036 601
1414 1561
501 1704
405 1486
1896 1483
279 1156
982 874
221 1885
195 1857
254 1682
374 1855
334 828
461 1688
507 86
75 970
124 1046
339 1812
1124 631
1165 350
1091 1539
1853 1203
1545 1477
1263 303
1639 868
1368 1380
534 1582
1173 276
193 317
1171 1364
1922 1525
1191 543
1175 642
1016 1832
1125 93
775 765
1791 31
1480 238
1213 192
1014 1346
184 189
336 1147
1301 1668
1181 450
630 900
1085 372
1296 1162
1359 1009
317 1528
109 1927
46 201
1854 1907
1778 49
1355 692
472 826
743 1698
838 894
1289 892
1272 1086
1764 1228
34 1516
1570 1089
572 1055
796 1883
1698 145
4 1683
726 1157
1687 742
775 661
1859 1001
1903 729
1043 1320
354 965
1535 272
20 649
351 1476
1220 1835
164 346
318 1730
519 100
582 866
1783 942
651 1223
1227 1139
67 786
757 1427
768 759
20 1489
1424 1664
1271 1889
117 1067
351 1985
487 727
152 1882
1779 1329
1767 1872
1044 1793
1065 1755
1577 1496
747 753
1252 1339
1007 1162
1542 1749
756 1447
1559 263
898 905
1845 1905
1721 1834
1201 669
1998 930
1588 1905
1635 1208
854 1843
319 630
1532 1316
1865 448
540 1662
557 1573
869 715
102 1382
1100 714
1129 1921
335 1604
1217 1167
541 1093
1215 896
1041 646
437 29
1405 1425
657 1833
1026 934
929 1439
939 1327
1684 1788
1430 1126
1799 1651
1055 997
1082 1850
222 971
766 1238
6 1282
685 598
1168 1731
1330 419
1142 1402
265 802
741 1716
1127 692
331 1789
893 219
418 1017
1534 257
1351 1880
1545 385
1628 1864
1659 404
470 599
521 957
1669 1228
578 1315
1035 247
1451 454
1796 1773
1431 244
1443 1978
1504 809
341 1115
1154 1306
1516 687
75 1699
361 1723
329 208
518 1775
876 854
312 485
427 783
721 156
19 969
1580 1573
1808 95
857 386
370 513
865 1252
776 1320
743 1502
1919 85
25 1195
600 445
1242 73
1353 1627
298 645
1440 463
1611 496
594 655
1066 1661
1219 699
916 1442
477 58
1679 193
228 1874
1913 503
971 362
256 1433
1076 1759
920 862
1925 895
1871 1690
777 1653
1135 871
853 251
407 376
928 814
1493 1155
1771 107
2000 944
1508 440
573 1963
1453 1267
446 497
1187 887
347 460
995 1768
447 1384
1914 50
225 59
1181 461
60 535
1773 948
258 1640
1184 260
1671 1610
702 1073
1768 860
1740 510
1732 1895
1699 848
160 916
1392 1733
1760 689
230 127
84 780
1246 1010
1644 512
1802 1255
1100 369
477 3
198 399
1123 57
779 1019
1930 379
538 516
1590 548
1305 1590
176 989
1736 954
472 484
622 357
1210 1586
1155 1151
407 323
358 337
109 77
420 1490
205 1941
1846 226
1348 1230
728 964
1760 1744
206 1503
794 469
1024 1499
506 78
412 1888
459 1761
1301 1243
90 1670
1771 1408
1555 1833
282 1606
1406 734
672 992
243 85
1761 301
435 1912
1290 122
1959 591
1593 393
1618 1154
362 1572
1202 153
1523 699
1497 1994
969 1417
924 1521
748 701
1442 681
1916 765
1121 1308
655 107
329 190
870 1767
198 1878
74 298
987 328
480 1330
822 1675
1295 1754
1989 366
1776 1462
523 49
614 216
1769 1902
1658 1304
337 1625
300 388
159 196
287 1421
1991 904
1481 967
17 956
301 583
1831 785
417 994
272 447
125 1482
944 1748
1527 73
1691 1449
1437 1256
1234 1903
1709 1480
318 1020
179 299
1703 1706
824 1097
1710 27
1932 955
405 1701
697 585
1404 1662
242 1602
559 316
1649 740
1250 1027
949 1151
1454 310
1278 950
1765 1558
1636 1933
787 1851
942 1725
1369 1068
1486 626
535 1436
1513 1952
126 488
782 932
722 808
1523 6
1603 108
1546 1307
880 1684
460 869
1686 1661
1960 561
1466 1425
371 353
1596 1670
1420 1041
1224 1363
772 1027
1269 1622
122 865
488 359
1824 131
96 343
1672 364
1259 1530
566 1628
1397 8
320 413
206 914
1177 414
773 373
1615 654
923 1808
1003 1469
148 1081
3 823
735 763
16 723
176 371
1870 1332
1571 527
1291 1289
1042 1217
1459 1968
422 34
568 210
888 1233
1197 1022
647 1594
1585 1344
294 1292
819 94
1419 612
1401 1834
225 1028
1893 580
584 1414
830 1063
629 1660
1852 542
1643 1478
21 1189
951 999
1789 797
1578 793
342 16
1247 501
1862 342
847 1092
610 401
1549 1106
813 1036
954 382
980 1145
111 616
1178 1596
429 130
1099 1618
874 1993
408 1059
89 1611
532 1836
1254 673
1731 1426
1803 1153
1815 439
806 726
124 123
1056 921
314 290
1384 696
1492 484
36 1667
1128 28
6 859
158 1354
1183 659
237 1279
899 1755
10 917
385 677
1646 690
324 71
27 1811
191 141
1436 1632
1570 1185
1316 542
1117 1897
769 1326
164 939
1235 658
1678 1576
1884 1910
1070 872
978 615
691 133
1569 863
529 1461
1727 1462
779 767
1374 921
110 531
1933 577
1186 1032
812 1362
931 1
498 659
215 1286
1208 1198
192 1490
1004 603
798 1641
1616 346
1659 1819
1358 1718
509 147
22 678
560 491
925 1233
160 914
1587 281
1750 41
1468 1094
157 705
1184 678
263 261
935 1605
1429 390
958 1620
1980 1769
186 522
1752 1209
1179 1078
215 1020
1568 1081
687 92
1146 825
336 1400
1466 1438
1133 1166
1448 398
893 1083
315 1877
1435 1884
1428 1776
361 1759
1288 1310
54 28
145 562
1331 569
657 825
159 309
464 286
1386 648
1119 1904
1529 1678
973 1790
555 863
1550 83
570 110
1084 1983
698 240
875 1264
940 412
1236 1015
1692 864
705 1985
966 649
1798 1409
1007 1116
1665 1277
660 1990
961 135
1916 620
1314 92
1336 722
471 1393
577 1360
1881 1491
1911 143
1796 458
727 1519
1333 1804
729 1846
533 1473
1636 680
1574 1121
1143 1581
1331 884
1893 1734
748 1008
903 172
552 596
850 224
152 911
868 1048
828 900
1098 1105
1268 541
856 465
974 247
1178 63
345 1810
380 1115
844 1980
1739 1936
326 1988
203 346
561 1872
1612 955
1174 1457
1143 937
1554 682
1756 920
1864 453
609 700
1716 1958
745 1597
848 1877
658 1226
1376 341
1559 816
1743 1490
575 1191
65 764
1360 985
562 19
1925 683
277 1863
633 1678
1292 1474
311 1471
188 907
910 751
1868 84
1677 1488
1940 1598
780 1399
516 796
1031 1909
1579 841
1749 793
102 654
1826 777
1738 1114
1867 676
1191 563
1892 842
566 395
1507 1515
608 837
650 384
1893 1492
1040 707
220 18
1342 1406
868 1199
539 1758
1505 208
1332 1912
1971 506
1539 1801
654 136
1362 1086
1522 1675
115 620
596 1456
1517 1706
1780 53
449 1183
1267 1253
662 1768
394 696
1337 898
255 1074
1254 1444
114 1953
150 1192
1220 66
757 1608
1546 478
1240 1337
33 142
966 1241
704 314
1673 980
541 1218
713 1141
1946 415
1365 1681
1721 1118
1972 246
1205 1212
1937 993
1821 622
1385 768
169 1278
1944 716
977 981
1190 1844
1247 43
1550 1126
590 432
1701 1621
835 1004
168 1345
1067 1950
148 926
1366 556
1785 1106
1860 1165
367 665
1378 204
1868 1484
1629 1206
708 785
1443 1800
493 163
1587 455
1537 200
538 1324
1712 670
604 328
106 592
426 486
271 603
718 340
1860 32
1614 1774
941 868
1639 1703
386 945
1983 1975
1840 604
797 634
973 513
1892 1888
514 1956
1836 1751
1356 234
1997 1222
1013 1108
290 1136
1507 1346
769 524
1741 495
273 2
879 1223
1016 1092
992 755
481 322
821 1737
410 1988
162 1280
543 638
427 81
228 7
1383 1428
1463 800
1923 755
1310 1602
1285 424
1258 1906
1110 1111
996 523
1090 47
847 1249
1918 644
214 368
1875 1572
1271 642
1728 1159
957 1467
1361 807
279 1350
568 111
494 733
1496 910
1264 448
816 863
8 703
414 1371
1052 664
693 1287
1155 1080
387 1537
663 1825
1176 1526
1057 1765
1150 1305
1132 1784
327 1672
1664 489
933 602
151 520
984 1619
372 711
619 285
1862 1553
551 1421
1826 545
88 296
1465 312
1696 1399
829 453
1418 1246
241 391
1001 1793
1538 1850
593 656
581 768
468 316
1735 377
249 947
261 925
958 956
1837 1981
389 1461
1943 291
1713 108
1521 1093
502 551
1089 195
147 278
1658 1041
1585 1671
1491 1017
203 1593
1373 758
375 526
736 1403
1702 1436
1234 629
103 407
221 1805
515 1634
878 1468
1520 1727
1485 1998
268 1512
333 21
131 1511
1714 240
1589 1353
1678 1103
1000 1869
227 324
1107 830
1051 533
1137 224
146 295
199 292
621 667
78 1239
627 1533
952 1778
899 344
1726 478
39 1326
313 926
624 120
171 1994
474 1034
903 1723
894 67
861 1982
1665 1815
268 471
564 1418
1137 1038
233 97
1013 1671
1531 1592
635 1857
1449 1345
877 612
197 44
1979 213
306 1231
528 1395
640 220
233 1536
382 1876
731 1161
1139 1060
452 442
1997 1647
45 1615
486 946
1101 1321
14 918
1104 204
1674 433
1215 1074
1380 156
1990 1866
365 1856
1712 1728
538 1119
1886 751
781 350
1811 1017
991 792
660 1131
929 335
158 39
695 1945
1579 1270
1204 1213
197 3
1266 1617
1517 352
1563 1969
1077 1578
1478 1022
1982 1464
1025 1422
549 1800
698 1501
735 1839
1788 867
873 302
62 972
250 1388
1117 43
1704 68
4 913
1626 841
558 1690
1740 256
1962 23
881 1848
728 776
1350 1327
1577 199
1500 890
1379 1051
1382 1141
1426 351
1986 511
897 579
1753 889
1949 1088
137 297
1430 821
1439 1792
528 1291
483 569
1543 1349
1871 1954
1147 1754
162 1688
1213 1820
80 1944
305 1212
79 1411
1257 845
185 91
839 1037
313 1580
232 645
722 1885
824 1185
431 242
611 1403
1551 1053
1227 165
1317 365
1807 1924
858 446
1705 1920
721 1339
1549 1847
1402 1697
99 977
1756 1560
1164 1239
1894 1654
1005 786
1538 1807
1802 175
173 1408
1967 1557
275 1651
1829 1412
931 883
1635 801
391 338
55 1908
116 291
1875 387
1617 867
161 226
77 1534
1284 1835
1629 1790
682 1385
1989 1515
1006 1566
1225 1420
1571 1555
884 1837
374 1279
1262 339
24 60
544 1014
1033 759
982 1238
1554 1309
1170 1229
1584 846
572 709
1129 574
836 1542
223 676
1914 871
1163 334
1232 1648
143 1928
1334 530
832 1333
333 1082
559 1630
912 175
1039 1873
1931 212
483 428
1236 1209
115 18
1413 139
451 1901
1502 1479
643 1375
1107 445
1012 991
1856 456
1187 1670
1799 1160
1087 1505
1434 1429
943 1532
662 1475
253 1687
820 10
1274 625
1816 1471
902 492
1174 1292
120 1986
1915 881
1469 491
1489 29
95 1167
560 178
211 1655
357 1633
56 138
719 1200
1975 1144
525 1650
1423 187
1406 938
1657 616
276 1810
1506 401
405 1095
986 1071
1058 1853
190 1503
166 1134
1601 337
194 762
1620 1541
1098 442
608 750
952 1624
764 840
1359 1606
1303 915
1373 909
1174 172
1062 998
82 1144
165 308
1180 744
800 1718
1514 321
283 656
185 665
1096 586
1935 1700
1895 144
1747 707
1117 802
409 789
1069 1102
1921 1046
1207 399
1591 48
1932 254
994 1463
626 1525
901 637
1719 61
474 668
107 960
1058 536
30 672
1936 1918
1261 509
1629 1623
1407 1630
713 680
632 1535
1237 1459
1494 724
897 599
948 1325
922 567
634 1887
1044 987
1072 822
1189 703
212 1780
1188 993
1536 1075
979 788
1287 489
710 267
234 1329
14 784
253 1965
1779 1891
406 1454
1955 808
1372 1283
917 1211
1722 237
1029 1390
1797 1378
1372 1646
259 135
667 1677
1294 843
1763 1469
1097 804
1322 429
441 191
280 332
724 647
902 1822
1762 1735
1273 1568
979 1518
702 270
1594 64
1518 356
153 1569
1544 1452
360 999
1803 1777
184 1915
1715 420
456 1583
1425 1563
1173 1605
396 1319
1734 794
1547 1293
1487 266
105 302
68 1695
1656 1471
1109 1079
1201 1050
474 637
674 1785
1862 1685
1393 267
235 1140
1866 550
170 887
745 732
214 245
245 170
1786 218
579 1948
574 688
1251 64
943 686
444 508
343 1957
419 746
700 756
1947 322
1598 1495
386 1071
1775 1410
89 820
1281 1614
931 1544
1575 1109
1253 1689
539 1416
1791 1244
804 727
917 1565
1838 1131
297 1352
1435 1638
963 666
1059 1411
435 1829
639 661
2000 1761
1870 1045
694 1179
1786 1482
1976 1148
304 766
684 209
38 1110
1961 936
631 565
1150 875
1248 246
1293 1163
1806 171
1210 1822
997 510
305 70
1694 1904
801 588
840 1882
1508 1527
283 277
810 1691
782 1757
1196 144
1645 1120
1381 1256
548 1847
1030 1708
728 1948
1261 1186
653 1792
1152 1499
1752 1801
1192 409
1006 1843
1160 15
1742 273
554 1947
1042 1145
1299 1939
1068 593
1642 1123
524 1367
1064 62
1991 425
1172 1743
490 155
1676 1158
1951 1438
831 22
518 591
1346 1547
815 1867
1584 1530
1306 1101
1273 953
48 1543
26 630
628 817
1832 537
1290 51
504 1337
1684 1626
959 1907
1180 938
1481 685
1437 1335
1021 950
296 25
1080 179
896 723
1412 886
512 418
1488 571
1146 1667
217 1323
1298 1216
326 586
167 295
1214 778
1415 565
82 421
1582 1531
675 851
1039 928
393 1364
602 644
1002 972
673 355
119 1707
462 642
1136 1340
432 709
1132 767
1270 571
1367 1824
924 321
1820 522
182 988
1753 850
1999 771
1683 1899
15 52
1884 1725
889 1048
1506 517
1260 1832
738 1013
42 1124
2 1079
1054 188
1657 300
11 1361
1644 739
1745 1467
1980 1047
857 258
1833 650
706 1898
882 255
1390 1446
1938 87
882 1072
1766 416
1031 16
643 192
530 140
829 1592
423 1726
431 1513
1828 168
1722 1441
638 502
1498 22
219 532
38 891
321 760
436 355
1625 287
873 1319
256 989
149 1688
1580 1842
1977 1800
205 1314
1162 934
1797 380
1686 1868
1351 1204
1116 23
1446 1396
446 685
938 430
224 671
790 1156
468 908
988 1733
1624 1298
1898 1889
1553 580
42 434
805 588
127 367
1243 1138
505 1821
1552 1863
628 289
1751 1395
899 798
1018 458
742 210
1861 771
464 207
784 1900
1540 1809
1043 123
1637 1977
1357 961
80 770
951 1166
1881 1365
907 1757
1024 395
747 494
223 1695
1389 499
1970 1355
356 463
1308 1483
1336 430
260 428
959 417
266 400
1195 378
467 1323
783 915
1729 394
1262 1984
1269 1838
940 1511
1037 1588
1557 132
86 116
1008 607
1639 1908
1797 975
1114 945
1165 736
905 870
1470 540
520 1551
856 1090
400 1018
104 1674
799 475
121 1520
849 539
688 648
1926 1158
1105 1379
1475 1470
1198 789
1745 895
288 718
1697 264
274 1088
1844 652
1858 98
512 1564
1368 332
1130 740
606 1304
1560 1148
424 375
1622 288
719 933
1772 753
888 505
1237 1770
1325 1
1104 1668
1917 956
1250 76
1519 1417
901 1855
495 443
161 1297
774 585
778 601
134 286
236 438
720 766
497 470
715 209
714 1335
697 174
1777 1509
1107 1342
482 1631
98 1033
1340 712
1996 1951
11 1433
761 923
1619 1226
140 1968
1451 967
1987 180
1922 130
311 1861
1786 1600
99 1648
466 101
653 118
1787 590
1963 749
1552 194
1696 652
906 1077
947 30
1736 5
1666 706
1591 113
274 1500
1255 1495
904 589
55 613
1485 1613
366 508
866 1029
232 774
1122 636
1432 35
1001 1318
1388 710
760 1383
1162 154
1075 791
353 701
891 151
1967 576
476 314
1152 1719
24 1710
132 451
1312 927
618 1403
732 106
248 1458
390 761
1541 1599
1409 614
1302 864
1245 1369
1281 1937
631 1929
1660 1608
69 1041
1190 1032
1702 1979
251 1350
686 1984
271 1019
842 47
293 1474
1923 1739
282 725
1102 1381
97 1006
762 383
1391 1048
1177 493
126 404
519 693
1245 1259
1878 423
181 1242
1251 1479
1127 1669
996 1347
1782 217
664 278
1705 1370
1057 330
1260 1010
1366 492
1248 1604
648 262
1045 345
751 746
674 879
880 675
1959 388
1235 479
12 1431
235 301
946 607
1814 1565
1172 869
101 433
618 918
1698 37
5 1015
1096 1369
87 434
547 1094
1957 1858
724 595
1219 552
1663 1216
1929 330
988 553
1367 327
1244 1509
495 970
1655 1265
340 493
1059 1275
1275 1828
63 12
1940 1214
1169 100
226 1276
1534 600
1311 1467
1374 36
1815 712
456 623
679 529
1498 35
1812 323
1999 1900
1818 840
932 1344
687 1387
1953 1972
1282 266
481 1128
1066 1724
787 666
1432 1782
1360 681
836 1419
1522 1568
749 1730
1231 1328
317 1637
902 1064
717 1283
1400 597
1608 984
415 1207
1229 166
250 349
1939 515
998 1950
1078 1052
213 1302
119 37
496 1363
909 397
1474 1138
1477 1497
1521 1398
1284 635
402 610
556 597
1653 422
615 310
1973 1680
1992 1995
1853 308
1084 216
1501 244
1798 1313
222 369
1641 1960
1750 855
792 1448
416 1384
1322 32
609 545
1865 1737
1561 1823
1404 183
1193 1819
651 1817
198 363
138 1709
1789 320
1928 1883
902 1357
1356 1012
1134 1307
1747 1460
1717 1276
1612 150
624 855
1023 1694
1567 360
178 564
352 1738
834 1413
377 381
1043 1879
269 738
1735 1159
1410 13
200 1645
1827 707
1874 500
264 1080
906 1713
1009 56
1796 367
1732 881
623 1958
169 1038
41 1083
814 776
730 1857
1440 403
1836 1650
306 1221
1556 1318
1934 501
570 1224
690 1370
354 849
1693 1121
1300 1413
457 908
1913 373
70 307
1614 737
785 567
397 605
1112 774
1294 1377
383 844
1883 983
670 1434
1242 231
1964 799
1813 78
292 1966
1458 389
1529 1455
1839 1770
1202 1447
922 1218
1760 1631
536 819
550 1012
1965 1649
1742 1266
1049 1794
1288 617
1729 1206
592 1919
396 406
411 1652
1085 827
1315 1652
112 547
238 818
405 457
239 1181
1194 919
1450 1976
810 1927
1891 74
1711 527
628 1708
1100 421
177 1890
1482 546
303 554
1638 1817
44 511
1076 1781
1510 1132
806 243
1647 521
1389 9
1848 1942
1021 129
1935 1736
1303 1676
1363 26
1714 438
59 379
349 725
1182 811
216 1720
1804 632
708 1405
1154 1331
177 1956
444 800
1973 1405
114 1724
1450 621
1 1830
31 1002
976 962
1135 962
467 141
1524 695
387 1504
440 1493
426 252
96 960
104 1263
534 619
137 1157
815 503
1587 1974
1091 1995
146 249
1440 852
1241 1265
53 1035
364 370
304 284
50 309
1258 441
1643 265
1621 452
542 1343
1338 338
640 912
1683 1920
575 45
40 1000
1070 280
1632 1011
33 695
1472 311
682 1659
1876 733
93 1415
888 425
1073 367
663 1911
1212 58
1407 668
636 1123
171 990
1175 13
465 182
1993 359
1814 860
437 1581
578 803
1746 434
72 319
117 965
1424 53
1272 1623
202 174
1130 1297
977 911
410 1352
167 154
1050 795
1887 113
133 788
285 229
1111 1040
7 1707
1597 641
1880 1924
835 1783
1397 455
770 841
385 1452
1103 499
1221 1540
838 1871
1961 950
1249 469
1396 1054
391 373
1946 1607
329 1164
525 1512
1877 1974
1113 1280
1938 717
1175 919
83 968
381 414
1240 1634
1805 368
507 839
627 683
834 517
79 557
1423 1558
691 639
1609 978
202 878
1118 1541
1182 1806
475 270
1230 1285
1548 550
1401 679
741 1562
88 94
201 1348
1990 1849
986 274
314 833
372 1295
358 118
384 1125
403 1426
1377 480
437 1317
1633 239
1314 1341
1091 1564
1556 1952
876 1176
1
1108 1
