0.00781250000000000000
0.00000042385525173611
0.00000000000000157898
0.00000000000010105497
0.00000000000000000000
0.06250000000000000000
0.00000001986821492513
0.00000000000000000000
0.00000000000000000000
0.00008138020833333333
0.12500000000000000000
0.06250000000000000000
0.00000000331136915419
0.00000000000000004934
0.00000000000000000000
0.00012207031250000000
0.00000000000000000000
0.00000000000000000005
0.00000001986821492513
0.00000000000000000005
0.00000000000000000000
0.00000000000000000000
0.00000000000000000308
0.00000000000000000000
0.00000000000000000000
0.00016276041666666666
0.00000000000000000000
0.00000000000485063841
0.00000000000000000005
0.00000000000000000103
0.00000084771050347222
0.00000000000000019737
0.00000000000000001234
0.00000000000000000000
0.00000000000000000000
0.00000000000161687947
0.00000001986821492513
0.00000000000000000000
0.00000000000646751788
0.00000000000000000000
0.00000000000000078949
0.00000000000040421987
0.00000000000000000000
0.00000000000000078949
0.00000000007761021455
0.00000047683715820312
0.00000000001293503576
0.00000000000000009869
0.00000000000000000617
0.00000000000007579123
0.00000000000000000617
0.00000000000000000000
0.00000000041392114427
0.00000000000485063841
0.00000000000000000001
0.00000000000000039475
0.00000021192762586806
0.00000000000000157898
0.00000000496705373128
0.00000000000000000000
0.00000000000485063841
0.00000084771050347222
0.06250000000000000000
0.00000003973642985026
0.00000000000000000000
0.00000000496705373128
0.00000000000030316490
0.00000000000000000000
0.00000000000053895982
0.00000000000000157898
0.00000000020696057214
0.00016276041666666666
0.00000000000000236848
0.00000000000000000000
0.00000000000000000000
0.00001525878906250000
0.00097656250000000000
0.00000000124176343282
0.00048828125000000000
0.00000010596381293403
0.00000000000000473695
0.00000000000000001234
0.00000000000000000019
0.00000000000485063841
0.00000010596381293403
0.00000000000000000000
0.00000000000020210993
0.00000000000000000000
0.00008138020833333333
0.03125000000000000000
0.00260416666666666652
0.00000000000000000000
0.00000000000080843973
0.00000000000000000000
0.00000000000000000000
0.00000000000000000000
0.00000000000000000000
0.00000000000000000000
0.00000000000000000000
0.00000000082784228855
0.00000000000485063841
0.00000000015522042910
0.00000000000060632980
0.00000000000485063841
0.00000000000000000000
0.00000010596381293403
0.00000000000000000000
0.00000000000001894781
0.00097656250000000000
0.00008138020833333333
0.00000000331136915419
0.00000000000000000000
0.00000000000000009869
0.00000000001940255364
0.00000000000000000005
0.00000000000000000000
0.00006103515625000000
0.00000000001940255364
0.00000001986821492513
0.00000000000000078949
0.00000000000000000001
0.00000000000000000617
0.00000000000000000009
0.00000000000000000009
0.00000000000000000009
0.00000000000000000000
0.00260416666666666652
0.25000000000000000000
0.00000000000000000000
0.00000000000000019737
0.00000000001293503576
0.00000000000005052748
0.00000000000000000005
0.00000000000000000617
0.00000084771050347222
0.00000000007761021455
0.00000010596381293403
0.00000000000000039475
0.00003051757812500000
0.06250000000000000000
0.00000000000000000000
0.00000000000000001234
0.00000000000007579123
0.00000000000000000001
0.00000001986821492513
0.00000000000000000103
0.00000000000485063841
0.00024414062500000000
0.00000000000000000000
0.00000000000000004934
0.00000000000000000000
0.00000000000000000000
0.00000000000000000000
0.00000000000000000103
0.00000000000000000000
0.00000000000000000617
0.00000000000000000001
0.00000000000646751788
0.00000000000007579123
0.00000000031044085821
0.00000000331136915419
0.00000000000000000000
0.00000000000000000000
0.00000000000000000000
0.00000000000000000000
0.00000000000010105497
0.00000000000000000103
0.00097656250000000000
0.00000000000000000000
0.03125000000000000000
0.00097656250000000000
0.00000000000000631594
0.00000000000000000000
0.00000000000000000000
0.00000000000000000005
0.25000000000000000000
0.00000000000000000000
0.00000762939453125000
0.00000000000000059212
0.00000000000000000000
0.00000000000000236848
0.00000000001293503576
0.00002034505208333333
0.00000000000000000001
0.00260416666666666652
0.00000000000000000000
0.00000000000040421987
0.25000000000000000000
0.00000000000000000001
0.00000000031044085821
0.00000000000000000000
0.00000000000000000000
0.00000000000030316490
0.00000005298190646701
0.00000000993410746257
0.00000000000007579123
0.00000000000000078949
0.00000000000010105497
0.00000000000000947390
0.00000000000000000308
0.00000047683715820312
0.00000000000000000000
0.00000000000000000000
0.00000000000002526374
0.00000000000000000001
0.00000000031044085821
0.00000000000000000617
0.00000000031044085821
0.00000000000000000000
0.00000000331136915419
0.00000000000000000005
0.00000000020696057214
0.00000000000000000000
0.03125000000000000000
0.12500000000000000000
0.00000000000000002467
0.00000000000000000000
0.00000000000000000017
0.00000000000000078949
0.00000000000000000005
0.03125000000000000000
0.00000000000000000617
0.00000000000000000000
0.00000000000000000000
0.00000000496705373128
0.00000000662273830838
0.00000000020696057214
0.00000001986821492513
0.00000000000485063841
0.00260416666666666652
0.00000000000000473695
0.00000000000000000000
0.00000000000000000000
0.00000000000000000000
0.00002034505208333333
0.06250000000000000000
0.00000000000000009869
0.00000000000000039475
0.00000000000000000000
0.06250000000000000000
0.00000000000000000000
0.00000000000000009869
0.00000010596381293403
0.06250000000000000000
0.03125000000000000000
0.00000000001940255364
0.00000000020696057214
0.00000000000000000000
0.00000000000000000103
0.00000000000000039475
0.00000000000000000000
0.50000000000000000000
0.00000000331136915419
0.00000000000000004934
0.00012207031250000000
0.25000000000000000000
0.00097656250000000000
0.00000000000000000005
0.00000084771050347222
0.00000000000000000000
0.00000000000000000000
0.00000000000000000017
0.00000000000000000000
0.00000000000000059212
0.00000000000000000000
0.03125000000000000000
0.00000000000000039475
0.00000000000000039475
0.50000000000000000000
0.00260416666666666652
0.00000000000000000077
0.00000000000161687947
0.00000042385525173611
0.00000000000000000002
0.00000000000000000000
0.00000047683715820312
0.00000005298190646701
0.00000000000485063841
0.00000000000000000000
0.00000000000000000617
0.00000000000000000000
0.00000000000000039475
0.00000005298190646701
0.00000000000000000000
0.00000000000485063841
0.00000000000000001234
0.00000000003880510728
0.00000000000000000000
0.00000000000000000000
0.00000015894571940104
0.00000000000000000000
0.00000000000000947390
0.00000000000005052748
0.00000000000001263187
0.00000000000000000103
0.00000000000000000000
0.00000010596381293403
0.00000000000000000000
0.00000000000000059212
0.00000000331136915419
0.00002034505208333333
0.00000000000000000000
0.00000000000485063841
0.00000000000000000000
0.00000000000000157898
0.00000000002587007152
0.00000000000000157898
0.00000000000000000000
0.00000000000007579123
0.00000000000000000000
0.00000000000000002467
0.00000000496705373128
0.00024414062500000000
0.00000047683715820312
0.00000000000000000000
0.00000000000000019737
0.00000000000030316490
0.12500000000000000000
0.00016276041666666666
0.00000000000000004934
0.00000000000000000001
0.00000000000485063841
0.00000000000121265960
0.00000000020696057214
0.00000000496705373128
0.00000010596381293403
0.00000000000646751788
0.00000000000000019737
0.00000000062088171641
0.00000000000040421987
0.00000000000000004934
0.00000000000000000617
0.00000000000000000000
0.00032552083333333332
0.00000000001940255364
0.00000508626302083333
0.00000000003880510728
0.00000000000000000000
0.00000000000121265960
0.00000000000000000000
0.00000000000001263187
0.00006103515625000000
0.00000000000000000000
0.00000000041392114427
0.00000047683715820312
0.00000000000000000000
0.00000000000000000000
0.00000000000000009869
0.00000000000000039475
0.00000000000000009869
0.00000000000000000001
0.00000000000000000002
0.25000000000000000000
0.00006103515625000000
0.00000001324547661675
0.00000000000000000005
0.00000000000000000000
0.00000000001940255364
0.00000000000000000000
0.00000000082784228855
0.00000000000000631594
0.00000000000000000617
0.00000000000005052748
0.00000000000646751788
0.00000000000000000010
0.00065104166666666663
0.00781250000000000000
0.03125000000000000000
0.00000000000000000617
0.00000000000646751788
0.25000000000000000000
0.00000254313151041667
0.00000000000000000000
0.00000000000000009869
0.00000047683715820312
0.00000000000060632980
0.00000000000000000000
0.00000000000000000000
0.00000000496705373128
0.00000000000001263187
0.00000000000000000000
0.00000000000000000000
0.00000002649095323351
0.00000000000080843973
0.00195312500000000000
0.00000000000000000005
0.00000000000000000617
0.00000000331136915419
0.00000000000000000000
0.00000000000000000000
0.00000000000000000000
0.00000000000000000000
0.00000000000000000000
0.00000000000323375894
0.00000000000485063841
0.00000000000000000000
0.00000190734863281250
0.00000000000000000000
0.00000000000005052748
0.01562500000000000000
0.00006103515625000000
0.00006103515625000000
0.00000000000000000002
0.00000000000000000000
0.00000000000000059212
0.00000000000000000000
0.00000000000121265960
0.00048828125000000000
0.00000000000000004934
0.00000010596381293403
0.00000000496705373128
0.00000000001293503576
0.00000000000000004934
0.00000000000000000000
0.00000000000005052748
0.00000000000161687947
0.00130208333333333326
0.00000000000000000000
0.00000000000000473695
0.00000000000000000000
0.00000000000000001234
0.00000000000000000000
0.00000000000010105497
0.00000047683715820312
0.00000000000000000000
0.50000000000000000000
0.00000000000000473695
0.00000000000000000000
0.00000000000000019737
0.01562500000000000000
0.00000000000000009869
0.12500000000000000000
0.00000000000485063841
0.00000000000040421987
0.00000047683715820312
0.00000001324547661675
0.00000000000000000010
0.06250000000000000000
0.00000007947285970052
0.00000000000000236848
0.00000000000000000000
0.00000000000000059212
0.00000000000000000000
0.00065104166666666663
0.00195312500000000000
0.00000000000000000001
0.00000000000161687947
0.00000000000000000039
0.00000000000005052748
0.00000000000000000000
0.00000000000005052748
0.00000000000000059212
0.00000000000485063841
0.00000000000000000000
0.00000000000000000000
0.00000000000000000019
0.00000000000000019737
0.01562500000000000000
0.00000508626302083333
0.00000000000000000000
0.00000000000000000000
0.00000000082784228855
0.00000000000000000005
0.00000000000000000617
0.00000000001293503576
0.00000000000485063841
0.00000000000000000000
0.00000000000000019737
0.00001525878906250000
0.00000000000000000001
0.00000000000000039475
0.00001525878906250000
0.00000000000000001234
0.00000000000000019737
0.00260416666666666652
0.00000015894571940104
0.00000000000000157898
0.00000000000010105497
0.00000001324547661675
0.00000000000000473695
0.00000000000485063841
0.00000000000000000000
0.00000000000000000000
0.00001525878906250000
0.00000000248352686564
0.50000000000000000000
0.00000000993410746257
0.00000000000000000000
0.00000000082784228855
0.00000000000000000000
0.00000762939453125000
0.00000254313151041667
0.00000000000000000000
0.00000000000000000000
0.00000000000000000000
0.00008138020833333333
0.00000000000000000001
0.00000000000005052748
0.00000000000000000000
0.00000001986821492513
0.00000000000000000000
0.00000000003880510728
0.00000000000000000000
0.00000000010348028607
0.00000000000000000000
0.00000000124176343282
0.00000000000000000000
0.00065104166666666663
0.00000000000485063841
0.12500000000000000000
0.00000000000000078949
0.00000000000000000000
0.00000000000646751788
0.00000000000000000000
0.00000000010348028607
0.00000000000003789561
0.00006103515625000000
0.00000000331136915419
0.00000000082784228855
0.00000000000000000000
0.00000000010348028607
0.00000000000000000000
0.00000000000000000617
0.00000000000646751788
0.00000000000000039475
0.00000047683715820312
0.00000000000080843973
0.00000000000000039475
0.00000000000000000000
0.06250000000000000000
0.00008138020833333333
0.00000000000000078949
0.00000000000000059212
0.00000000000485063841
0.00000000000000000000
0.00000000000000000000
0.00000762939453125000
0.00000000000003789561
0.00012207031250000000
0.00002034505208333333
0.00000000000000000000
0.00000000000242531920
0.00000000003880510728
0.00032552083333333332
0.00000000000000000000
0.00000000000000000009
0.00000000000000000000
0.00000000000000000039
0.00000000000007579123
0.00000000000000000000
0.00000000003880510728
0.12500000000000000000
0.00000000002587007152
0.00000000000485063841
0.00000000000000000000
0.00000254313151041667
0.00048828125000000000
0.00000000000060632980
0.00000000000000019737
0.00000762939453125000
0.00000000020696057214
0.00000001986821492513
0.00000000003880510728
0.00000762939453125000
0.00000000000080843973
0.00000000000485063841
0.00000000000000000000
0.00000000331136915419
0.00000000000000000000
0.00008138020833333333
0.00000010596381293403
0.12500000000000000000
0.12500000000000000000
0.00000000000000000009
0.00000000007761021455
0.00000000000005052748
0.00000000015522042910
0.00000000496705373128
0.00000000000000000001
0.00003051757812500000
0.00000000000000000000
0.25000000000000000000
0.00001017252604166667
0.00000000000010105497
0.00000000000000000000
0.00000010596381293403
0.00000000000970127682
0.00000000000000004934
0.00000000000000000000
0.12500000000000000000
0.00000000331136915419
0.00000010596381293403
0.00000005298190646701
0.00000000000000000000
0.00000003973642985026
0.06250000000000000000
0.00000254313151041667
0.00000000000000000000
0.00000000000000000001
0.00195312500000000000
0.00000000000000000005
0.00000000000000000103
0.00000000000000000077
0.00000000000000019737
0.00000190734863281250
0.00000000000161687947
0.50000000000000000000
0.00000000165568457709
0.00000000000000000000
0.00006103515625000000
0.00000000000000004934
0.00000000000001894781
0.00000000000000000001
0.00000000000000002467
0.00000000000000000000
0.00000000331136915419
0.00000000000000009869
0.00000000000000004934
0.00000000000485063841
0.00000000000000000005
0.00000010596381293403
0.00000000000000000000
0.00000000000000000019
0.00000000000000078949
0.00000000000000000000
0.00000000000000019737
0.00000000002587007152
0.00000000000000000000
0.00000000662273830838
0.00032552083333333332
0.00000000000080843973
0.00000000000161687947
0.00000000000000000000
0.00000000000000009869
0.00000000496705373128
0.00000084771050347222
0.00000000000000009869
0.00000000003880510728
0.00000000000000000005
0.00000000000000000005
0.00000010596381293403
0.00000000165568457709
0.00000000000000000000
0.00000000000000000103
0.00000000000000000000
0.00000000000053895982
0.00000003973642985026
0.00000000000000000017
0.00000000000000000005
0.00000000000080843973
0.00000000000000000039
0.00000000000485063841
0.00000000001940255364
0.00000000015522042910
0.00000000000000000000
0.00000005298190646701
0.00000000000161687947
0.00000001324547661675
0.00000000000005052748
0.00000000000000000000
0.00000000000000000005
0.00002034505208333333
0.00000000000007579123
0.00000000000485063841
0.00260416666666666652
0.00000000248352686564
0.00000010596381293403
0.00000000000000019737
0.00000000000000000000
0.00000000000000000000
0.00000000000000000000
0.00000000000000000103
0.00000001324547661675
0.00000000000000000039
0.00000021192762586806
0.00000000000000000000
0.00097656250000000000
0.00000000000000000000
0.00000000000000000000
0.00000000015522042910
0.00000000031044085821
0.00000000000000000000
0.00000000002587007152
0.00000000000000000000
0.00000000000000000001
0.00000000000121265960
0.00000000000000000000
0.00000000000000000009
0.00000000000000000000
0.00000000000020210993
0.00000000000000000005
0.00000381469726562500
0.00000000082784228855
0.00000000000485063841
0.00000000000000002467
0.00000000000323375894
0.00000000000000000000
0.06250000000000000000
0.06250000000000000000
0.00000000000000000000
0.50000000000000000000
0.00260416666666666652
0.00000000000000000000
0.00000047683715820312
0.00000000000000000001
0.00000000082784228855
0.00000000000000000000
0.00000000000000000000
0.12500000000000000000
0.00000000000000039475
0.00000127156575520833
0.00000015894571940104
0.00000000015522042910
0.00000000000000000617
0.00000000000000000000
0.00000010596381293403
0.00000000000020210993
0.00000000000000000000
0.00000000000000000051
0.00000000000000000000
0.00000000000000000617
0.03125000000000000000
0.00012207031250000000
0.00000007947285970052
0.00000000000000039475
0.00000010596381293403
0.00000001986821492513
0.00000000000000000002
0.00000000662273830838
0.00000000496705373128
0.00000000000000000000
0.00000010596381293403
0.00000000000000000000
0.00390625000000000000
0.06250000000000000000
0.00000000000000009869
0.00012207031250000000
0.50000000000000000000
0.00000000000000000000
0.00000000331136915419
0.00000000000000000019
0.00000000331136915419
0.00000003973642985026
0.00781250000000000000
0.00000010596381293403
0.00000000000000473695
0.00000000000000000000
0.50000000000000000000
0.12500000000000000000
0.00000000165568457709
0.00000000000000947390
0.00000000000000947390
0.00000000000000000000
0.00000015894571940104
0.00000000000000000103
0.00000000000000000000
0.00000000662273830838
0.00000190734863281250
0.00000000000000000000
0.00000000000000000001
0.00000000000000000000
0.00000002649095323351
0.06250000000000000000
0.00000000000000000000
0.00000000000000000005
0.00000000000000000000
0.00000000000000000077
0.00000000000000000000
0.00000000000646751788
0.00000010596381293403
0.00000000000000002467
0.00001525878906250000
0.00000000000000000000
0.00000000000000000000
0.00000000000000000005
0.00000000000000000004
0.00000000000000000000
0.00000000000000000005
0.00000000000000000077
0.00000000000485063841
0.00000000000000009869
0.25000000000000000000
0.00000000000000473695
0.00000000000000004934
0.00000000000000000000
0.00000000000030316490
0.00000000124176343282
0.00000000000000000005
0.00000000000000004934
0.00000000000000000000
0.00000000000000000000
0.00000000000000000000
0.00000000000001894781
0.00001525878906250000
0.00000000000000000000
0.00000000000003789561
0.00000000000000009869
0.00000000020696057214
0.00260416666666666652
0.00130208333333333326
0.00000000000000004934
0.00000000000000000000
0.00000000496705373128
0.00000000993410746257
0.00000000000000004934
0.00000010596381293403
0.12500000000000000000
0.01562500000000000000
0.00000000000000000308
0.00097656250000000000
0.00048828125000000000
0.00000000000161687947
0.00000000000000000005
0.00000000000000000002
0.00000000000000000000
0.00000000000000000000
0.00000000000000000000
0.00000000000000019737
0.00000000000000000000
0.00008138020833333333
0.00000000000000000039
0.00012207031250000000
0.00000000000000078949
0.00000000993410746257
0.00000000000161687947
0.00001525878906250000
0.00000127156575520833
0.00032552083333333332
0.00000000000485063841
0.00195312500000000000
0.00000000000000000000
0.00000000000161687947
0.00000015894571940104
0.00006103515625000000
0.00000000000000000077
0.00000000000001894781
0.00000000165568457709
0.00000000000030316490
0.00000000000000000000
0.00000000000000000000
0.00000021192762586806
0.00000000001293503576
0.00000000000000473695
0.00000002649095323351
0.00012207031250000000
0.00000005298190646701
0.00001525878906250000
0.00000000000000000000
0.00006103515625000000
0.00000000000000000000
0.00000021192762586806
0.00000000000000000002
0.00000000000000000000
0.00000000000000000000
0.00000000000000078949
0.00000000001293503576
0.00000000000000000005
0.00000000000000000001
0.03125000000000000000
0.00004069010416666666
0.00000000000000000000
0.00000010596381293403
0.00000000000000000000
0.00000000000000000000
0.00000000000000000617
0.25000000000000000000
0.00000042385525173611
0.00000000000000000001
0.00000000000000000000
0.00000000020696057214
0.00000000000007579123
0.00000000000000000617
0.00000000000000000000
0.00000000000000000000
0.00000000000000000039
0.00000000000000000000
0.00000000000001894781
0.00000000000000000000
0.00000000000000000039
0.00000021192762586806
0.00000000000000000001
0.00012207031250000000
0.00195312500000000000
0.00000000000000000000
0.00000000000000000000
0.00000047683715820312
0.03125000000000000000
0.00000000000000000000
0.00000000000000000000
0.00000000000000000001
0.00000000000000000000
0.00000000000000039475
0.00000000000000078949
0.00000000000030316490
0.00000000005174014303
0.00012207031250000000
0.00000000000000000001
0.00000000020696057214
0.00000000041392114427
0.00032552083333333332
0.00000000000000009869
0.00000254313151041667
0.00000000000000631594
0.00000000000000000000
0.00000000020696057214
0.00000000000001894781
0.25000000000000000000
0.00000000000000019737
0.00000190734863281250
0.00000000000000947390
0.00000000000000000000
0.00000000000000000005
0.00000000000010105497
0.00000000031044085821
0.00000000000000473695
0.00000000031044085821
0.00008138020833333333
0.00000000000000004934
0.00000000165568457709
0.00000010596381293403
0.00000000000161687947
0.00000000000000000000
0.00000000000000000000
0.00000000000000000001
0.00000000000000000000
0.00024414062500000000
0.00000000000005052748
0.00000000000000000002
0.00000000001940255364
0.12500000000000000000
0.00390625000000000000
0.25000000000000000000
0.00000000000000000103
0.00000000000000000103
0.00000047683715820312
0.00000000000000000000
0.00000000000000000005
0.01562500000000000000
0.00000000000000000000
0.00000000001293503576
0.00000000000000000000
0.00000000000000000077
0.00000000000121265960
0.00000508626302083333
0.00000000000000000002
0.50000000000000000000
0.00000000000000000103
0.00781250000000000000
0.00000000000000118424
0.00000000000000000000
0.00000000082784228855
0.00000000000000000617
0.00012207031250000000
0.00000000000000000000
0.00000000000000004934
0.00000000000000000000
0.00000000010348028607
0.00000000000000000000
0.00130208333333333326
0.00000000000000000000
0.00000084771050347222
0.00000000000007579123
0.00000000124176343282
0.00000000000000000001
0.00006103515625000000
0.00000000000000000005
0.00000000000000000000
0.00000000000000000019
0.00000001986821492513
0.00000000000000000000
0.00000000000000000617
0.00000084771050347222
0.00000000000646751788
0.00000000020696057214
0.00000000000001263187
0.00000000000007579123
0.00000000000000000000
0.00000000000000000000
0.00000000000000000005
0.00000000000000000000
0.00000000000000000000
0.00000000000000000000
0.00000000000003789561
0.00000001324547661675
0.00000000015522042910
0.00000000000000000002
0.00000000000000019737
0.00000000002587007152
0.25000000000000000000
0.00048828125000000000
0.00000000000000000000
0.00000000000000000103
0.00048828125000000000
0.00130208333333333326
0.00002034505208333333
0.00000000000000000617
0.12500000000000000000
0.00006103515625000000
0.00000000082784228855
0.00000000000000000000
0.00000000000000019737
0.00000084771050347222
0.00000381469726562500
0.00000000000000000077
0.00000000000030316490
0.00000000000000000000
0.00000000000000000308
0.50000000000000000000
0.00000000000000039475
0.00000762939453125000
0.00000000000000000000
0.00000000000000000000
1.00000000000000000000
0.00032552083333333332
0.00000000000000000000
0.00001525878906250000
0.00000000000000000000
0.01562500000000000000
0.00000000000000000077
0.12500000000000000000
0.00000000000000000000
0.00000000000000000000
0.00000000000001894781
0.00000000000485063841
0.00000000000000000000
0.00000000000000000103
0.00001525878906250000
0.00000000496705373128
0.25000000000000000000
0.00000000000000000000
0.00006103515625000000
0.00000000000485063841
0.00000000000000000000
0.00000000000000009869
0.00000000020696057214
0.00000000000000000005
0.00000000000000000000
0.00000000000000000000
0.00000000000000000002
0.00000000000000000000
0.00000000000161687947
0.00000000000000000000
0.00000000000000000009
0.00000000000000019737
0.00000047683715820312
0.00000000000000000009
0.00000001324547661675
0.00000000000000000000
0.00000000000000000019
0.00000000000000000000
0.00000000000000059212
0.00000000000485063841
0.00000000000000000000
0.25000000000000000000
0.12500000000000000000
0.00000000000161687947
0.00000000000040421987
0.00000000000000000000
0.00097656250000000000
0.00000000000000000000
0.00097656250000000000
0.00006103515625000000
0.00195312500000000000
0.00000084771050347222
0.00000000020696057214
0.00000000000970127682
0.00006103515625000000
0.00000005298190646701
0.00000000000000000617
0.00000000000000000617
0.00000000000000000002
0.00012207031250000000
0.00260416666666666652
0.00012207031250000000
0.00000000000000000000
0.00000000000000315797
0.00000000000001894781
0.00000000000485063841
0.00000042385525173611
0.00000000000000118424
0.00024414062500000000
0.00000000000000000000
0.00000000000000078949
0.00000000000000001234
0.00000127156575520833
0.00000000000323375894
0.00000000031044085821
0.00000000000000000001
0.00000000993410746257
0.00000000001293503576
0.00000000000000000000
0.00001525878906250000
0.00000000000000000000
0.00000000000000000000
0.00000000000000019737
0.00000010596381293403
0.00000000993410746257
0.00000000000000059212
0.00000000000000000000
0.00000000000000001234
0.00000000000000000000
0.00000000000000000617
0.00000000000000000000
0.00000000000002526374
0.00000000000000059212
0.00000000000000000039
0.00390625000000000000
1.00000000000000000000
0.00000042385525173611
0.00000000000000000000
0.00000000000000000000
0.00000000000000000000
0.00000000000000000000
0.00000000000000000002
0.00000000000001263187
0.00000000000000000617
0.00000000000000000000
0.00000000000000000000
0.00000000000001894781
0.00000000000000000154
0.00000190734863281250
0.00000084771050347222
0.00000042385525173611
0.00000000000040421987
0.00000000000080843973
0.00000000000000000039
0.00000381469726562500
0.00000000000485063841
0.00000000000000000009
0.00000000331136915419
0.00000000000000000000
0.00000000000000000154
0.00000000082784228855
0.00000000000010105497
0.00000000000007579123
0.00000015894571940104
0.00000000000000000000
0.00000000000002526374
0.00000000000000000000
0.00002034505208333333
0.00000000015522042910
0.00000000000000059212
0.00000000000000000005
0.00000000000000001234
0.00000000000000000000
0.00000000000161687947
0.00000254313151041667
0.00000010596381293403
0.00000000000000002467
0.00000000000000000039
0.00000000000000118424
0.00000000000485063841
0.00000084771050347222
0.00000000000000000000
0.00000000000000236848
0.00000000000000000000
0.00000010596381293403
0.00000000000000473695
0.00000000000000000000
0.00000000000000000000
0.00000000000000000000
0.00000000000000000308
0.00032552083333333332
0.00000000062088171641
0.00000000000000019737
0.00000000082784228855
0.00000000000000000000
0.00000000000000000001
0.00000000082784228855
0.00000000000010105497
0.00000000000000000000
0.00000000000000000000
0.00000047683715820312
0.00000000000001263187
0.00000000331136915419
0.00000000000000000000
0.00000000000000000000
0.06250000000000000000
0.00000000000485063841
0.00781250000000000000
0.00000000000000000000
0.00048828125000000000
0.00000000000005052748
0.00000000000000000000
0.00000000993410746257
0.00000000000485063841
0.03125000000000000000
0.00024414062500000000
0.00000000000000000000
0.00000000000485063841
0.00000000007761021455
0.00000000000000004934
0.00000000000000000000
0.00000000165568457709
0.00000000000000000000
0.00000000000000000001
0.00000000000000000000
0.00000000000000004934
0.00000000000000000000
0.00000000000000000051
0.00000000000000000000
0.00000000000000000000
0.00000000000000000000
0.00000000000000000000
0.00000000000000315797
0.00000000000323375894
0.00000000000005052748
0.00000000000000004934
0.00000000000000000000
0.00000084771050347222
0.00004069010416666666
0.00000000000000315797
0.00000000000000000000
0.00000000000000000005
0.00012207031250000000
0.00000000000000000617
0.00000000000000000000
0.00000000000000000000
0.06250000000000000000
0.00000000496705373128
0.00000000002587007152
0.00000000010348028607
0.00000000000000000039
0.00008138020833333333
0.00000000000053895982
0.00000001324547661675
0.00000000000000000000
0.00000381469726562500
0.00000000000010105497
0.00000047683715820312
0.00000000002587007152
0.00000000000000000000
0.00000000000000000000
0.00000000662273830838
0.00000001324547661675
0.00000000000000000000
0.06250000000000000000
0.00000000000000000000
0.00000000062088171641
0.00000000010348028607
0.00000000000000000005
0.00000000000000473695
0.00000000000002526374
0.00000084771050347222
0.00000005298190646701
0.00000762939453125000
0.00000000000000000000
0.00000000001940255364
0.00001525878906250000
0.00001525878906250000
0.00000003973642985026
0.00000000000000000617
0.00000000000485063841
0.00000001324547661675
0.00000000000000000005
0.00000000000000000617
0.00012207031250000000
0.00000000000000000000
0.00000005298190646701
0.00000762939453125000
0.00000000000485063841
0.00000000000121265960
0.00000000000485063841
0.00000000000000000039
0.00000000000000000005
0.00000042385525173611
0.00000000000485063841
0.00000000000000000000
0.00000000000000000000
0.00000010596381293403
0.00000000082784228855
0.00000000000323375894
0.00012207031250000000
0.00000000000000000000
0.00097656250000000000
0.00000000331136915419
0.00000007947285970052
0.00000000000000000000
0.00000000000000009869
0.00000000000000000000
0.00024414062500000000
0.03125000000000000000
0.00000000000020210993
0.00000000496705373128
0.00000047683715820312
0.06250000000000000000
0.00000000082784228855
0.00000000000000009869
0.00000000000000039475
0.00000000000000000617
0.00000000000000039475
0.00000000000002526374
0.00032552083333333332
0.00000000000000473695
0.00000254313151041667
0.00000000000000000103
0.00000000331136915419
0.00000000000000000617
0.00000000010348028607
0.00003051757812500000
0.00000000000002526374
0.00000000000000000000
0.00000000000000473695
0.00000000000161687947
0.00000000000000000039
0.00000000000000000000
0.00000000000010105497
0.00000095367431640625
0.00000000000000000000
0.00000000000000009869
0.00000000005174014303
0.00000000000005052748
0.00000000000000004934
0.00000000000000000001
0.00000000496705373128
0.00000000000121265960
0.00000000000000000010
0.00000000000000009869
0.00000000000000000000
0.00000000000000000004
0.00000000000000000000
0.00000000000000019737
0.00000000000000000000
0.00000000000001894781
0.00781250000000000000
0.00000000000646751788
0.00000000000000000000
0.00000000002587007152
0.00000000000000000000
0.00000000000000473695
0.00000000000000000000
0.00000047683715820312
0.00000000000161687947
0.06250000000000000000
0.00000000000000000617
0.01562500000000000000
0.00000000020696057214
0.00000000000000000000
0.00000000000000000617
0.00000015894571940104
0.00000000000000000000
0.00390625000000000000
0.00000000000242531920
0.25000000000000000000
0.00097656250000000000
0.00065104166666666663
0.00000000000000000617
0.00000047683715820312
0.00000000000000009869
0.00000000000000000000
0.00000000000000000000
0.00000010596381293403
0.00000000000000000000
0.00000000000646751788
0.00000381469726562500
0.00000000000000000000
0.00000084771050347222
0.00065104166666666663
0.00000000000000039475
0.00000000031044085821
0.12500000000000000000
0.00000000000323375894
0.00016276041666666666
0.00000000000000000000
0.00000000000000000000
0.00000254313151041667
0.00000000001293503576
0.00000000000000000617
0.00000010596381293403
0.00000000000020210993
0.00000000000000000000
0.00000000000020210993
0.00000190734863281250
0.00000000000161687947
0.00000000000000000000
0.00000000000001263187
0.00000000000000473695
0.00000000000002526374
0.00000000000000059212
0.00000000000000000617
0.00000000000000000617
0.00000000015522042910
0.00000000000000000001
0.00000000000323375894
0.00000000000000000000
0.00000000000000000009
0.00000000000000000000
0.00000000000000039475
0.00000000000000000000
0.25000000000000000000
0.00000000000000000000
0.00000000001293503576
0.00000000000000039475
0.00000000000007579123
0.00000000000000039475
0.25000000000000000000
0.00000000000000000000
0.00000000000000000000
0.00000000000485063841
0.00000254313151041667
0.00000000000000000000
0.00000000000000059212
0.00000000000000009869
0.00002034505208333333
0.00000000000000000000
0.00781250000000000000
0.00000000000000019737
0.00000000000000000000
0.00000000000000004934
0.00000000331136915419
0.00048828125000000000
0.00000047683715820312
0.00006103515625000000
0.00000000000010105497
0.00000000000080843973
0.00006103515625000000
0.00000001986821492513
0.00000762939453125000
0.00000000000001894781
0.00000000000053895982
0.00000000003880510728
0.00000000000000000000
0.00000000000040421987
0.00000000041392114427
0.00000000000000000000
0.00000000000000000002
0.00000000662273830838
0.00000000000000000001
0.00000000000000000000
0.00000000000000000039
0.06250000000000000000
0.00000000000000000000
0.12500000000000000000
0.00000000000000000000
0.00000000000000000039
0.00000000000000000000
0.00000000000000000617
0.00000000000000000000
0.00000000001940255364
0.00000000000000000005
0.00000000000000009869
0.00000000031044085821
0.00000000000007579123
0.00000001324547661675
0.00000002649095323351
0.25000000000000000000
0.00000000000000000000
0.00000000000000000000
0.00097656250000000000
0.00000010596381293403
0.00000000000000000000
0.00195312500000000000
0.00000000000485063841
0.00000000000000000000
0.00000000000000000000
0.06250000000000000000
0.00000000000000631594
0.00000000000000000000
0.06250000000000000000
0.00000000000000000000
0.00000000000000000000
0.00000000000000000001
0.00260416666666666652
0.00000000000000000000
0.00000000248352686564
0.00000000000000000000
0.00000000010348028607
0.00000000000000000000
0.00000762939453125000
0.00002034505208333333
0.00000000000000001234
0.00000000000000001234
0.00000000000000059212
0.00000000000005052748
0.00002034505208333333
0.00000000000000000001
0.00097656250000000000
0.00000000000000000000
0.00000003973642985026
0.00000000000000039475
0.00000000000000000000
0.00000000000000000017
0.00000095367431640625
0.00000000000485063841
0.12500000000000000000
0.00000000000000019737
0.01562500000000000000
0.00000010596381293403
0.00000000000000000005
0.00000000000000000000
0.00000000000000000000
0.00001525878906250000
0.00000000000000236848
0.00000007947285970052
0.00000000000000000005
0.00000000000000947390
0.00097656250000000000
0.00000000000000000000
0.00000000000485063841
0.00000000000000000001
0.06250000000000000000
0.00000003973642985026
0.00000000031044085821
0.00000000000000000308
0.00000000031044085821
0.00006103515625000000
0.00065104166666666663
0.00000000000000236848
0.00000084771050347222
0.00000000000000000154
0.00000000001293503576
0.00000000000000039475
0.00000000000000009869
0.00000000000000000001
0.00065104166666666663
0.00000000000000000000
0.00000000000000000002
0.00000000000000000005
0.00000001986821492513
0.00000000000000000001
0.00000000000000000001
0.00012207031250000000
0.06250000000000000000
0.00000000000000002467
0.00000000000000019737
0.00000000000000000000
0.00000000000000236848
0.00000000000015158245
0.00000000000000000000
0.00000005298190646701
0.00000000000485063841
0.00000000000121265960
0.00000000002587007152
0.00195312500000000000
0.00000000000161687947
0.00000000000000000000
0.00000000000000000308
0.00000000000000000000
0.00000000000000000000
0.00000000002587007152
0.00000000000000000000
0.00000000000001894781
0.00000000000000009869
0.00195312500000000000
0.00097656250000000000
0.00000000000010105497
0.00032552083333333332
0.00000000000000000000
0.00000000000000000039
0.00000000000000000039
0.00000000000000000000
0.00000005298190646701
0.00003051757812500000
0.00000000000000000000
0.00000000000080843973
0.00000000000000009869
0.00000000000005052748
0.00000000000040421987
0.00000000000000000000
0.00000010596381293403
0.00000000000010105497
0.00000000000000000019
0.00000000000000000000
0.00000000000000000000
0.00004069010416666666
0.00000000000000000000
0.00000000082784228855
0.00024414062500000000
0.00000000000000000000
0.00000000993410746257
0.00000000000080843973
0.00000000000000000617
0.00048828125000000000
0.00000095367431640625
0.00000042385525173611
0.00000000000000000000
0.00000000000000947390
0.00000000000001894781
0.00000010596381293403
0.00048828125000000000
0.00000000000000000005
0.00000000000485063841
0.00000000000000000010
0.00000005298190646701
0.25000000000000000000
0.00000084771050347222
0.00000000000000000000
0.00000000000000000000
0.00000000000000000000
0.00000000000000000039
0.00000000000000009869
0.00000000000485063841
0.00000000000000000000
0.00000003973642985026
0.00000000000030316490
0.06250000000000000000
0.00000010596381293403
0.00000000000000000005
0.00000000000000000000
0.00000000000000000051
0.00000000001940255364
0.00000000000000009869
0.00000000000000947390
0.00000000001940255364
0.00000095367431640625
0.00000000000000039475
0.00000000000005052748
0.00000001324547661675
0.00000000000000000000
0.25000000000000000000
0.00008138020833333333
0.00000000000000004934
0.12500000000000000000
0.00024414062500000000
0.00000000007761021455
0.00000000000000000000
0.00000042385525173611
0.00000000000000000000
0.00000001324547661675
0.00000000000000000000
0.00000000000000059212
0.00000000000000000000
0.00000000000323375894
0.00000000000000000617
0.00000000003880510728
0.00000021192762586806
0.00000000000000000000
0.00000000000485063841
0.00000000000646751788
0.00000000000000019737
0.00000000000000000000
0.00000000000000000000
0.00000000000000000000
0.00000000010348028607
0.00000000000000004934
0.00000000015522042910
0.00000000000015158245
0.00000000000000000039
0.00000000000000000002
0.00000000000000000005
0.00000000020696057214
0.00000021192762586806
0.00000000000000000000
0.00000000000000000000
0.00000000000000000308
0.00000000000020210993
0.00000000010348028607
0.00000000000000000000
0.00000000331136915419
0.00000000000000039475
0.00000000000000000000
0.00000000496705373128
0.00000000000000000000
0.00000000001293503576
0.00000000000000000005
0.00000000000000000617
0.00000000331136915419
0.00000000000161687947
0.00000000000000000000
0.00000000662273830838
0.00000000000970127682
0.00002034505208333333
0.00000000000000000617
0.00000000082784228855
0.00000007947285970052
0.00000000082784228855
0.00000000000161687947
0.00000000000002526374
0.00000381469726562500
0.06250000000000000000
0.50000000000000000000
0.00000000000646751788
0.00000000000000000000
0.00000000000485063841
0.00012207031250000000
0.00000000000000473695
0.00000010596381293403
0.00000000000000000000
0.00000000000030316490
0.00000000000000000000
0.00000000000000000000
0.00000000000000004934
0.00000000000020210993
0.00000042385525173611
0.00003051757812500000
0.00000000000970127682
0.00000000331136915419
0.00000000000000000000
0.00000000000242531920
0.00000000000060632980
0.00097656250000000000
0.00000000000000000000
0.00000190734863281250
0.00000000000001894781
0.00000000000000000000
0.00000000000485063841
0.00000000000000059212
0.00000003973642985026
0.00000000000000000000
0.00000000000000000000
0.00000000000000059212
0.00000000000000000000
0.00000000000000000002
0.00000000000000000000
0.00000000000020210993
0.00000000000000000002
0.00000001986821492513
0.00000000000000000000
0.00000000000000039475
0.00000000000000000000
0.00000000000080843973
0.00000000000000000000
0.00000000000001894781
0.06250000000000000000
0.00000000000000000000
0.00000000000000000019
0.00000000331136915419
0.00065104166666666663
0.00000000000485063841
0.00000000000000001234
0.00000000000000000000
0.00000000000000009869
0.00000000000000631594
0.00000000000970127682
0.00000000000000000077
0.00000000000010105497
0.00000000000000000001
0.00000000000000000000
0.00000000000323375894
0.12500000000000000000
0.00000000000000000001
0.00000000000000000001
0.00000000001293503576
0.00001525878906250000
0.00000000000000000000
0.00000000000000000000
0.00000000000000000039
0.00000000000000000002
0.00000000000000000103
0.12500000000000000000
0.00000000000000000000
0.00000042385525173611
0.00000000000000000000
0.00000000000000000000
0.00000000005174014303
0.00000000000020210993
0.00000000000000000000
0.00000508626302083333
0.00000000000001894781
0.00000000000000078949
0.00000000000000039475
0.00000000000000000000
0.00000000000000000000
0.00000254313151041667
0.00000000020696057214
0.00000010596381293403
0.25000000000000000000
0.00012207031250000000
0.00000000000000631594
0.00000000000000000000
0.00001017252604166667
0.00000000000000000000
0.00000381469726562500
0.00000190734863281250
0.00000000000040421987
0.00000000000161687947
0.00000000020696057214
0.00004069010416666666
0.00000001324547661675
0.06250000000000000000
0.00000000000000000000
0.00000000000000000000
0.00781250000000000000
0.00012207031250000000
0.00000000331136915419
0.00000000000000000001
0.00000084771050347222
0.00000000000000000617
0.00000000000000000000
0.00000000020696057214
0.00000000000000315797
0.00000000000000000000
0.00000000000000000077
0.00000000000000000077
0.00000000000000000039
0.00000000000000000051
0.12500000000000000000
0.00000042385525173611
0.00000000000000009869
0.00000000000646751788
0.00000084771050347222
0.00000000001940255364
0.00000000000000019737
0.00000000000000000019
0.00048828125000000000
0.01562500000000000000
0.00000000000002526374
0.00000000000000004934
0.00000000000000000000
0.00000000000015158245
0.00000000000000000000
0.00000000000000000005
0.00000084771050347222
0.00000000000161687947
0.03125000000000000000
0.00048828125000000000
0.00000000000000000000
0.00000000000000000000
0.00000000002587007152
0.00000047683715820312
0.00000000000000000000
0.00000000000121265960
0.00000000062088171641
0.00004069010416666666
0.00000015894571940104
0.00000000000000000617
0.00000000000000000039
0.00000000000000000000
0.00000000000000000000
0.00000000000000000000
0.00000000000000000000
0.00000084771050347222
0.00000000000010105497
0.00000000001293503576
0.00000000000007579123
0.00000000000000000000
0.00000000000000000000
0.00097656250000000000
0.00000047683715820312
0.00390625000000000000
0.00000000000000000000
0.00001525878906250000
0.00000000000161687947
0.00000000000000000000
0.00000000496705373128
0.00000000000000078949
0.00000000000000000000
0.00000000000000000000
0.06250000000000000000
0.00000000000000019737
0.00000000000000000019
0.00024414062500000000
0.00000000000000000000
0.00000000000485063841
0.00000000000000000000
0.00000000662273830838
0.00000000000000000039
0.00000000000000000001
0.00000000000000000000
0.00000000000000000000
0.00000000124176343282
0.00000000000121265960
0.00000000000000000000
0.00130208333333333326
0.00000000000000009869
0.00000000000000000010
0.00000000993410746257
0.00000000000000000000
0.00000000000000009869
0.00000000000000019737
0.00000000000000002467
0.00006103515625000000
0.00000005298190646701
0.00000000000485063841
0.00000000000000000039
0.00000000000000000000
0.00000000000000000000
0.00000000000970127682
0.00000000000000000000
0.00000047683715820312
0.00000000000060632980
0.00000000020696057214
0.00000000000000000002
0.00000001986821492513
0.00000000000000000617
0.00000000000000000000
0.00000000000000000000
0.00000000000010105497
0.00000000000000000004
0.00000000000000000000
0.00000000000000000000
0.00000000000000000000
0.00000000000007579123
0.00000000000000000077
0.03125000000000000000
0.00000000000000473695
0.00000000000000009869
0.00000000001293503576
0.00000000082784228855
0.00000000000000000000
0.00000000000000000000
0.00000000001293503576
0.00003051757812500000
0.00000000001293503576
0.00000000000000000001
0.00000095367431640625
0.00000000000000000000
0.00000000082784228855
0.00000000000010105497
0.00000000000000004934
0.00000000000005052748
0.00000001324547661675
0.00000000662273830838
0.00000000000001894781
0.00000000000000000000
0.00000000000000000000
0.00130208333333333326
0.00000000000000000001
0.00006103515625000000
0.00000000000000000039
0.00000000000007579123
0.00000047683715820312
0.00000000000000000000
0.00000000000007579123
0.00000000000000000001
0.00000000000000000005
0.00000000000000000000
0.00000000000000000103
0.00000010596381293403
0.00000000000020210993
0.00000000000000000009
0.00000000000000019737
0.00000000000000000103
0.00000000000000000000
0.00000000005174014303
0.00000000000000473695
0.00097656250000000000
0.00000000000007579123
0.00000000000040421987
0.00000000496705373128
0.00000000020696057214
0.00000000000000004934
0.00000000015522042910
0.00000000000000000000
0.00000000000000000000
0.00000000000000000103
0.00024414062500000000
0.00000000000020210993
0.00000000010348028607
0.00000000000000000005
0.00000000000000000001
0.00000000000000000001
0.00000000000000000000
0.00000010596381293403
0.00000000000000001234
0.00000000000005052748
0.00000000000485063841
0.00000000000000000001
0.00000000000000000001
0.00006103515625000000
0.00000000000000000000
0.00000000000000009869
0.00000000001940255364
0.00000000000030316490
0.01562500000000000000
0.00000000000000000000
0.00000000000000000000
0.00000000000000000019
0.00000000331136915419
0.00000000020696057214
0.00000000000000000000
0.00000000000000000308
0.12500000000000000000
0.00260416666666666652
0.00000000331136915419
0.00000000000000947390
0.00000000000005052748
0.06250000000000000000
0.00000000000000000000
0.00000381469726562500
0.00000000124176343282
0.00000000001940255364
0.00000000000000000000
0.00000000000000000000
0.00000000000000001234
0.00000010596381293403
0.00000000000015158245
0.00000000000007579123
0.00000000000000000000
0.00000002649095323351
0.00000000000000000000
0.00000000000000000000
0.00000000000000001234
0.00000000000121265960
0.00000000000000000001
0.00000000000000078949
0.00000000000000000000
0.00000010596381293403
0.00065104166666666663
0.00000000000000000000
0.00000000000000000000
0.00000000000000000000
0.00000000000000000000
0.00097656250000000000
0.00000000000000000000
0.00000000000000000000
0.00000000010348028607
0.25000000000000000000
0.00000000000000004934
0.00000508626302083333
