2000 2000 2000
933597 78 8854
92121 30 1673
171630 92 4952
899720 4 3663
356353 36 5988
937523 97 837
825085 66 2338
419764 12 6118
397496 85 8400
568577 30 7447
343167 57 3842
293480 91 2012
57720 59 1455
817233 85 1213
810315 9 2579
503501 9 6884
686291 83 2974
491447 61 8086
380465 27 5478
41897 99 7976
766168 16 94
105951 62 7132
333660 58 7802
18764 53 2860
457510 90 811
322283 10 4167
438628 50 3541
134845 94 3300
821344 4 9476
810533 41 1687
939255 24 6307
219702 66 5726
383904 17 9763
280030 17 2046
91835 15 6913
758453 12 7236
215720 28 1074
268245 72 9322
496835 33 2545
716038 93 4172
81330 24 5995
845853 26 4209
642219 67 300
247270 99 7360
172206 14 3236
461527 19 6182
711815 19 1421
740759 7 1872
503984 3 9380
992479 39 2655
201324 44 8202
931820 44 1743
651425 26 7549
467646 25 7620
280699 45 9121
17269 9 9818
344492 70 29
614141 81 8444
737812 84 2418
767679 76 4848
717502 66 7047
500560 43 7775
398409 39 406
290686 84 7989
169151 97 9623
409490 94 1236
771476 87 5325
83670 77 9254
485150 30 442
19388 94 7745
186328 91 4032
983119 85 9922
950223 49 6120
462213 45 1763
608935 35 6334
799163 57 3193
190972 7 4859
789761 60 4437
544536 26 520
836855 23 3825
600771 34 7818
820395 88 4842
233727 29 5959
91037 56 75
402963 29 18
11248 27 6725
966913 30 562
795347 45 5839
152562 21 5694
67577 70 7619
394494 67 7425
96563 25 4206
793721 93 881
287700 2 7648
64517 65 7133
640902 49 7282
350811 25 213
367581 47 6885
64275 17 1509
218085 46 7382
583753 59 3799
765433 92 1601
92062 93 7111
110811 5 7407
193539 97 6694
769664 26 3506
855173 70 3257
350832 19 7123
764278 84 730
295972 50 6077
353934 18 4705
366642 3 935
59024 49 4570
233364 40 2279
84883 51 2540
626952 59 9723
716920 56 2235
259504 27 9890
224721 84 2636
363047 44 7986
204012 77 4870
293276 40 6724
828210 84 102
601317 22 7169
162582 100 6319
443794 22 16
982358 6 738
207733 33 5699
621488 91 479
853490 50 8272
830988 91 7295
886184 37 5773
621073 62 4541
156329 82 9363
632726 9 3667
802567 81 5860
158559 90 983
9868 16 3933
392624 32 6195
151896 4 1305
1478 84 5896
301907 95 6433
431422 55 5071
448825 35 3493
531026 67 6093
688560 56 3011
952656 60 2268
556484 33 5929
963842 67 1978
843729 65 1122
131688 51 5758
300949 44 8262
694345 48 9177
75758 27 5721
18820 69 4587
951176 21 6667
558894 2 8367
930106 50 6239
559254 5 5748
122657 83 3328
806201 58 3443
326249 40 1287
612135 53 5115
494096 9 2170
562459 54 2900
220437 10 9458
816986 48 4478
926813 9 6162
19078 76 69
503777 25 3783
307345 41 8224
539270 4 3648
937070 33 8326
124508 81 2956
332129 68 9674
788051 78 6745
812835 99 7847
367737 75 6566
390372 49 9803
757343 56 9742
692434 26 8836
488780 77 5545
536784 21 6834
965114 90 2745
845749 80 6859
453035 69 1246
871516 91 877
469340 85 194
732176 36 5601
104841 7 2203
866121 9 9573
212860 37 788
364469 42 3536
363094 88 9170
567425 47 6014
224497 1 605
206953 27 5333
961774 40 5876
198297 18 3096
318206 44 479
881151 69 3164
862633 92 3934
621430 83 2244
907028 79 2012
809343 75 3764
635556 11 9902
367065 55 1590
754439 24 1134
210557 48 2604
364839 69 2634
107112 70 7504
484009 85 156
509012 8 7737
771469 27 8888
954965 90 6881
584666 19 2675
876193 8 7363
843144 47 2557
227632 77 7124
631373 28 4707
429175 9 9349
622076 52 2055
950819 66 3183
263356 100 9225
902855 90 8136
867176 3 2579
729842 91 2008
414291 9 9349
630449 67 7602
854085 1 8650
276070 2 372
645401 55 6328
58817 69 282
809910 59 367
351341 61 5614
970706 33 3588
36007 17 9213
317843 70 6073
828177 81 5974
516819 17 1617
286737 86 2556
383359 27 7688
717776 99 3298
445165 75 9320
553441 35 9459
538418 28 769
642093 16 9938
73322 11 1314
477976 95 5644
945995 12 6171
358221 67 3534
332350 97 2203
486416 71 7310
601959 81 968
422059 22 8836
573458 54 6233
29431 54 426
465501 83 5588
512696 61 4244
985423 52 6699
260261 62 9389
786630 14 1112
361365 20 4487
682245 63 1717
645199 72 5681
456028 62 7988
2540 42 8901
565544 11 6071
902873 17 2660
811834 52 5405
224683 17 9017
364641 57 1626
171329 50 5092
429202 3 7335
199905 10 5326
183331 94 8123
674019 12 478
221838 65 1262
48672 11 5190
675309 11 3874
94906 2 2318
547680 40 9514
560603 85 7049
125267 86 1986
536495 46 1803
772074 75 2366
246715 51 578
563849 9 7309
352069 88 1625
770311 22 9873
729549 48 6873
419011 13 2435
697129 16 6711
355650 68 7878
248415 65 85
995476 55 7450
834837 69 7772
562331 82 267
924332 54 8371
173539 18 3475
589411 1 6145
18470 69 4520
478311 35 1389
168956 84 2894
333343 45 3611
70783 19 32
39762 4 2921
159537 51 6663
358674 26 4562
236352 32 3896
785192 56 2776
303775 84 7147
721721 95 3223
913346 11 6144
40116 38 8864
845986 17 3448
63287 2 9472
203733 79 7095
430884 11 4235
281373 80 3082
882834 74 2357
71459 46 1303
641674 49 6334
383471 58 8913
630430 57 9365
170310 80 5945
329503 80 2289
640257 14 9572
544772 7 3286
943479 25 4080
18592 24 5580
266556 33 742
206458 74 4518
793451 62 1467
753670 75 959
259118 54 8509
605039 56 81
59173 70 3894
94531 84 5021
705395 85 172
543238 63 3020
976349 86 7669
629764 72 8520
310426 10 5591
919355 82 2162
810674 19 70
763484 50 313
523896 75 1285
994273 69 2413
125745 67 1746
672292 40 817
137844 1 516
585155 25 837
501093 9 390
358135 38 4617
892292 56 2174
745951 65 7881
975384 17 4027
735624 21 6535
195805 81 9912
710582 36 42
536791 1 1084
209500 37 9184
82746 51 7708
826102 94 3492
381778 80 7466
627494 69 2625
944883 46 8731
992756 30 6303
257177 34 9890
615905 3 2304
558207 86 327
247870 90 3615
693954 92 5790
480470 13 6182
580410 91 1548
223682 28 2078
894833 51 791
562273 99 5104
767437 32 3265
35702 71 3520
989028 13 1021
964538 49 3543
416598 32 5562
885078 58 1546
477930 97 7944
602362 21 6189
688125 49 2269
208055 57 3382
86922 86 4973
281928 7 9579
867962 81 2517
110462 31 6526
807257 50 762
663884 82 9307
360723 2 6472
27973 31 7733
838625 23 5196
394589 26 8028
239423 46 4367
463348 49 2540
168663 99 5026
131953 8 5283
666242 30 846
347865 15 1360
487596 3 4043
435515 70 7651
974748 84 7230
390321 34 2693
758828 57 6713
261536 11 6075
871134 37 3266
721209 78 8406
797513 86 6189
73019 70 7915
785872 67 7509
435851 38 4031
824826 7 2572
965115 40 9587
597495 46 2257
627667 46 2139
883289 55 5548
285497 45 5270
667373 21 359
312159 32 9707
695003 85 8037
646661 66 5072
783317 62 6978
774772 93 5043
651984 74 3517
906256 37 9243
348441 46 1678
973497 96 2776
73392 68 1588
971144 65 2196
618733 41 479
45368 87 2109
422347 83 1048
931 97 4708
937776 87 4502
645806 62 6295
968502 67 6655
721755 86 5752
574064 16 5795
240370 38 6440
93749 84 3851
360001 87 8090
482733 76 662
551825 41 5457
108810 75 8653
977400 30 2653
89084 20 4136
868399 58 6168
837212 99 7836
850643 81 4897
567909 34 3262
36922 76 3064
560673 11 2169
416010 96 6672
495909 89 1912
744297 93 3147
52248 69 40
370624 17 4305
324695 57 2737
742558 89 3453
772204 39 9314
924872 67 3133
922851 70 8226
337007 37 1512
848781 28 3616
712618 48 3209
736507 32 8483
437995 27 5986
231229 30 2212
848243 74 2904
114228 38 6979
689070 21 9897
408355 30 6982
658896 54 4205
7295 32 942
76567 1 4673
970251 77 2895
303141 62 8891
518864 98 2674
686942 42 8942
759948 60 700
479529 97 9041
982972 36 3400
202961 24 3378
758522 27 2170
703148 92 3888
500518 42 8723
393964 45 5599
885066 10 2088
317593 66 9815
330452 28 8348
594882 61 896
793185 63 3826
958288 20 1698
43750 39 9529
270717 75 1892
883191 25 8396
104861 68 5855
814284 64 1371
330115 9 3298
694299 10 9755
666897 94 7117
236637 4 6076
980118 6 3479
573081 76 1323
727651 7 4042
385367 25 3014
381910 1 512
441235 86 8098
646717 28 7565
935930 26 6323
697203 86 4469
658984 95 8963
352585 86 2849
171679 89 4933
823122 10 9400
761929 45 6733
76321 45 2843
575512 80 8823
165604 49 6685
609033 89 1839
945726 24 2473
346559 11 3997
210121 26 6512
925343 30 7532
331033 77 2871
604995 22 3452
520930 27 8000
128491 100 2535
705079 27 1171
668638 32 5176
531726 20 364
833781 90 2140
286237 43 3655
611817 5 8644
215843 91 1106
936230 36 8266
106551 9 7181
597854 64 8491
565918 95 8482
462668 28 3252
870810 99 1256
580110 28 5874
410960 57 3674
130890 46 5356
241133 72 4576
285855 6 6213
512334 30 1677
110267 75 9967
507089 41 2641
242093 56 2704
665609 21 9736
170373 87 467
63106 49 8504
125073 1 1450
578772 94 9917
404979 97 1892
174268 85 6207
600085 63 1975
229824 26 4534
964719 42 6732
182956 38 8548
163034 52 3844
303178 42 8419
174351 29 783
860375 24 3036
487468 40 2822
675283 69 3873
816605 67 3377
805862 65 5196
449986 28 9729
375583 13 9597
249767 14 1023
200032 7 2229
529885 67 1614
291107 83 3151
136284 9 9083
621754 34 1786
127304 22 596
939235 94 791
477495 25 7496
473457 89 886
632112 60 8418
210841 80 3188
754240 29 3914
845574 42 1250
226198 66 9719
536746 80 9477
734709 87 6206
431139 86 9700
75398 29 9370
886317 74 4082
359124 57 8401
177390 9 7603
670352 18 8163
665765 88 1529
824929 21 716
689370 40 6840
990587 97 8382
101734 67 1340
335264 12 1415
14627 4 9743
418224 39 9883
964541 30 8120
907307 63 430
658608 3 3607
809749 19 2182
530815 99 3750
333025 77 4970
356104 73 1980
695027 35 4639
383855 77 7974
154384 67 4795
593829 100 800
933571 98 5087
804425 15 1232
528907 89 9826
251325 24 1512
718265 53 2856
676799 44 5796
547308 12 1390
853892 39 5496
591903 92 921
926259 58 6575
548256 35 6412
27779 81 9480
773422 33 6875
845714 69 1080
615909 14 6075
446423 75 6602
259387 57 6506
649433 52 3722
23271 6 25
295268 11 1613
626244 94 2105
2715 55 6142
512335 25 1912
945230 11 6294
935297 60 2718
739557 39 6434
860655 50 9322
281995 44 4607
258584 27 2888
861099 4 4669
767395 93 9574
465130 49 4637
167825 12 1107
44460 55 4687
793967 98 4536
986457 21 1840
948547 69 2832
375228 1 854
934901 14 4948
1644 16 3229
166792 50 184
339625 77 2707
706433 92 6188
47651 91 4496
624497 15 2829
505795 58 9127
64123 47 9491
73148 95 9408
484109 78 1373
260238 59 8005
152168 79 4192
406522 11 4700
428817 1 7337
700144 77 6807
469298 10 7846
647756 50 60
95579 36 2238
550739 2 7710
804281 24 4449
545930 10 1691
956018 52 4883
640950 35 8792
630618 44 6478
690909 72 5683
352471 41 2099
95522 27 8451
11652 61 9158
401590 24 4802
138951 98 2806
451479 90 19
530071 78 1532
579095 70 8214
964593 57 4677
622780 72 8508
58673 94 6603
779528 14 1111
396535 27 7429
262143 79 7754
392131 46 766
975941 40 896
612842 5 2427
479823 20 7883
682996 50 6639
667017 27 9554
138856 22 664
656760 69 2991
862097 73 9582
781514 2 4948
770550 38 6456
207984 80 9608
859286 77 267
779079 55 7342
444016 81 1128
35260 93 8747
466597 26 9563
842117 30 4829
196846 65 9311
970248 98 9946
571684 27 5472
281994 40 6442
357881 88 7401
766833 83 4045
173163 98 758
103645 34 2943
7922 89 1970
819456 22 1093
536830 93 6431
932689 36 3035
624856 13 6953
884603 33 4219
673884 29 157
50966 2 8080
304893 22 9678
593820 77 3394
563741 82 5870
140945 21 6214
763113 56 385
220796 27 6363
401441 91 8085
353012 27 4733
251437 48 1862
692636 3 5841
991196 5 5914
24142 32 5313
36844 75 2645
846634 99 8110
813872 25 6375
774753 84 7145
761000 99 3314
267216 72 5972
763019 98 5676
388830 3 5136
823821 67 9689
917234 23 6510
282857 73 7386
29263 87 4992
547226 82 4834
192749 46 8790
126870 47 6014
467927 92 1346
655433 56 1834
595217 41 233
989491 73 9095
124900 63 3688
631227 2 5676
315994 57 2245
540301 29 1017
955375 35 5214
961613 55 1043
207385 1 863
468753 90 1172
434612 90 4378
286632 87 9623
203815 28 11
831470 62 7369
486910 38 2967
921857 3 6652
811597 66 8782
251800 11 1349
256921 64 5404
866441 2 1255
206738 14 963
295744 98 2412
361391 93 9721
691191 35 5657
569015 51 1160
387061 51 8365
385786 57 2364
329519 52 625
906886 37 5475
224527 62 5515
452809 100 1686
835074 43 907
600199 99 8043
595438 97 5214
531756 77 9962
524894 18 1512
742565 79 9078
988917 99 5753
705933 66 7607
253027 74 1122
534105 19 6816
731319 13 8625
908584 42 6775
158741 63 9351
689517 76 787
201342 46 6732
564924 86 2746
711997 43 9880
847189 12 9109
499007 4 9960
170894 4 7455
845004 61 8461
776091 91 4657
378898 57 1282
639372 33 446
989758 57 6879
209289 37 461
360441 73 4505
957468 37 5606
454464 53 5916
998081 88 1274
752038 85 5870
767379 73 9448
77143 88 926
332574 45 4540
879200 24 4198
754427 5 9100
903408 78 5863
264414 2 2253
613907 21 9405
742223 18 1965
752335 71 248
121299 92 2741
929918 34 715
214806 88 9489
642121 64 798
472414 83 9879
242899 3 9092
195119 29 8023
98600 89 905
89323 22 9148
516160 73 2362
587101 55 1254
333247 91 9194
985940 91 4193
130146 99 7350
326453 43 4675
983617 86 9882
357938 82 9264
966156 20 991
826472 86 8189
735605 47 9815
799032 99 2518
939562 92 8994
860372 54 1673
452224 70 6447
199849 42 4827
472482 26 148
786855 85 9138
922897 87 933
564171 64 7941
58834 94 8403
981440 81 2365
500187 48 2783
653823 7 17
781864 40 7066
103710 14 8382
715538 94 8105
427662 56 7769
971834 80 4884
912845 74 6366
205361 30 3245
517609 70 1005
340310 56 7167
153944 1 3367
649842 24 6680
864440 70 2014
128970 90 1500
261008 8 3856
290554 1 9666
821768 27 7993
858360 43 878
775079 14 120
185750 54 1867
998542 60 425
325729 43 7522
724474 30 2783
711751 61 6819
173741 40 4940
186862 56 4898
259469 27 4647
445367 45 1918
42546 56 29
358749 65 5914
428124 42 3278
286663 15 6657
578267 44 3914
500605 36 6501
632110 71 8237
987292 20 9778
114722 81 2350
291614 54 8343
99716 60 7653
41600 25 2952
571124 37 7526
7216 75 5743
566518 29 6412
689480 34 1012
19284 63 1030
862731 64 4331
382415 1 859
573545 56 9407
985419 32 1346
234263 51 4394
186801 32 9100
870887 33 539
202956 91 3356
598567 7 3646
433486 94 2468
773470 22 4205
18349 78 1109
621386 8 1921
660573 95 7226
452919 26 4255
858708 76 3191
980691 16 9315
615788 10 5079
561046 32 2990
680587 56 4009
302725 23 3419
549590 22 1995
7123 89 169
421193 12 7706
193293 55 8315
732951 61 4005
132198 59 7934
650183 88 5556
519160 21 1853
280868 37 885
312098 69 3234
674667 18 2179
898314 81 9800
781255 90 7637
149018 41 7416
925643 73 6889
878794 18 9622
585732 6 7228
622957 91 7982
580450 2 9284
527653 89 5862
595545 42 7403
449147 67 2886
7120 50 6798
659937 55 993
998953 60 3734
647875 72 8133
235078 64 3122
10711 75 7544
393756 94 9707
844664 99 4044
15928 84 230
2700 96 4989
903654 10 616
416499 98 9040
166828 36 7445
253215 30 2186
800428 28 2606
119611 80 5187
258962 95 5831
659651 52 1074
687317 28 6676
125589 35 196
227491 18 5989
852611 36 6147
348224 45 7194
473149 19 1430
719035 20 2571
657805 38 9964
348524 56 9818
474195 52 7163
767047 38 6585
497809 18 4877
352575 63 3328
819001 85 8307
899428 13 7915
541463 60 50
944256 42 9715
152476 73 6178
309401 12 7084
67477 10 1211
318424 83 429
956697 40 5628
669130 87 9549
430460 1 41
647310 23 8473
765717 9 969
314389 58 5213
270593 78 5047
791361 93 378
149975 65 9694
563511 84 1761
28750 86 1476
967196 20 3350
638266 9 1607
33641 4 63
86123 87 708
776152 7 4306
636340 47 9997
221609 18 1264
332182 11 1257
176999 86 3400
819878 42 4663
478440 61 4097
209769 30 6702
591473 36 563
357407 11 7235
755936 16 4444
980502 42 6379
888996 74 442
614643 14 46
681894 17 846
905085 64 8111
837133 1 4260
796735 90 6998
906237 43 493
788268 43 8585
940421 50 5049
522566 77 2247
599818 28 7555
789879 53 4961
452534 95 6694
721109 57 2256
602616 51 415
667108 100 8365
774127 70 2035
884310 40 5440
15781 21 4151
871053 14 9546
581621 90 2305
650634 10 9692
721861 94 6163
413430 39 9310
104413 56 5628
857721 80 3491
216814 86 4599
197688 67 1858
288814 25 7537
730329 14 5259
804631 55 5243
776938 15 3535
314386 9 1250
760863 22 6203
13540 1 7656
359162 99 8563
683830 7 4167
183030 9 7249
467496 61 1827
615694 92 1990
569959 17 1340
914649 97 9723
748224 57 7699
475125 65 4980
484548 97 2192
254935 40 4674
192162 30 3420
512666 33 5837
664747 43 5182
168783 32 218
407986 18 8068
693871 82 3484
978537 66 3429
277538 10 6517
738950 15 7298
565393 89 8486
514169 69 5388
929014 86 5258
639028 96 5678
584480 87 9190
843969 63 1083
4851 98 64
462165 73 1202
174194 7 4483
904730 26 1832
477471 19 7493
188505 78 5506
532391 95 3883
322826 97 3712
949203 46 3851
375145 50 1425
603464 85 3084
484808 2 3299
833601 25 8076
960092 55 6611
859453 96 4942
362204 67 7235
208346 70 7680
698555 91 2929
494940 33 8085
343035 63 7765
837932 50 1662
278203 80 5388
820141 24 5060
825627 94 3417
765315 73 9898
31367 8 5474
691775 98 4100
732023 17 9392
970848 28 6195
122032 91 2369
435514 74 916
175683 13 7195
266983 54 1786
620974 69 9704
726072 71 6676
530733 67 4656
256010 36 7846
81441 15 3410
805585 2 2562
638667 28 1677
464516 95 3689
627769 73 7408
451794 92 408
731427 69 7683
91866 53 2198
796754 13 8578
58532 96 9572
297914 56 303
33489 94 1483
928270 16 3173
219207 49 6575
974258 45 2932
815427 59 1909
695250 76 4576
847594 39 6270
293927 96 2115
43657 34 8285
722039 54 6636
312311 86 5561
770813 68 6350
645180 21 7758
54406 87 206
910775 14 1560
983203 53 684
542813 79 19
685555 98 2639
745174 28 1458
53862 5 5465
282696 48 5711
687224 48 2470
638322 42 6015
706119 7 5026
459223 5 6006
750017 32 6630
275947 21 6561
766366 59 6121
319320 20 3259
536247 44 6238
567116 54 6637
434036 86 7026
643291 86 6936
29078 82 158
202063 90 220
241399 76 3184
714655 21 2620
661284 65 4586
428442 80 9819
666144 31 4723
889117 48 7473
51126 78 8890
761889 75 5566
673087 99 834
572462 5 9942
907552 47 2917
378180 6 1891
379707 24 6720
207531 22 2031
454424 63 1485
643452 79 5395
11051 60 3682
340585 39 9680
14660 27 8984
534792 41 7176
881769 39 9186
399998 72 5370
341124 7 2774
75028 68 1856
617730 11 676
840294 29 4350
286627 28 5940
689401 4 1749
424650 37 8127
996619 12 9230
627841 91 5310
880076 96 7913
591790 22 6754
4211 64 176
213627 33 366
561042 47 8799
795955 8 6194
819307 77 9942
279383 82 5761
33629 89 3512
875818 61 6854
704939 99 3492
275696 22 7118
241822 14 8612
150641 63 2218
340637 32 2255
270507 57 9070
986771 24 1589
477691 2 9423
85901 45 1181
770181 24 9893
894538 73 6693
966400 93 9676
626534 20 2187
790191 47 7862
451623 47 5694
81672 92 5286
293378 40 6006
1122 97 8679
842921 70 1663
695910 83 2885
123924 53 753
801789 11 4830
438784 37 9418
344367 76 5632
396011 97 2596
120383 90 5154
747190 55 6961
306408 88 1956
346971 70 8061
225021 74 1065
51954 64 5648
510158 47 2214
80803 79 8860
474908 23 5685
418946 83 2595
63123 19 3871
855325 40 2584
391548 27 7307
965671 7 7264
473082 38 9371
470907 9 34
51072 93 4407
805484 14 5626
911111 37 4470
450499 50 3500
446741 72 3780
335493 7 9764
844332 9 5446
90439 83 494
125366 85 3936
147987 73 1372
98173 80 8171
727486 72 5406
772899 29 1144
230468 30 7318
947792 2 2375
565015 49 3195
410971 16 3509
30747 9 945
670524 71 5853
819495 65 4052
397303 37 4396
548333 88 6174
188814 56 1894
981766 41 2190
429065 82 6669
85349 20 4179
105692 68 5248
15626 50 1639
462678 81 2527
235347 31 69
728124 69 1047
762414 48 7998
864264 3 5642
798475 92 7312
21507 20 5511
416546 99 5776
410720 50 9545
519961 7 6948
102231 17 3953
473088 94 2008
131134 28 295
415778 43 3023
671145 36 4683
967493 13 7517
104006 66 773
684390 68 8877
863269 40 5289
546674 64 3470
429113 82 4560
381915 25 5167
704022 78 595
712797 1 3007
462960 53 4475
670015 19 642
186266 8 1048
75989 45 8332
259413 56 1311
698988 19 2318
283252 50 4901
727611 87 6252
171022 68 9679
852985 48 7446
284136 18 1436
795235 83 8119
494647 67 4078
809931 65 5255
3280 4 5475
75169 64 5897
312563 34 6982
712171 4 6476
924541 11 7180
596759 71 9257
559396 35 785
759245 10 7261
502485 33 5575
51605 42 2894
560350 24 7175
784872 80 2576
43569 3 2447
447221 79 1069
105774 1 3053
460567 14 5972
122013 86 1005
256669 32 7445
886236 47 4437
991648 96 6074
715136 21 6152
245736 29 8708
949454 61 4209
314762 50 5638
405952 50 6856
882382 40 9972
379244 56 8018
451459 45 9287
53406 44 3609
747467 38 3701
772770 35 8474
542597 100 3015
221566 37 2689
986442 77 1587
945024 34 6729
90076 11 9013
960493 18 6502
249006 79 2166
358177 20 6729
413391 100 1473
748720 66 2427
234383 94 5310
610610 4 905
389461 41 7565
222024 61 4629
204164 40 5330
744726 80 4392
604501 47 3765
560065 79 3406
736920 52 8901
660002 39 5295
425678 36 2902
286926 34 4595
410327 89 6233
501328 25 7545
22566 85 5175
563217 21 7497
841355 80 311
977236 39 5930
446689 26 1174
374303 47 5744
502603 58 3220
86654 10 7419
716330 88 7409
873751 3 2842
477140 70 9453
412485 81 9410
253366 84 8187
825329 10 7773
769040 36 2744
476192 75 8825
461209 78 2298
467480 4 3064
737934 24 7995
903318 24 7402
317817 83 2554
686970 57 1031
525 26 5726
348307 42 7311
208246 21 4026
517235 77 8740
953631 76 9299
884215 38 5391
232789 77 9909
888830 74 378
397966 89 7237
714281 51 5437
788372 90 4623
902693 5 6132
109545 48 2870
737636 60 8046
342020 13 4073
917240 97 3153
519775 85 219
282223 73 8092
232631 59 2863
514051 95 4373
312636 67 8137
713540 22 7986
985902 42 3379
800452 46 4896
949614 30 1371
320963 53 9964
396545 91 2120
614066 27 3228
255974 17 9811
961796 46 5245
356500 42 9141
764363 26 6158
365266 28 4048
539024 58 696
162601 69 5243
132041 46 3190
647979 77 448
60066 46 6334
623221 71 6818
590143 61 9504
6561 90 8098
415346 57 346
773778 37 5661
621610 15 8179
789516 50 8129
422178 91 963
58995 59 64
25412 47 6189
293127 69 4611
456053 58 9995
391446 1 5460
833593 40 6799
182613 16 3078
340096 99 2644
885138 81 1095
846949 84 7128
384827 97 6308
444525 28 1333
423409 9 5212
513946 67 2836
638985 65 3553
823024 16 3763
134098 73 1354
426814 79 3853
936032 17 6462
547851 18 4905
904438 87 6732
405117 36 5665
635149 100 1042
921104 96 450
289169 64 9415
869540 37 5323
52559 25 515
819277 27 4291
300611 66 4753
433941 39 4220
649832 3 9255
6736 84 3854
111236 20 4705
419241 20 8012
964838 86 2309
575386 54 3678
704904 94 1115
647465 34 3863
257060 92 9216
339243 38 8466
807615 34 6538
367219 25 8366
138681 23 8853
166044 75 9324
158342 70 7543
145086 80 2478
382231 65 2072
985102 29 7607
54539 17 7452
359224 31 2537
698459 79 6501
446339 89 5505
145241 80 7475
300541 50 38
323006 40 6893
750825 4 574
49724 10 7431
884430 86 382
992384 66 6976
111549 48 4894
83497 25 3300
325488 73 35
802332 58 735
214937 19 2629
898348 36 1137
212197 91 5760
227200 53 5676
25174 57 2910
197116 95 9115
886885 12 333
494250 11 2985
942239 15 9628
879384 38 8138
996084 88 3590
549741 73 780
323397 18 5854
134672 13 8881
625609 17 4453
334109 5 7998
867376 36 4623
902544 68 1943
855755 58 458
93199 31 7166
20556 14 2272
764721 58 1911
815067 44 7664
675582 30 2396
986446 93 7938
452887 90 3685
837728 47 1900
872041 51 8828
190004 70 2063
355851 28 6892
527575 51 3941
635819 33 6506
306779 58 3670
10881 1 6258
633102 24 8461
857932 96 215
532975 6 3886
238795 44 1544
910439 76 1276
976651 49 6585
954453 84 3711
123895 96 1943
394448 14 269
842690 68 7687
686016 74 5264
546805 68 3914
495654 33 8489
615486 76 9615
207097 30 951
600093 82 2127
385723 19 21
312432 91 4777
342215 30 1243
286162 88 7520
280468 19 4681
108193 55 3125
45172 37 1646
933182 68 7809
677587 6 7202
838867 47 7304
525597 62 9676
575288 32 4680
188659 17 2795
689537 80 7890
280462 25 7048
443715 4 8314
967419 54 9506
319332 50 3430
380997 65 6035
259479 80 1178
59535 93 8182
780093 47 6749
377472 21 669
459521 99 7230
671812 2 7068
884805 31 3535
956633 66 9841
878780 35 4447
608526 13 8668
426108 43 6728
19098 22 5637
944599 78 1382
111902 27 5419
732128 84 8606
452340 25 5326
225905 27 8895
785198 68 8569
203991 66 2511
218753 58 8986
2232 10 3225
837960 26 4383
912125 62 7036
47032 96 8173
75584 70 6975
467851 34 744
379400 68 1284
904682 6 4563
795258 47 5757
957953 97 6475
966197 21 6174
61717 83 8286
957369 8 5201
257161 10 9534
682178 93 5760
706806 54 7843
381013 43 2497
86309 5 9465
953509 48 2392
440300 7 8744
960371 20 1768
812494 60 3452
614354 30 6082
656288 87 5102
71882 46 2416
456376 32 8835
77035 19 2927
28347 58 1998
913894 64 1674
211870 83 7346
725904 59 2452
938451 19 9517
209300 85 5011
65712 31 9751
934129 29 5495
86264 89 5827
129763 8 302
468090 37 3040
994412 27 1399
693395 42 8089
984669 26 9560
693063 41 6652
442454 74 7711
702794 61 997
637681 63 6659
373476 15 4305
549120 20 9291
52978 27 6707
844307 15 1626
997680 34 3583
484514 76 206
761295 15 1696
337201 24 4489
668159 1 8993
739423 46 6388
576124 68 3268
319045 76 6601
19954 46 9405
915592 40 507
765801 40 610
921241 79 8776
295330 51 6842
201718 96 4238
488143 51 4815
326560 16 3501
610679 35 7260
487710 20 2731
697096 97 9020
942315 15 9616
91430 40 874
196883 15 2410
205339 91 6510
669481 48 2357
563008 24 6117
378482 75 6131
321097 22 1263
860589 55 6160
350966 19 5977
255316 97 6279
603206 4 7408
829009 80 8041
650379 18 8225
529323 40 1636
990245 11 3686
900798 80 2330
544082 37 1616
782658 91 2262
862507 23 7273
43133 79 3080
524463 42 7118
429246 50 9194
48737 47 4021
860856 20 367
109405 58 7662
105540 6 6942
973412 2 497
263806 9 5960
233251 1 3000
994871 89 2620
254496 56 1519
123322 65 8373
903451 79 1213
107083 19 1751
710856 92 1547
38760 84 5873
587155 3 3649
397880 3 4683
22420 53 9479
796827 49 7545
920023 12 952
488249 5 4965
439792 88 705
95122 22 3931
888455 85 8540
333535 88 8601
625411 64 9566
857844 24 3115
591239 41 8984
468021 4 2518
169554 8 5606
879870 84 7885
180022 18 3196
947443 99 228
472669 86 9588
304696 36 7794
7573 27 4661
820277 74 2979
838791 23 9189
581925 72 8998
200820 81 9101
437279 51 9775
558335 72 4449
242918 50 5374
228099 20 4206
804857 83 6068
46322 70 1334
204140 3 1262
821444 90 9238
238695 28 5091
662014 98 6692
545708 41 5234
583471 5 2338
125926 44 9213
159575 81 3086
288576 10 9365
925201 78 6509
108040 17 5572
973956 95 9818
82484 35 2084
812399 77 7306
125672 30 4982
500131 96 3767
362013 30 8993
404399 23 1114
771389 73 2248
724543 97 4698
370740 29 8730
49577 58 9203
241000 14 1032
403617 55 1171
135922 35 8120
664701 14 4096
804822 76 4332
377114 67 8142
304341 64 2450
745680 16 3889
722077 5 9142
625819 3 6408
127174 91 6199
567933 19 6890
608285 48 2622
585300 47 4802
915086 39 3116
568877 88 6339
839580 99 1117
181855 75 1510
134312 97 6793
206099 67 7995
600107 71 6541
541858 51 612
500231 48 5872
435478 68 1866
777433 21 1003
307115 93 9836
34857 67 6462
237753 46 4180
28950 58 1641
610005 26 2619
709313 7 7740
464562 29 700
465775 11 7543
420025 1 1828
640508 80 6134
35718 20 5430
259532 39 5156
954831 93 8369
927058 5 8709
784130 99 670
714348 32 4925
688534 3 8388
106564 80 4422
88784 57 3260
525569 9 8107
214004 64 2803
915404 46 7487
597932 31 1852
559187 84 4111
553995 6 3006
128024 85 1639
299658 38 5115
979960 11 8515
244712 73 9166
780263 52 9468
390014 10 6112
207002 32 6138
45574 5 4825
795497 44 760
945183 5 8330
751567 93 6810
384735 31 6913
374506 11 5970
283043 4 681
233244 72 5987
377832 61 2529
557169 77 6350
285014 37 3843
540328 26 2160
10026 6 4020
518348 45 6339
589534 29 3990
603774 70 4420
300392 68 2018
194724 54 4070
504766 20 1179
438916 60 236
455884 65 9510
641875 27 9314
488416 15 2546
365370 27 459
711444 38 5532
621302 76 1798
669578 54 3218
541879 32 2453
117430 43 6239
52116 7 1064
198580 28 2342
556084 86 6073
512720 34 9531
514755 66 1047
241180 52 8994
805442 85 864
253955 97 5740
177501 13 7267
161240 85 3797
872466 26 5533
503751 41 5999
793914 51 8911
168656 63 9848
976257 70 1006
957630 21 8145
711174 100 3115
586922 46 2059
59084 17 3787
300839 49 1202
216087 94 6061
587412 23 1207
709854 22 286
144981 30 5819
565386 80 1889
244589 62 4902
673808 78 9718
997295 66 7429
483658 46 1735
829233 66 3582
761301 82 2238
790510 19 5737
681322 44 868
336685 53 6454
843628 4 5133
201268 32 7016
466401 44 5954
229941 61 7409
72432 94 5436
618478 89 5897
243831 12 370
387580 93 3651
594415 27 7205
764417 62 6299
741863 35 4175
837081 73 8588
980528 29 7121
450398 49 9122
543007 12 7994
483177 71 987
398252 25 5095
897347 9 4284
975372 28 3291
428538 38 996
963062 28 5948
227961 6 7017
453898 32 8207
863273 67 399
172679 70 8250
919454 13 5345
69429 84 7728
471155 41 9578
299165 48 7273
491776 26 5909
661860 67 6129
640601 19 8639
707662 17 9643
392356 66 5808
629600 54 2450
523327 41 4369
372101 2 520
888805 35 1955
579117 15 5398
107989 53 6388
111700 82 6760
955162 18 88
123709 60 442
563259 5 9927
171845 43 4320
499661 2 3501
568419 27 5011
989155 9 7093
637850 99 2691
891526 57 1797
890355 40 5757
739684 62 5408
874299 92 6454
522757 63 2266
856638 64 4719
766333 41 9632
930736 19 7495
424651 95 5874
339154 96 8026
548950 69 6372
896791 23 2899
338584 1 5018
134905 81 8537
185001 13 4767
796286 82 8403
854250 32 229
690289 38 3732
587082 29 3581
182874 96 7242
924926 34 1019
510869 73 4700
79570 85 3761
346967 89 3052
639316 33 5926
481835 59 9713
825274 90 6651
433025 96 7744
226174 42 4245
420413 19 2593
174887 71 5824
507566 46 2656
704155 17 5448
277555 82 4521
218198 26 6936
703402 90 881
409593 38 1756
373400 86 9653
348396 90 1628
836683 89 8324
116349 70 422
725564 60 7433
499810 32 5435
148776 22 1586
61633 33 9927
991064 7 9746
18081 15 6777
314723 53 7272
591156 1 8783
104268 11 2942
499811 51 9684
548120 57 9953
178158 32 3231
242268 79 3334
102733 51 1510
416709 45 6219
547778 73 9042
158308 89 6732
388178 97 949
841034 86 7003
985747 26 9792
328338 23 6513
143353 23 9532
732580 74 2732
730543 24 8190
47933 43 9094
150492 73 4835
307907 94 1695
906183 26 1163
306703 14 122
276301 25 6190
406738 59 3529
284305 85 840
77188 52 764
468958 68 5914
107813 32 6231
352663 80 3594
753368 84 1180
410844 85 4753
152958 43 2371
418321 25 8395
402924 59 7105
112117 25 4145
769372 16 9255
277346 34 9693
871353 98 365
239297 78 709
88871 98 6060
488512 26 3123
929983 81 7876
974012 43 8887
164102 62 7855
44332 42 4656
575301 70 8889
812528 80 7700
154462 32 4243
395892 63 9452
452026 6 5469
349734 85 3173
531803 61 1662
831692 62 408
751715 31 9595
900320 86 2937
851152 3 1959
757379 10 1613
817909 1 5929
974990 49 5785
367572 97 7679
653467 18 7678
223750 92 8565
578972 52 2686
840134 1 9150
676565 91 2421
645838 3 646
281699 72 1339
788123 2 1771
891951 91 3321
361613 64 3270
368828 44 1388
82212 62 4256
382135 69 5663
950375 33 8532
888765 39 3546
72031 63 8322
99121 46 6398
49133 68 9994
695698 7 6390
13398 65 5628
332186 53 7396
600949 95 1356
532457 18 5867
994406 42 1480
358687 74 7196
183290 74 9272
984270 79 3880
823950 82 663
545719 87 8687
375708 3 1683
359967 69 2929
597265 90 1120
33415 21 432
23928 5 732
612603 6 7479
617869 75 5086
755572 88 6488
841155 47 6944
187918 42 6521
134866 57 1103
8286 75 125
394333 3 3
806565 16 7795
836120 42 1203
937630 54 4951
934110 34 2837
816062 89 5386
321871 44 1690
631595 32 7538
327471 12 9085
360658 96 1793
358501 74 6909
115534 77 8304
823081 2 7139
821789 20 6601
152739 76 6450
169710 44 1360
550530 78 4395
748087 62 8256
895051 57 565
628880 78 9826
226125 24 2341
550308 31 5567
435746 58 7587
263381 97 2493
832755 44 2382
645900 40 1647
4073 12 9789
197481 87 5177
466361 34 4559
178913 70 2309
765195 2 4633
413836 45 1319
514378 70 9236
619594 87 4238
2703 42 41
632893 85 1629
554042 41 1165
952771 76 4784
645604 4 4467
583101 35 7156
586502 87 7888
654780 86 1704
654996 42 1710
984200 19 9049
409580 38 266
626396 20 7044
182322 94 321
106118 72 2051
376525 15 49
693349 95 7569
218557 32 7280
956521 49 3632
63083 6 6645
687420 47 1979
131743 36 6748
732397 70 3933
973360 39 2876
222139 34 8505
704069 79 8166
888582 10 5740
439319 66 5150
247128 75 1507
357228 88 9517
9818 45 1012
974788 26 5225
86929 12 1881
431681 83 5002
263542 32 8795
481601 18 465
756059 94 6566
4012 93 9834
338718 31 3205
462444 97 9195
601331 59 9447
182233 69 5100
510087 33 4161
205719 98 5411
465828 27 6682
380835 65 6934
50609 53 2541
847562 81 6505
75494 17 1441
660440 79 1775
445231 94 9398
228350 89 4468
568479 44 991
481287 52 6864
516506 2 7819
291680 34 2621
298477 19 5977
347427 55 7204
155692 92 4812
74099 74 1691
284859 48 3030
109661 37 9380
30736 28 2658
180810 5 8810
912486 50 1667
669026 78 4770
499576 9 5223
65998 11 268
210347 28 6167
620612 89 8416
817172 65 232
902493 19 2381
216161 44 6847
18822 68 1898
653170 29 2746
451687 53 5796
923187 56 4352
902216 36 8143
49982 10 233
140049 46 8656
742113 20 8008
405926 1 3090
147825 49 9354
299079 98 8083
255422 12 8386
985036 40 9994
801760 30 9341
108339 19 6311
883475 56 2169
865875 44 3889
322846 30 4315
99401 40 8124
196794 11 243
44106 31 8654
778197 75 9801
286301 38 1174
15291 69 856
351656 36 7231
860056 27 9641
342562 64 1496
383049 38 1558
132135 36 6558
613301 83 1629
518369 13 4580
916161 50 7616
977058 40 4811
528025 67 6629
158274 84 3798
873585 61 1055
16997 2 1669
369619 15 1406
587873 52 2083
273457 44 99
288210 71 6216
189229 19 6909
841201 82 1163
819989 71 9910
15223 34 9141
54491 92 6583
680399 14 1125
197800 49 771
123662 26 7254
391947 100 442
253280 68 2641
706796 42 607
81827 91 1106
66511 36 1
28899 43 8155
512871 24 254
510253 61 4863
989548 81 8457
558848 83 9871
977866 17 6648
268075 85 4601
908574 38 9085
231721 64 4016
104238 21 760
433951 7 5858
698208 5 8662
131518 82 6864
699575 92 9783
840802 99 5314
539615 55 1845
307006 10 260
528444 96 7913
875906 56 2942
86384 20 9486
744539 1 4513
143216 81 9131
782511 76 7599
494022 5 9913
778484 51 486
326026 99 6353
210091 87 6317
751047 7 9402
689549 73 9341
991448 84 2876
612778 61 7497
856551 73 1296
188687 75 6605
938096 8 4613
34917 34 6139
897443 1 7328
594568 98 7448
586600 25 2084
323482 85 4807
704661 91 2571
842346 26 4565
155086 36 1432
102131 82 1759
617859 83 9197
167592 62 5163
663810 62 5437
561199 25 6196
433155 97 6954
931988 31 6310
464418 48 6239
526714 91 4954
24941 85 6105
251636 24 2661
34015 29 1598
147309 33 8034
204081 43 9070
358102 81 477
2734 64 5934
441303 45 2720
678220 30 2234
226521 45 5052
60953 74 1384
271537 43 2036
840455 53 3885
329329 73 8016
158193 80 9435
976723 65 6880
720662 66 9871
724160 71 8996
705711 3 5465
199053 56 4471
73903 13 8614
634302 21 3034
950779 88 1483
185547 90 8308
989986 14 5715
459003 70 238
918032 5 6057
59793 65 5534
444058 66 9909
8788 47 4559
837818 28 362
369865 95 3636
161652 5 8859
958525 51 504
96297 32 553
734924 90 6216
653534 58 4796
882967 19 3653
416983 25 6193
700017 94 8998
498297 33 6986
740976 85 5125
479150 55 8080
454116 69 8180
294197 82 8905
96315 95 8400
528630 31 3558
778078 78 3144
390439 5 7471
756391 67 9988
426403 49 888
665030 97 3835
551898 31 7386
903521 48 7973
403465 60 5030
852626 40 3505
648793 40 936
202236 77 3605
423677 8 3775
418951 65 5347
58980 12 6284
892082 71 5550
691526 57 5647
149351 9 3718
971186 92 9213
158688 20 6610
428597 54 6450
892677 90 3343
104318 16 147
669477 52 8074
799459 79 348
492696 44 3076
172408 1 8618
699331 82 8165
575032 47 9918
844853 36 8887
363778 70 7377
652077 68 3475
890202 43 9200
648759 38 9469
211346 19 3315
403323 11 8421
249020 72 4518
798639 4 702
264251 77 3896
867334 58 1330
485086 68 7008
636657 32 1685
976178 35 7583
991094 11 7289
215334 38 8196
465154 65 604
308751 96 2595
202149 53 1972
433301 47 8480
766594 50 5104
551311 19 5067
672236 19 1883
841902 31 5953
218041 14 7158
409687 6 1250
869486 1 2167
169533 72 7127
882558 50 2422
226469 65 5012
230277 48 3093
128012 14 8885
470854 52 8931
388410 87 5599
671648 49 7018
204313 73 778
195594 24 8868
732434 25 822
597388 91 5203
514055 62 9842
556580 73 6979
813103 82 5641
975576 39 2255
64292 85 5758
774478 59 8304
81401 72 7908
868904 6 4651
583271 10 2266
338965 25 2634
541761 74 8836
972156 71 3663
259279 29 7465
612910 22 5209
145602 42 8993
19188 89 7755
846015 6 7885
643365 21 1248
173659 7 1125
658473 73 8845
57202 41 2466
289023 18 8359
654344 8 9654
577594 7 391
53822 61 688
497562 55 4550
15535 86 9872
407454 27 373
381602 3 7735
277691 88 6811
126062 61 4363
59191 60 5477
868284 41 6448
763273 18 8061
519647 38 1990
955825 91 6312
342478 44 770
348937 75 986
316641 35 3944
764675 5 1216
112593 93 8554
176437 42 4729
769631 75 5165
356388 39 2690
89553 84 6749
299218 69 1380
212508 51 8092
291484 79 4512
55722 86 9723
764769 79 4238
474906 25 6597
522730 50 7933
457951 59 6283
225920 98 980
176329 9 8098
986627 9 5983
281920 99 4123
475646 66 2235
889225 7 5669
790728 85 6107
832075 22 9099
941615 71 771
779111 94 6387
73102 45 4381
446294 23 1999
632795 11 2252
587963 23 4827
506847 77 8883
893246 74 8578
980770 6 499
663133 40 1080
821039 38 3218
153369 87 904
48418 31 4034
74922 85 6276
250788 95 9548
493357 51 893
738933 33 481
218243 51 3617
602061 73 6069
317956 48 8393
621666 85 7794
574115 8 7476
530109 1 6949
78125 98 8878
159134 88 8164
751459 24 6266
375356 72 4149
850049 36 2053
172264 69 6073
726878 36 7851
803740 63 579
882015 50 8659
26212 17 8185
183243 13 5550
990519 11 3375
769404 34 4421
84455 77 1608
522412 50 8467
255169 69 6133
678439 91 81
465820 52 288
581047 49 8938
433480 73 3137
339952 68 7608
415016 76 8994
657371 19 8801
551476 48 7731
392128 78 9022
622200 2 8042
908063 31 5918
95506 67 8761
853910 81 3635
42081 63 6454
394545 42 4732
363996 51 8752
476175 73 5072
785199 21 1324
78494 14 4948
422989 44 2415
348548 30 8531
225861 89 3568
639073 61 569
735391 83 2135
912220 69 2563
714780 51 3986
724922 89 6372
921193 19 5758
283274 56 6421
526695 13 5
606705 25 355
372187 29 3083
825461 63 6744
521737 81 4191
492480 86 3672
361233 97 7298
857438 73 32
487337 71 2999
766866 13 980
409621 37 8665
716482 67 9703
258555 30 5492
516270 16 6434
263108 80 922
635963 30 2296
909584 32 6182
706631 71 7140
835617 95 947
593443 63 1411
634241 39 784
786152 86 6083
366247 48 9053
362413 20 8220
708921 61 4704
892177 52 6416
528502 22 5983
680807 26 4183
429361 77 5344
178050 88 6846
519857 62 4713
95874 54 2518
757664 95 559
510157 29 8877
596027 13 1136
464744 4 9196
17611 43 2601
622368 87 4812
69045 87 2775
643081 43 2593
692885 35 9494
651040 73 1742
859220 48 6933
674656 41 9325
409886 59 3423
63112 73 4154
667029 97 5446
422623 44 2231
597174 39 7019
106527 76 641
85041 36 6540
546286 40 7918
270375 62 8793
366205 18 2183
43719 85 4384
889199 34 1467
841328 78 631
226595 1 710
242677 31 9899
101674 33 7394
913619 26 6286
848196 67 1540
553057 59 5048
229740 96 1851
461361 76 6955
870567 84 8919
366059 76 3626
387150 76 1548
930079 87 7733
616415 87 8574
15841 29 8684
359752 68 1466
522691 53 9663
651633 73 7536
413093 68 5755
124788 58 1654
174698 96 4353
857911 8 5071
897948 37 6055
623884 58 6011
948663 82 6655
826550 92 5464
77531 5 1741
837376 18 1091
211586 97 3262
732562 6 3758
801993 75 7442
665598 74 3931
975005 4 7876
401391 44 99
216048 65 6352
425757 20 3422
362918 15 7076
767688 92 4853
694911 45 8768
165860 86 3054
95152 86 344
584936 70 8802
697722 82 6989
268399 79 2549
906242 55 5487
604304 1 5333
647984 7 9581
665288 51 7785
764053 56 4438
461360 55 6976
64650 65 9761
196348 90 9939
993258 88 7837
746436 89 5913
297999 25 8495
951336 46 8393
898565 23 3804
958428 99 1967
148328 61 6278
615244 24 9096
831484 19 8093
767251 49 3328
90080 40 8914
870941 70 1921
507091 9 706
480732 87 270
62120 40 7656
847267 55 2181
396165 23 8213
506009 93 3529
873812 36 6961
721897 64 4512
12324 80 9597
912069 12 3492
705896 37 9766
33067 71 205
217983 80 9597
467199 30 611
717818 97 5815
745339 60 178
959866 63 7689
856323 38 6451
646991 92 3614
625350 24 845
855223 20 5447
123780 44 2454
899418 57 7901
369703 48 1846
437316 81 5198
560103 44 8635
841109 44 942
167661 44 7561
809409 12 959
611658 11 6378
476951 81 6324
973662 3 8350
832781 95 4116
345459 92 2508
287447 65 1120
358803 91 3486
192955 80 9634
822398 63 4854
346147 97 8881
953800 77 1552
73226 70 8040
29038 11 6121
671413 19 2089
293242 17 414
460998 8 4891
533741 10 9590
248168 70 1223
113627 31 3639
833567 12 4858
488062 80 2441
351810 79 6168
317020 46 1095
312664 97 1744
119273 44 4455
975323 95 7212
332744 47 6432
318801 33 9521
328307 61 5835
809835 68 6772
242547 13 7487
925910 10 3033
907721 68 9857
450573 5 4337
562115 84 2358
51281 44 3509
220821 93 2921
553758 14 3675
179951 83 6838
723128 45 6120
987967 34 1541
941877 6 8340
717570 55 3833
636312 39 7671
782761 63 4315
810452 54 4060
778707 41 1126
28328 11 7681
81590 80 7516
241125 12 3597
66864 50 6616
465612 42 6819
868764 87 8548
674245 39 3307
348678 72 311
832029 34 602
963338 36 2678
461625 60 9075
309662 14 6934
323896 77 2004
69005 48 5274
524442 50 3045
625689 8 9786
893732 15 5953
518020 45 253
757739 34 9572
258192 30 1704
873229 52 1753
111861 12 3117
560006 84 8862
371024 19 808
220107 94 8354
137262 13 8369
441933 38 1801
625330 33 9534
710551 59 3009
399087 48 4891
510564 12 4596
636051 72 1645
471185 30 1297
511698 72 8535
889052 77 4586
305999 13 8652
496841 50 5516
78727 30 3426
829823 5 9524
976139 15 4052
75985 10 6583
840122 45 4774
544210 86 8325
78923 36 1933
956615 75 9817
612104 70 9242
474099 4 26
769363 3 3862
506204 15 5257
342576 83 9356
889331 72 1398
456087 74 8786
431751 5 7716
98886 70 7741
80196 9 3829
367985 67 2933
971831 23 156
639707 66 9457
13452 14 2438
622242 66 6912
45557 29 6909
144238 38 9691
260094 85 4197
192984 57 9785
173270 73 6254
722810 92 9459
856452 62 2244
482902 43 9709
5073 73 2734
699254 21 7350
808353 88 7438
272316 15 6762
624596 1 5061
490857 19 2584
502733 65 8980
529888 61 2013
146372 97 6377
530499 22 3152
362649 9 1234
324155 70 8770
454583 29 5009
197050 24 8720
419071 86 4297
619890 88 6610
221349 15 3283
369542 27 830
707727 90 8418
308512 38 2127
552391 30 2032
426317 59 5299
691247 67 6845
953184 72 1851
673114 90 2735
357179 4 3985
242646 62 7591
240934 87 331
468783 97 6095
839668 99 7839
280268 12 4481
779959 97 2640
107159 46 1
263387 38 4041
479243 10 7918
528075 73 6707
847752 73 6324
491949 19 5973
182700 13 2415
228126 84 461
194291 64 8493
776687 69 4106
470060 59 4998
959899 75 6621
303878 36 9246
48652 8 6210
808268 1 568
966211 50 4061
525899 29 2462
678058 49 8734
639883 11 7921
297862 1 9592
766394 98 547
687139 94 4470
990609 95 9795
768311 61 3359
768612 89 9928
40142 23 2549
362938 12 3202
266197 38 9175
889492 37 1002
425475 54 3802
701968 61 9443
610865 60 4558
400787 99 6714
435162 2 7633
981603 41 5105
909638 81 3753
305069 48 4064
528374 76 1043
493754 23 9125
23053 23 4800
855269 85 6935
739963 46 8249
321217 38 9146
193818 95 3972
806902 40 677
604809 42 5564
170080 53 5489
746896 67 2115
661152 68 5075
465862 55 3870
183641 82 1974
786077 84 6187
975293 47 9129
541659 65 9813
890234 81 6514
299734 100 3007
882217 66 344
950091 55 9424
646692 85 4371
210823 66 4973
948465 82 2847
194098 15 182
774529 22 4248
887679 56 1894
130033 20 5560
71525 47 5785
851212 40 2205
198723 3 8277
273349 61 7012
205202 74 1156
440470 99 4258
471501 73 5506
619416 87 1879
300384 15 3543
942693 63 6183
246193 42 1417
16497 21 4341
252204 92 4129
798816 87 886
730933 66 3556
414033 89 7221
203178 2 5154
254226 95 6788
153072 49 3716
674420 6 6359
944418 89 331
844125 73 9406
644318 93 6201
287589 38 6472
811055 18 6042
568280 53 2911
666675 11 1625
896972 69 9520
147660 8 7575
715139 2 1926
781771 93 810
699283 32 4238
866089 92 9269
91022 74 2898
445982 84 339
942616 76 3541
689341 49 3493
444196 29 1853
704427 97 1854
816164 21 5323
20544 98 1672
13389 1 1773
110238 40 6801
489287 83 4688
180127 15 8397
384670 11 2864
48218 4 4870
334559 61 6145
647646 66 9497
259782 87 4491
266683 7 4448
296454 96 8080
409473 86 3699
466337 26 392
610531 52 7752
89233 92 139
357093 67 4458
421077 22 41
121059 52 6632
856950 33 390
370041 5 8150
552252 88 2647
698088 8 4044
353669 42 3407
994901 86 8637
757572 66 2045
362661 88 5215
412297 49 3686
882655 59 5921
515499 77 7867
695732 27 2663
456743 26 10
931919 24 9036
515421 44 709
914432 87 6610
896695 13 1761
397054 67 4787
940317 76 6064
98271 9 5208
684371 22 3722
558537 88 3219
999048 1 2639
761420 75 9896
450896 7 3316
485428 95 9952
724880 68 5255
81890 53 1548
30442 12 5839
824925 82 8669
290578 28 4886
884205 33 9833
458004 16 9101
124003 12 4390
660072 46 4335
468933 96 689
613544 86 7501
744621 79 1169
233414 10 155
207235 35 8271
379453 1 3650
640850 49 5239
145279 50 5173
896325 54 9814
27927 40 3592
95368 32 2994
908228 86 7548
517457 90 149
756282 38 3238
593414 41 8629
155709 13 7950
456963 23 7080
773008 11 813
868975 55 3405
260482 9 7291
920822 49 604
764755 85 8562
471964 10 9427
794100 15 1331
170035 72 20
166195 61 2331
314629 19 3471
199255 44 7552
325925 9 7003
569374 75 5593
583928 96 4232
322604 64 9607
895747 99 7917
600650 70 5707
990936 52 6063
289197 21 3189
861326 18 2522
909383 74 8017
577567 3 6863
189696 87 3679
953071 59 3285
429057 75 4637
500630 37 1855
758314 27 4614
809760 80 4685
556143 60 4517
351236 7 4763
832592 88 7242
228282 11 6310
113038 92 5755
881486 12 6060
913161 10 865
363660 100 2126
234796 32 4322
915749 27 6674
94806 13 6077
383452 43 7550
691255 84 7646
847976 8 2213
976381 10 4783
251089 59 9420
417180 21 9056
867335 99 6121
56832 71 8888
455712 47 4179
130203 70 8466
938879 77 3070
451760 88 740
130504 63 8312
391024 78 3356
9106 79 6902
811801 18 7251
756429 54 3650
178499 66 2736
560672 74 407
588294 96 704
418628 46 9764
577364 17 2679
618559 51 2434
538928 79 7683
860296 94 5507
970109 73 8178
512081 96 971
142180 50 6829
55381 92 9300
867008 58 6607
80972 97 1261
343044 48 8575
898877 81 3069
372939 92 8125
77320 11 5578
306294 58 9752
63346 40 8336
443836 20 2153
718000 41 4680
175874 42 8216
773944 77 9031
960279 66 5562
482940 62 3211
321922 92 5894
722298 77 4678
918355 44 1435
114797 87 7578
770818 36 6051
620861 33 878
675627 82 3351
360241 87 6686
251597 23 6816
556848 6 1565
963599 46 1354
143425 86 9849
547497 17 2652
338644 23 8180
560234 63 5248
534152 98 219
277050 81 5558
739099 57 1707
272511 40 6170
205125 13 2543
281002 23 7838
807284 66 1135
896619 75 4945
224245 33 6922
236636 88 2425
788649 56 5739
375965 40 436
818057 42 3229
383108 16 9678
414485 88 7710
970302 10 512
969415 57 4147
415421 12 2664
617720 89 6963
886752 52 4172
81941 36 1051
533529 15 3775
971978 37 1190
835122 54 488
140484 35 481
244650 43 2582
293250 37 2946
366974 6 2207
594515 52 1024
186177 99 8742
171856 81 6088
602555 94 9785
823395 94 1797
119153 92 851
492012 39 6163
940986 70 8585
25544 79 3607
383749 23 1305
570840 26 634
782021 18 6366
360781 56 5510
531001 94 1970
185902 68 2249
535101 93 2818
750423 27 9160
204114 60 9782
41205 22 6271
34176 96 5594
17111 42 8352
194593 65 914
268869 49 4548
92889 34 3625
152014 26 2159
602026 64 5643
352360 18 3288
388714 82 3708
231947 14 3777
16375 77 3886
185075 16 3446
857616 40 4108
757837 9 7910
504403 71 8227
924958 77 6762
519311 21 8372
744603 23 3285
252693 48 6025
49652 32 5229
949457 36 4346
631404 4 2744
764834 14 7762
694152 83 3981
790588 68 1257
395052 7 8801
516957 54 405
171579 30 3477
451442 48 9301
280478 25 4890
822072 35 3367
776021 38 9325
370509 49 1629
511328 97 3005
235212 79 5861
784635 6 9959
978985 64 6399
659458 58 3366
211462 12 9549
839917 12 4989
163989 38 3631
669956 70 1013
553513 33 1856
132895 53 9245
238484 24 6228
740108 46 674
895993 23 3170
316793 70 6464
800918 84 6995
844812 81 5648
63521 80 3844
691505 60 2258
440906 18 7333
775077 97 7821
570680 63 2828
321464 92 6551
872614 62 7151
35756 18 7638
239540 87 717
268388 93 3491
280269 55 1493
291773 42 4218
753312 12 5687
452576 65 1370
738727 81 1023
844313 92 9952
306207 10 8432
24217 62 876
753064 1 7327
737834 88 5807
580878 62 4813
854400 58 7827
191978 67 5830
594678 48 7604
671594 18 2652
425576 85 7426
430774 50 1718
960256 1 9519
538619 86 8492
622426 21 3679
934084 84 3331
757421 30 7339
25683 74 6576
588312 67 8273
384435 50 5748
493947 31 3969
763071 19 3574
402115 69 9376
250991 42 9604
853815 60 1074
662006 56 244
6507 89 4259
737084 78 6409
369670 27 1336
182612 72 1115
838956 77 3373
199627 17 4194
685560 5 8635
328119 29 5795
981739 54 9511
32289 18 8112
981805 11 9255
112168 10 4385
716591 76 2798
727565 34 3578
271779 59 512
249196 32 6509
936535 68 8429
102933 77 2882
240209 37 976
943874 85 9194
496848 79 7266
208838 48 9689
194523 61 2944
935386 32 9740
864318 18 8345
640651 61 2537
403190 65 5698
164653 73 6613
201361 38 4648
744533 54 7606
479091 71 5247
418263 74 1843
387399 83 911
340098 99 7469
50873 25 5042
36823 48 3004
227472 63 2656
154452 31 7655
512998 73 9507
939519 70 9983
260514 27 9375
642539 48 7884
961115 40 4217
529783 97 3767
668887 69 4962
503213 8 1987
714791 79 7662
860950 3 2710
710469 37 8363
728961 32 2128
318013 5 5070
376168 23 3844
263708 44 2138
621242 89 855
754451 14 7741
926498 92 798
701398 51 5750
378593 40 4076
481614 68 9145
262015 8 5164
341423 43 4435
808897 100 7761
227935 1 5017
173963 12 7371
109411 80 6084
990866 76 272
65039 42 3633
462159 78 108
407281 91 6883
803124 43 8999
632955 64 7845
453576 89 8709
510084 20 7696
898055 74 484
924445 71 7429
462001 20 6556
836267 36 762
269256 53 238
549485 89 6451
543854 27 3872
247869 28 1552
948473 23 956
514432 49 3934
927477 37 8415
693107 31 4146
546015 63 4768
949618 14 4070
80899 38 5496
329152 49 5234
361030 72 9528
924114 27 1296
644689 24 9990
207803 98 463
794377 11 5616
752635 26 394
987454 75 9874
221532 98 3134
84928 95 4197
169630 91 1142
912133 29 8460
945422 86 4006
832792 6 1390
652915 29 9312
536115 58 4202
245379 15 2060
115593 64 5987
397978 15 9530
557916 16 1623
994217 99 6364
805626 41 7278
285166 44 4095
25043 86 849
419150 32 3105
48518 48 2599
26665 68 5433
516169 57 4743
73791 85 9047
142707 42 6188
520938 40 1373
585234 23 4914
33801 17 9505
870555 13 9754
489575 97 7871
56771 28 9803
190985 20 5262
894911 24 1247
920127 56 7277
701788 7 4941
520449 45 2355
67706 60 1208
673027 98 7413
135445 66 3567
775163 84 4070
63010 95 6721
669969 94 7753
385570 52 6065
281034 75 5904
302888 30 4992
766738 43 8303
533326 18 1875
513213 22 3139
512023 21 8169
807933 55 8915
869174 45 9252
660409 84 3258
628617 58 2983
817026 61 851
183367 22 1240
994945 96 6419
214852 94 6775
455374 99 5065
485509 72 1108
602160 24 4192
818710 72 7050
88040 48 9636
996216 1 7728
193335 67 1057
872657 20 9954
381872 47 7600
924275 79 3130
344738 23 2092
379008 87 4839
91532 39 4628
832964 14 7815
551610 92 8226
210431 7 8816
440554 20 1293
705102 40 4662
777732 5 553
31481 10 6267
118592 92 1164
804786 61 5056
832409 89 7504
366923 71 2134
387757 66 6009
398194 15 5956
969940 43 9010
385251 28 1952
422436 58 4419
387251 54 3020
883009 45 9562
898211 23 9640
779967 100 4474
830783 90 5754
829447 33 9715
689301 34 8790
891681 86 2953
164947 5 55
199511 55 609
992016 10 383
280852 4 7518
828298 100 8682
358963 41 5808
960842 31 4880
635575 19 8238
165688 64 8916
393878 56 2078
360589 30 3170
331564 16 5417
128751 21 860
91083 71 26
379723 49 5442
783582 30 9975
936984 77 2416
270688 25 1288
263861 14 833
523686 78 4915
716478 100 5050
38067 82 1263
36421 31 3634
472791 65 8951
724637 99 1761
152074 7 255
283055 77 9732
743060 68 7176
480201 91 771
680191 85 5724
77652 54 7015
342765 72 2945
594914 41 5247
463300 20 1554
358040 95 7821
300098 52 7479
271668 18 1824
652192 29 9501
617516 48 8003
467821 36 739
760660 82 4685
308898 71 254
867122 39 7866
476337 55 992
714724 72 8517
73433 34 8637
895973 88 9029
369825 46 9286
980631 37 5003
200450 20 1148
559613 54 9137
747746 99 1783
985473 76 1065
418192 4 6158
341675 23 241
49405 87 2691
53998 39 7723
621122 63 6320
726215 87 4469
379886 46 4958
974746 47 3811
891237 48 3563
387301 88 9319
538845 63 9597
585636 2 726
735109 3 8798
39318 67 7896
697041 65 320
270639 44 8032
260933 96 7889
43752 43 8229
735090 95 3204
790543 81 8717
169780 40 8861
909394 21 4010
379358 16 3052
165646 21 3271
772677 60 3812
974726 9 9872
646358 43 241
505617 74 3198
262837 41 7895
600987 79 9713
384752 3 1343
386328 42 1884
641578 56 5861
921053 11 4475
935613 3 2779
835186 4 454
285525 40 3229
690516 70 6924
231052 25 9899
513630 8 7160
520404 59 892
527174 8 5552
384574 25 9607
659497 84 8957
619035 44 8772
69091 34 7445
805591 8 9117
127152 42 4688
130300 96 8652
516778 49 9079
93499 85 8865
203520 48 3785
754458 81 5834
20307 56 68
304707 96 1
280842 31 3709
489244 100 249
813192 11 8101
337219 42 6957
186722 10 1555
301034 93 164
217115 28 950
174720 77 2027
230499 73 6157
825280 27 1672
927183 15 5061
506393 71 6711
828596 15 877
501922 77 2443
764772 28 5993
496323 10 9768
835677 42 3002
443512 28 3515
428404 74 8608
727659 96 7228
95761 14 1033
561998 32 7810
140597 95 2868
421744 59 6988
449598 87 8339
24747 90 7360
653468 68 2170
470905 100 5143
453264 64 4455
298851 18 8159
824515 35 9927
265855 47 991
551320 29 578
934179 6 9365
106322 93 9509
320008 76 4880
897533 4 2090
832944 22 9549
383884 98 9597
727764 90 464
852123 25 4039
217489 75 9122
542989 1 1442
372277 53 2162
190461 86 4799
527698 90 6509
697568 6 5840
25537 50 4279
813774 41 4351
700505 71 8857
799603 31 159
613563 61 5327
406223 71 9473
777271 53 3796
382363 11 3282
354080 38 3498
114090 83 1075
407758 38 8521
188008 28 3976
834880 48 5577
260347 19 8356
558442 86 3655
884913 28 1755
972168 59 6233
567820 62 6943
891771 12 5859
520328 91 600
504008 35 323
730995 65 2898
701549 57 5032
907558 72 2418
738297 62 440
260516 79 534
333102 21 5601
592126 64 1767
945883 11 5849
777496 73 1948
919256 9 75
449701 51 6078
325777 9 4530
184382 62 2176
702140 83 9082
781652 57 2972
261297 60 4540
205981 32 3559
706364 99 8084
827137 97 6888
485802 23 5208
214069 86 1813
522943 79 3802
634015 24 6401
515901 97 2902
349294 55 2321
310053 93 4207
569076 88 9570
912215 61 1062
26715 62 3442
466803 91 1752
745538 93 9095
928142 6 9411
92284 48 6337
524055 24 3641
607317 63 2087
350622 3 7987
396101 55 8939
252646 18 5867
888262 90 198
427260 8 6085
990407 46 2217
85178 74 2856
95472 21 8875
650609 57 7408
286912 71 7765
975998 54 5789
585774 43 3770
842226 12 926
471114 34 6296
14099 71 367
462420 80 1429
167311 28 4909
489136 55 5198
235507 72 7295
452334 50 4635
299173 67 2605
214054 94 4984
485679 42 4903
503384 81 3744
105080 94 1524
511564 64 1379
622073 69 3298
417514 6 1695
402969 2 8799
234466 76 985
832678 71 6194
932653 23 3668
534597 31 1911
871700 38 4725
701688 19 3585
587134 20 3531
146271 70 1574
755170 59 6574
225234 86 7426
980759 26 4267
1129 84 3560
369224 96 3758
721556 42 5587
600041 7 8518
199330 10 3943
326830 72 8755
674473 73 1539
597307 78 2604
798888 51 3430
713738 36 8910
863079 92 5050
333366 96 7595
509709 25 2168
968981 80 5194
281625 12 6901
280482 24 9497
629040 86 7354
714327 79 8771
210123 24 6050
616805 26 7746
846819 44 5194
455445 9 1777
955867 35 6345
532563 89 7998
904396 55 3685
226688 73 7633
166694 30 1119
759040 99 5967
22415 100 9758
32238 86 7876
986208 51 250
280272 7 4606
216243 30 8130
643952 14 831
242546 31 1130
88690 100 1870
354976 31 4383
761098 11 5777
633280 42 9300
356108 24 579
484855 57 6683
428620 84 788
402634 33 304
896881 20 1164
589410 45 3352
161176 45 7864
962624 59 3287
142421 35 7272
36017 20 4128
696205 74 8823
643187 79 4754
884468 72 6462
831643 72 9889
236681 95 4444
421505 95 4257
735491 39 1782
344156 95 4158
319180 53 802
792204 9 6274
289089 4 5318
135938 89 8259
378742 31 6086
844979 93 4797
450413 45 2654
464950 3 2871
775679 26 3866
893156 45 5550
693084 16 3066
385351 92 145
27156 5 7709
399879 39 5590
274203 16 6183
403779 54 5830
962927 98 8842
870705 93 9415
924909 1 276
808275 93 3551
663610 41 8180
545847 4 3610
816386 93 4009
26197 5 9286
258352 9 1327
783624 64 9754
346713 61 4724
163284 96 1542
787104 95 9818
721408 37 4487
942749 88 8192
254760 100 5137
646415 32 727
40980 20 1334
666469 22 6524
311441 58 1305
276904 91 9363
956479 75 4804
905759 52 5948
422825 56 7971
875127 17 5098
915912 3 9924
294651 55 7637
382307 44 4773
50783 43 7604
279855 91 7622
276854 2 9243
300206 73 3079
782732 49 2159
54457 100 763
787091 51 1913
582396 97 5873
979379 4 5724
686761 100 6757
382861 9 7298
556990 41 9024
761163 14 2841
338377 77 5195
196981 76 7527
926215 14 1666
554218 25 2134
720626 13 2199
864629 1 3841
256696 76 1976
486578 79 3704
480421 51 5946
653713 49 7904
951452 51 7001
812700 54 9277
964201 30 1638
846823 72 2487
938736 82 1497
752157 77 2755
131599 14 6818
31245 30 3041
992900 49 2708
45166 51 678
605248 70 259
961081 48 8027
799339 19 9348
624651 92 2103
23130 78 9419
159986 99 6343
309327 92 3260
373602 41 9393
375646 68 9284
519199 37 2532
57896 53 2305
423322 9 725
356074 61 8687
368022 94 5036
99151 92 9683
461415 84 1037
104100 81 3092
440677 37 361
967727 52 9978
933698 67 4333
128261 65 8478
250437 10 1017
285786 93 6612
328838 49 1652
350330 13 2528
609528 37 740
156733 47 1785
634884 66 4963
748233 50 3091
89996 63 3575
147142 99 389
153589 63 7971
431236 93 8250
393936 61 4050
55080 85 3644
384481 1 4292
694268 3 1954
901858 40 5060
696975 34 365
301952 3 9099
755689 41 4808
636212 75 6374
789923 18 407
648060 46 8145
929567 71 5545
869778 24 5891
784723 92 47
823826 82 745
4365 49 4061
668668 3 595
334676 99 761
958244 19 1070
506134 96 1141
342997 35 6088
442336 73 3024
492504 43 4198
834811 53 3854
540041 100 6345
920124 42 7033
793151 54 9426
150946 95 2055
286910 33 3178
269021 55 1562
80967 79 6687
647128 25 5756
976181 46 5045
569560 52 7597
140819 85 6329
319385 50 3218
279989 91 2345
889555 43 4095
134400 43 5859
778159 84 3813
730550 96 2152
552651 38 7971
620391 44 587
891001 23 3283
590135 55 6337
449690 47 3772
655677 90 2444
519498 36 4903
886902 72 6754
39419 64 7022
243084 99 1228
228228 58 1059
783314 16 2523
931058 95 259
365557 71 5288
698896 34 1507
49296 49 8653
879062 83 1524
363545 55 2097
845894 32 5600
750373 31 5993
835698 8 3299
230197 86 2132
606468 30 5679
657153 38 1589
32266 29 9041
192807 13 2476
973050 94 8365
433053 47 1192
286548 15 1283
540017 31 8305
445245 30 7192
286517 82 8428
797075 80 4523
485457 65 7224
403569 82 9756
955514 53 9406
125281 72 4052
210025 84 8440
917904 60 6653
923302 44 9438
644095 51 5986
836293 94 5948
901050 49 9389
782312 3 4460
325442 35 5732
742496 85 7415
666741 18 4899
533763 34 2818
80349 15 3910
484691 100 4882
236461 50 6330
910842 61 6262
185673 24 2309
983364 45 3930
951602 36 8588
496288 59 166
89617 95 2558
313753 88 9197
872899 62 3699
759029 89 734
978411 61 3232
797225 84 8610
977112 35 4641
509152 72 9569
916579 74 7518
392876 87 1727
192300 27 5041
937860 13 6009
291748 44 3835
827899 77 9318
280152 84 263
262334 13 4673
707994 77 2305
115748 91 2784
692406 74 3516
106307 82 3474
525479 37 7622
34939 90 5408
365645 40 5856
182030 42 788
768093 50 5636
160477 99 8896
180986 40 7061
953316 7 4081
740200 26 3771
319648 61 3997
722338 31 2069
69150 83 3546
332969 4 4315
320924 55 5612
259376 74 4621
358773 79 6397
310323 25 2130
89534 54 8943
358670 77 6941
66122 93 7562
711891 5 7325
508998 43 9078
32149 28 5285
857851 67 7235
416909 98 7785
444927 82 9716
85073 59 3265
172758 12 415
445184 3 302
345625 69 1126
88946 33 6019
463265 99 7025
107997 52 721
687904 38 2888
396411 67 6068
374713 16 4104
581671 33 1716
793918 52 6871
629448 82 8345
222715 29 2582
197370 41 2870
887213 2 4006
473185 71 79
456600 53 691
373598 49 8025
570543 48 2440
12043 43 4233
564387 56 4057
545944 11 6883
303532 18 930
848714 60 400
692505 22 1343
334601 21 6120
283184 27 8091
194690 48 3169
24090 47 4112
382996 2188
888316 36
521487 9346
447982 9002
769001 2414
944313 4992
242675 9901
227833 6343
449382 1468
486399 6480
119016 5336
51564 6716
303501 9450
139059 9399
306725 7913
23265 7665
305513 6691
472403 9898
240827 7466
955351 9641
251309 9650
818588 9083
123512 6321
769209 7561
558888 9928
303726 9930
429927 7248
915676 7316
438206 1998
441866 8398
604018 3318
493602 6742
196342 9999
538107 8787
369750 9512
782578 410
638193 3389
115338 8674
939518 9987
969862 9151
49496 1018
807780 5038
938468 9535
45234 6791
194037 7861
34508 5548
222167 8890
403649 9977
865630 8662
500610 9718
28981 9403
22607 9730
720136 4589
192669 8860
721525 8228
607933 6111
118283 4303
307984 2066
154269 7666
276333 17
943987 5319
882378 9977
575003 9951
830495 7931
192914 9789
575768 9548
722221 9325
164056 2456
437482 9985
505425 3407
74197 8723
427599 8003
419350 8285
971323 7048
946261 4016
138080 3406
931065 9240
510321 2913
410524 6264
375815 9504
258157 8480
359029 3717
402214 9482
96467 6122
485025 9969
106320 9513
541591 9897
826032 2788
966788 2294
785814 5032
976004 1350
892460 9837
797018 8467
653262 1648
636689 6812
440676 5939
987241 9924
232784 9945
490844 8228
165261 130
119944 4312
961291 8346
59432 3663
263051 9967
889540 2145
786786 6988
886528 3510
601900 6746
31209 9771
375465 9755
255862 9933
753988 2173
94068 8407
915993 9949
46754 6628
201105 9416
316389 2467
548116 9971
709285 9930
103774 3373
222580 4956
695614 9603
496560 8144
559425 9877
627017 2018
450488 9284
662531 2889
428465 9893
79719 6610
792824 8897
135004 7692
159371 8955
418225 9885
19564 7324
391750 9433
350475 7759
805879 4029
525692 9892
883271 9828
648667 9570
149929 9878
987865 4881
379688 7990
408098 6748
626277 1697
551729 2794
351144 971
277433 2235
289501 2541
490738 7979
467315 9333
560794 252
57567 7620
634206 3354
517708 3481
984524 9013
27858 9615
864241 1556
899016 5893
499008 9962
854401 1359
144244 9714
469803 3491
842886 787
705171 9476
317589 9837
231497 426
34245 9292
264686 9583
51825 9743
285644 6292
254123 8671
198426 1785
130075 8761
487947 5244
166010 9367
204120 9829
467978 8911
861938 9995
168415 688
288270 6661
709277 8025
491483 8411
255827 6412
907104 5574
225720 626
540396 4163
737349 9445
862616 4771
525922 9488
108757 8029
110743 680
641467 9367
913708 5671
533640 9718
950602 9735
123277 7364
640905 2591
168744 9964
826447 9525
512534 7461
399717 238
207464 2460
831652 9972
195750 9982
306593 1452
657136 1144
691907 9859
898318 4308
494043 9939
113830 2517
353443 5348
890303 2684
439825 3974
477722 847
191136 5341
466452 9780
166645 6050
130062 9529
756412 7839
911358 2222
475289 2983
510067 5716
522684 2712
95856 7347
664538 7312
960558 8230
978608 9670
60319 5166
829911 9028
275392 9200
720180 4870
477900 8602
250860 9948
155158 4722
949971 9548
323837 9824
306287 9808
775007 8179
696910 9282
186836 9432
190964 9910
937889 4679
692170 4988
82490 615
93013 911
245871 4138
642718 6309
989819 8096
746063 2682
33108 6548
260606 9622
465120 6034
714757 4806
433955 537
523119 5096
111807 6046
104469 9582
756836 4508
522792 9998
297880 9833
549625 1243
29134 3445
55095 9341
107917 5896
998005 3717
555503 5445
488974 9792
56962 9055
592404 2177
46848 2261
190582 828
43704 9614
521850 1286
667628 4178
285007 4723
354664 8194
81178 9525
769147 9867
694475 9536
32323 6634
196304 3595
650794 9871
336643 4884
502836 9407
344774 9432
165956 3605
321256 9465
886865 7213
572488 9980
602758 4871
990651 9987
301367 9198
798175 6450
172148 9986
796959 9002
352584 8141
615160 1047
136339 9196
409654 4140
854885 4625
689510 7992
577429 5727
648994 8645
705916 9790
912809 7917
264765 8659
288408 912
583221 663
662483 2776
642949 3649
538793 1735
543739 6420
657775 2962
425269 2476
960308 9653
552818 2886
33151 7665
958816 5503
649116 9895
953821 9662
542445 7142
563295 9978
476498 2083
224486 5825
521132 74
337848 663
71550 1531
231043 9915
968582 5151
143448 9897
288885 9830
36017 8920
797801 6055
299695 9045
418514 1266
956613 9838
725325 4057
671268 2267
736640 26
326088 2136
251782 2033
834863 7845
23712 6875
131 5398
899665 8577
500024 8387
929756 6143
820475 3538
392671 7440
280639 9776
61641 9992
244705 9885
871145 9665
370158 8936
796967 1742
336075 327
448791 5287
961249 5378
347087 4676
292064 2076
134550 2431
662196 6761
391782 5903
49469 8962
990812 8113
6263 5212
283932 9400
984796 9812
928699 9540
546911 7973
813953 6538
333066 9575
821157 9840
391979 9222
529754 4776
959290 8248
933589 8113
986784 3828
626966 9764
889601 2923
957442 515
975017 2160
882227 2842
751148 3486
481708 9996
37125 6093
630606 9590
619040 8785
620205 8863
658352 7313
987647 7067
347413 8255
341010 5026
271695 8420
69276 1657
135439 1234
64653 9805
524690 2869
408570 3034
270765 9485
87819 3401
413363 5517
189095 6423
146605 7432
364394 7231
967727 9978
852150 6717
914636 9736
832087 9645
539343 8253
77908 9122
756394 9998
408585 5591
319565 9039
175803 9178
555842 4300
122220 1113
707736 8450
99170 6784
201636 8534
642551 3528
822946 9877
870645 9036
669770 9450
243900 7107
584078 9803
320983 9996
671652 6594
13614 7758
110512 8110
154950 3007
219747 7489
565782 8730
587700 871
634574 388
990853 8746
552501 5188
934407 7985
70475 3023
587206 719
318213 9030
99142 9702
970241 9957
493985 6927
202696 8922
243137 8190
604058 2767
226373 4852
22629 3212
203505 2082
832744 9901
693220 5033
311740 8255
747253 9279
789727 8798
838967 9814
777037 198
106254 1191
480406 1400
160831 7956
697655 2845
822066 8354
736252 9268
457860 9764
13253 9418
9239 9315
558359 146
503282 3152
218478 7623
615157 9954
215835 8235
836644 8455
737278 7159
320952 6584
689058 9919
192898 4314
445070 9863
803222 7682
693344 9358
252967 3709
535001 1799
701955 9685
180373 1491
812663 5446
145450 3046
596743 9746
180911 9166
332723 3159
786311 9736
199484 9059
972399 1597
878726 9716
133781 1856
842877 6272
709417 9987
53531 6833
337552 1080
909428 8095
940255 9481
152315 2329
337219 5342
313765 4453
418695 9858
509652 8907
601242 9783
119927 2570
739674 5569
328490 7563
38006 8744
893346 1614
470857 9905
740347 8710
397675 4707
780350 3187
882591 8964
127877 9290
172390 8726
537565 2269
262729 3043
602560 9807
557261 9492
192973 9797
732651 3214
76163 8906
625722 9828
242085 9953
513063 9402
832764 7426
736314 803
698637 9128
231339 6472
708053 6502
15490 9964
118751 9947
90999 3360
844311 9955
360670 2976
300578 1885
210258 7380
178500 9338
641622 9650
4751 4784
874839 2046
106453 235
844649 8048
724025 8737
985036 9995
644687 10000
99291 8959
146169 6697
670280 3558
338669 8616
289696 7908
973982 8935
751039 9453
769831 2095
500693 2483
335275 8254
57860 5907
964277 7048
927202 2337
75844 9846
875673 9578
286586 9756
259454 9995
685713 6656
380132 3015
761142 2353
991079 9807
772442 9394
545451 9337
303613 65
995217 9696
432322 9253
588705 8858
11312 6509
663395 3919
784474 5349
848334 1156
322850 8523
989746 4211
997410 3652
335892 6080
768913 9985
157175 697
568048 3023
426891 3204
890052 1307
866688 8706
174609 9828
473144 9475
287375 970
1711 634
719641 4358
895500 8553
186011 9154
764975 8821
531770 9988
439737 2289
19603 9924
423141 9942
757323 9769
905317 4162
685813 4722
275681 5259
359822 6910
97214 8373
757726 9699
65405 7709
33521 9957
548248 7804
592731 5670
507009 4125
226152 9847
987414 9988
408252 1043
775619 9873
902646 4704
89119 522
399733 4682
988556 1060
950811 7098
487991 2128
621214 8619
483728 2586
206073 6251
917904 9263
62231 5197
398048 9638
134713 8962
788078 6988
796774 9482
713856 4119
903808 2829
551127 9542
35299 9359
882518 9205
26251 4165
397391 6898
653326 6096
137095 2005
647841 2437
631251 6703
180308 8830
49129 10000
638432 9711
698982 5919
504270 9405
163378 9287
465742 5777
649130 5199
424303 6078
286485 8764
804680 3507
147874 7418
842594 210
338687 9759
271725 3688
960831 2898
582278 3710
344879 3850
896320 9862
686769 7978
964977 6149
771071 9898
121799 7923
276753 3424
208988 8745
669462 3337
998826 5061
621118 8878
165896 5272
32231 9168
337132 3941
482949 9876
721190 9488
638233 1418
941386 5792
154026 6769
386964 5340
468400 3397
183691 9789
620987 9736
606250 5571
231881 8404
375081 168
961634 5953
721010 9419
708940 8545
794361 5580
743203 8535
182818 4473
218200 9821
962898 9260
247069 8075
845116 4632
761436 9927
316032 3059
808156 9987
14669 9933
436876 8867
895334 4149
671189 9101
235596 4061
137274 9286
106861 1295
606458 3587
257211 9961
647127 3308
547718 9640
93513 8895
393676 9840
789196 1683
416463 8372
273443 3434
761331 9203
975576 9418
283744 2960
240389 8954
650610 9871
847605 2306
778136 9890
482072 7435
16726 9756
258317 7961
840452 1659
928290 9837
610430 9447
847923 9790
657799 9993
651252 2455
394442 7584
101080 5086
567320 7710
750264 9290
478489 8683
576487 4134
616067 4436
805228 9606
505899 9375
916829 480
839929 8538
829312 4692
574567 2647
659032 1933
721737 710
458740 9530
732905 6481
848148 6182
30676 2361
435662 8650
74424 8824
838323 9930
208687 9877
573537 9439
715538 9909
858169 8240
350892 9876
625291 9941
224693 8996
574303 4151
360713 9879
410446 9501
807188 8118
413634 9616
409704 7493
623567 5985
257287 9816
306722 103
50561 4731
824515 9927
312809 8952
569061 9613
651885 7509
96980 6171
931782 7924
135499 3060
790041 9432
38102 6508
253419 6357
505484 1404
175533 8667
858321 4030
813220 7969
581906 6300
310243 5321
383669 10000
556202 6465
209522 9228
106936 8389
574129 8681
134174 6156
794195 5480
821248 6323
714848 9441
276849 9734
18294 3315
522633 9202
443880 7441
774103 4694
258082 5295
504279 7505
932782 1460
907848 6710
760929 9101
380913 5184
449374 2181
260020 9678
576724 9557
461474 9386
441025 674
395427 9975
473115 135
208128 8247
675716 709
65746 9796
543944 8432
29876 976
643484 7475
42253 6696
466403 9705
699865 302
19026 8371
227449 3619
889435 9868
104177 1473
956057 6661
859239 8855
377710 8525
110945 1122
988726 6508
685347 7318
175445 7119
811571 8813
25318 8275
479930 8264
527698 6509
912446 8786
307557 1303
55718 9801
665865 9068
103190 8920
707397 8645
154998 688
77898 1929
283000 9800
583448 379
132797 8930
537789 4771
971188 9227
898148 9837
816766 8204
696463 1473
799431 9477
983670 9951
141813 6502
762294 3878
355721 1812
965166 9771
642097 9958
667815 9027
520190 4727
201026 6581
332261 9898
440307 8757
414300 9835
799871 9622
63359 9577
405187 8419
433309 8741
232481 8397
965663 1277
81145 8188
610484 9100
56473 9136
169220 9768
113802 7604
397736 9122
105791 8122
726933 8774
722398 5654
104904 1009
337602 2210
578217 9417
247738 3195
572090 3155
198754 1529
731810 3359
249314 8416
845448 5840
826577 9012
732662 544
900995 7005
729622 3389
598734 310
547465 8614
890342 4880
605195 5403
387049 8434
456052 9996
60640 9514
139955 3164
1135 9948
88618 8346
733760 7724
513371 3659
981727 9528
549796 5543
725514 3292
698659 9803
318781 9720
393524 9590
854158 9527
464019 9623
51298 275
581751 9367
229241 8097
593036 9877
709124 9723
436198 5525
471280 2773
429341 4098
277524 9998
313632 9519
564631 8300
445194 9397
36413 9702
930342 6683
599589 9855
74265 9550
84707 4153
336240 2984
120116 4977
308167 2856
630506 8990
859173 849
715129 8829
17273 9885
383083 9893
809917 5890
361314 9799
78752 725
119846 6066
65333 7793
106599 9664
658984 9587
575321 4853
465924 6965
945094 465
357201 9862
577200 179
608118 9173
838961 2655
832248 9359
321157 3772
464312 9693
397547 9743
439526 4233
45233 1253
118042 8683
185316 8167
536158 5184
657397 8851
26152 9761
125637 6327
601008 9927
80556 6093
381233 503
72669 9756
368906 7694
987905 5353
876 7773
109531 9511
288442 6795
872657 9954
474147 6773
348545 9936
375115 7334
940363 7332
449334 9156
206206 9310
881896 9396
96906 9029
644215 3103
189297 5869
58249 9857
235553 9802
697359 7378
791588 5292
678929 313
309035 7299
680600 2036
431188 9887
231025 5584
305543 7694
14502 9538
127860 8329
569868 596
381334 4934
94954 8936
333698 2004
685238 9073
284910 7755
542132 9408
483876 2054
641484 8051
111883 87
856550 8857
829865 9675
619741 3545
64263 9918
793509 9898
357963 358
961084 4548
955596 6988
884253 7180
83911 7916
107886 899
47548 8740
779090 8156
365994 7338
550646 1848
868915 9968
866812 8462
304345 8177
747637 5279
911609 3804
995406 3088
424146 17
383057 5077
521541 7670
908820 9600
262285 9823
736043 2426
217422 9313
102627 7827
734140 6397
815806 2811
939896 4421
186825 4420
695029 6916
565314 8890
568316 1737
454121 3123
7311 6002
714020 424
17642 3950
373471 9822
958298 9696
814430 9767
484677 2811
504175 9770
477062 407
420399 9310
187938 7289
367500 236
39310 1235
86295 9815
893683 6849
840314 9390
40111 8894
208246 9916
639666 9579
75379 2853
767427 9638
536631 9611
672959 7562
350232 8507
453598 8748
898339 9989
674378 8979
437852 8788
594101 4414
828922 8980
440539 6949
707620 4742
922862 6516
634815 7043
795820 3409
436330 6587
315188 7126
989712 2690
969007 3306
980658 9365
486570 7195
900401 7514
699700 9344
47408 9869
537261 8183
452516 4311
214816 9507
27522 9715
623873 9577
659173 9301
619387 3572
513935 8010
549187 9604
773329 4853
32540 8405
539541 1434
812325 9817
954736 7667
699510 9897
883865 8461
77755 7984
112120 9046
212060 9976
699107 4596
713746 1248
609892 4101
780160 2909
514209 5592
865818 9637
49447 9363
421369 2686
558355 3734
149657 4120
239192 3109
964531 8353
377615 9462
138383 9961
136705 7486
833887 1808
635757 9452
407805 8791
915953 9994
68347 4663
628867 9848
169480 9259
277399 8662
117379 4994
223518 3689
303043 4382
303533 7073
510933 9736
766345 9644
409542 6358
65410 2546
904731 7482
115002 1517
640377 9699
806706 5943
900670 9875
780423 9650
622791 9184
648796 7305
417463 7222
307146 9939
598718 5026
683789 6654
939247 7219
807709 4513
679243 4413
457912 9200
667377 9942
74659 8754
750172 9613
11348 9725
89305 9166
662374 2044
149292 5493
159024 8477
690321 863
834323 7037
114808 934
382504 8729
795244 1207
822759 5808
589146 8347
449982 9735
577440 2702
813600 958
27399 9356
220406 9219
208707 9867
698610 3030
659687 5131
752271 9012
908970 5072
523653 2471
200422 860
717211 4378
226277 9516
75347 1579
444865 6079
263237 6582
539245 3276
367731 9748
333371 7033
684292 1959
494266 628
622242 8224
559101 9704
782723 8201
762168 6944
895618 1857
779049 9700
517413 9855
508974 9847
418818 3650
132668 3380
614180 9268
963133 1089
722700 9967
269002 9655
378398 2809
934125 9435
96141 5756
477162 9933
696481 1552
688772 5468
25958 1627
272316 3815
551565 5066
940406 9368
966275 2155
744664 3397
211572 9960
509132 9608
731384 8051
906572 5222
755005 8762
825444 9194
417279 9603
526292 1638
647539 9794
789278 7037
866145 9690
943643 1034
921655 9666
671078 3367
249505 9158
322715 9892
265991 5575
826726 737
827868 9367
837255 8772
559333 4050
567775 9013
214731 7022
585749 3472
182669 2750
718999 5898
311920 3936
156711 7712
860200 2867
23148 9440
895354 2970
964870 6575
266187 9191
743102 9791
899675 6203
796702 5963
604649 285
889955 9473
742657 206
864252 5266
939100 6984
139464 9457
56719 9931
535765 9745
290675 9973
406278 9544
496450 9899
415115 2935
160369 8143
416125 9989
692875 9910
652516 9856
344597 5835
344809 5103
126092 9654
938031 8808
296507 9788
754635 6105
502416 9841
626070 7358
957558 755
160403 8999
596889 6609
906730 9850
892541 3146
905841 9761
967069 9914
787122 9837
143081 708
596328 1924
889906 7271
406607 9440
43700 9404
870564 9819
727955 3091
365775 8571
925601 7626
72534 4955
708323 8504
584808 9851
147410 6621
138497 1413
694295 9892
390601 1189
81220 685
572420 223
918433 7569
893887 1845
727265 7479
703545 8073
858721 6298
346041 9036
62410 6544
434070 874
426516 2606
96681 4432
23852 2907
320756 1512
731324 1472
224880 5260
437969 3355
582317 3755
486085 8913
632991 9673
268199 9946
794972 3766
502276 1772
275739 8677
235764 7793
4115 9955
342438 7201
295405 8084
708059 3328
997319 9939
605019 431
689923 4745
272805 8938
359229 9988
585807 4173
83165 9340
11941 9422
83605 9569
614138 9849
395567 765
876463 9457
930129 682
810431 4047
95405 9007
737310 9139
989195 7201
252798 9500
265693 9594
938023 8682
487802 8538
675309 8464
519289 3139
130978 7071
51785 3035
241582 4714
739133 289
414024 6050
765283 9964
889196 5876
604550 827
526657 7662
517827 6678
682768 9853
943187 1014
636341 9999
668178 929
775541 2036
503309 2347
842498 2106
653686 8881
922486 8666
251159 8560
330492 7272
115380 4978
697845 4390
436164 6229
938705 8380
367827 8148
935346 9816
185977 71
686654 9434
968125 2447
836646 1813
849243 5597
753929 7070
506766 9537
477405 9743
429182 9367
752766 3738
974650 9981
20723 9103
135558 7837
734556 4433
839809 8165
402884 8894
717997 1410
314743 4511
365568 4568
713415 9442
602070 4801
483342 8855
794933 2210
96404 301
311976 9912
272278 8280
246057 9730
528377 6802
990784 5094
366667 9727
447458 3967
400426 3913
496368 7809
208675 8886
7131 9287
473458 4172
717553 2286
280931 3032
866734 3785
730895 4550
415204 5899
783567 9994
538944 9611
255088 2355
648711 4188
412698 9908
748170 1388
187630 8458
41221 7015
438080 2268
173231 6424
379783 9805
208345 4187
387470 733
716406 9817
544635 7817
80396 9424
653333 3033
928501 1740
288471 3130
189510 5661
821691 8980
546715 8013
329458 8210
56251 5461
375121 8364
580794 9730
615565 4155
635543 9929
324758 9970
653395 4838
682026 5173
865028 8681
538908 9701
840690 7836
15450 3253
212542 7427
513939 9879
119623 1602
287347 9722
817114 5156
813333 9973
472606 9714
663137 1442
625803 1697
438693 2367
123605 7369
658712 8937
319518 7305
847203 7818
981019 1613
210726 2014
388987 9631
222470 2158
945939 8454
286102 192
496159 8
617744 9744
590197 9595
676568 3952
553000 2116
271840 1449
532 6281
115612 5905
746870 5775
825188 7321
684320 9185
775252 3800
804384 9405
88127 9977
956659 9958
871722 4302
70667 2242
732020 9446
918426 4330
253054 9793
678138 9554
720605 7993
439979 3400
159882 9497
664060 9483
327521 9541
109644 5757
619355 48
946830 6233
616963 685
501499 1410
724677 1469
286075 6946
588932 1189
470457 9471
102831 2260
165104 5386
189429 3363
720662 9872
907716 9882
849823 9255
485401 9987
512973 9619
664012 7062
134282 844
481994 7647
56898 8867
21658 4766
315566 8162
428399 8284
620751 1841
571061 5710
752618 7762
68406 8900
591131 1200
467150 9662
38160 344
729513 9339
669151 8443
215307 8351
50398 6281
607526 2843
537392 8694
770222 10000
542108 9376
611845 9622
673721 9899
365019 6444
384508 9981
841705 7962
382992 5348
302820 9486
332368 5020
5262 929
247807 978
654308 9722
62913 4407
923215 9711
519861 8999
251489 5898
194153 9965
252189 4256
331756 4835
24530 854
359688 5338
78761 1344
288962 6031
43023 3593
386714 7112
354875 6338
601513 9994
860016 9702
867880 9298
208884 7775
462456 9209
745174 9828
32489 5267
375361 3982
263804 4677
966998 4698
461941 7719
261816 5521
890524 9730
270327 2294
370783 7205
646869 8327
495541 8751
428923 4159
637790 8115
390868 9551
458315 6132
358032 9360
586287 8482
737473 6176
611800 8953
674663 9346
564273 5829
165844 8328
380188 4597
839070 7716
750546 6970
466287 1012
22224 5949
465793 7784
570539 9878
896775 9992
388702 6522
507779 4462
941161 9378
363927 9732
885146 4700
67559 1460
444080 9960
47868 8887
197718 6500
936568 8676
458808 8067
669885 193
754820 9603
248858 5533
617657 8275
840070 9045
231133 4316
358668 6839
410740 9603
354390 4858
864950 9607
102826 9585
312109 5977
560094 9383
145538 2714
632913 6493
808215 2769
939546 9071
72984 9572
233627 8644
752007 6450
424717 9555
693623 3919
865334 6667
650121 9809
731295 8781
68082 8569
969651 9109
350490 6366
314005 312
588255 7064
416766 1045
599435 6230
245310 1136
379512 3828
163952 9629
424465 8014
714825 6372
340532 9860
145343 2585
774394 430
791513 9365
188428 4669
371417 9629
966414 9733
925550 5937
510265 252
819299 9979
707808 9959
667651 519
553235 9963
597084 1428
499548 5075
996042 1709
47487 9775
335549 9951
154233 8507
301948 9106
355597 8036
375495 5508
919406 8964
772743 1821
512384 9986
348602 919
55157 1709
16924 5021
302067 5028
630209 9048
153029 451
897433 1210
214406 1921
314687 7479
561180 8978
978492 4958
795674 8847
294759 424
724169 9917
689361 9026
421001 2243
98365 6724
390370 9819
466793 8134
26073 3908
123129 3491
557975 3102
902844 8036
60702 9520
648208 9810
523986 7713
325056 1987
735197 5850
428724 4231
742840 8159
754797 5321
274308 5475
2238 9797
932197 9421
409977 7616
969006 7590
803820 9949
132918 9515
441561 8501
642806 8481
591805 9726
504412 8263
941422 4057
456216 1421
141013 8258
843772 9042
919689 8275
353816 9163
711995 9897
304694 7255
721937 6284
26083 9643
738131 8287
69419 7882
369995 5865
290515 9719
582033 6284
22605 9989
716690 9129
373266 5218
481886 9590
208390 1414
651640 9540
716245 10
784642 9989
861041 9895
243588 1232
231879 187
612865 2376
247768 923
897188 6536
647462 8662
519085 6291
281931 9584
904882 8581
748618 8834
985319 6387
920718 2384
570251 9541
730474 4722
300328 7802
330162 8839
903023 9120
31908 2487
726382 8801
158571 9602
628485 6633
679584 6589
201891 9197
401981 9943
758379 8583
30420 1993
342443 9660
751516 9851
439377 1870
223305 9617
145163 8872
884751 8834
534020 8860
146490 9804
454771 7166
526893 9036
182460 1769
768642 9976
38289 5973
351776 1167
938128 4535
155939 9812
875840 8340
402037 8453
551498 8603
232096 9568
836434 1615
104423 9066
15641 6450
283518 6303
224907 9873
528887 9899
268102 9623
535020 9129
632236 1952
428665 9034
458443 6631
290179 2284
813560 9911
750646 7616
737706 5881
985857 9940
98125 8344
110253 9989
198394 9497
903958 3249
965278 2971
145397 9573
141588 7493
280990 4899
665466 9934
389572 2992
245478 1179
693071 2581
714592 4132
904356 1879
498042 8057
579995 9200
897500 3504
19899 6609
625456 497
147895 9519
213623 5581
74509 9750
484103 9406
806308 6985
576841 7240
310957 9026
447106 9688
569180 6179
816414 7704
984325 8997
469155 6509
641558 891
532084 5843
90738 725
116659 7544
679890 5701
823798 9732
884257 9958
880292 4537
853760 7013
640176 7263
764312 9551
950052 4320
978778 8556
310786 8477
153429 9733
792611 2971
161253 9377
233951 3330
543800 9656
983068 9994
479587 8394
604683 8307
828039 9481
980447 3387
926188 9954
406770 1255
541489 2409
706601 3332
153642 6127
304752 9914
267829 8415
321249 246
919205 1362
712215 2405
855369 1868
330222 2398
779904 8886
224057 9807
504402 6328
944295 9846
898447 4974
370394 2962
387044 9657
870707 9420
974022 9937
714671 3032
220530 9661
740072 8809
486038 7704
905964 4126
773825 9622
211220 9902
222224 5851
156131 1864
472080 9929
972663 1592
949192 13
207150 5255
732320 2821
993259 7861
519813 8948
640777 4372
61839 1258
595983 2081
771809 9932
802143 9816
649587 9544
546517 8020
449223 7940
748242 4809
101729 9680
116079 8177
122940 9151
89896 9504
148237 3007
642324 7451
451455 9381
939459 3846
24042 757
396884 591
653356 490
426391 6519
66941 1767
937126 8927
204752 769
768733 8472
30749 5459
513985 9945
133341 2368
989726 9441
182613 9497
147618 6601
42194 8335
499848 9910
829465 9851
171032 9962
846780 9548
296570 5449
810087 5564
406736 8643
497925 6364
355347 5877
434188 8903
576976 3902
414100 9128
769304 5940
669083 9821
184235 1997
151776 1803
277864 9939
887423 8099
590918 2585
479531 9583
212320 9118
269723 7147
353063 2642
362821 9691
653124 9535
396820 3190
620412 5999
344509 9444
28350 4149
480228 2277
735634 9881
323062 5949
578760 9937
153387 4789
438715 9598
694399 6580
624215 4968
157895 9751
374105 9406
314120 3495
916186 1824
205732 4281
75049 4533
942469 9994
356742 9550
12170 9852
868699 8750
872419 1494
819983 9916
943327 2645
96246 4695
973487 8740
124177 3637
962553 4081
656738 8731
527661 6049
795132 3005
421528 782
852563 2427
167727 9625
294286 9917
453309 9867
346430 6363
998481 5187
747855 1128
188720 9622
262231 6500
391463 9506
222698 7848
75182 9591
919303 7147
507012 3627
