2000 2000 2000
563107 77 909
441122 86 869
754346 4 536
127038 81 690
578635 87 467
565162 33 591
325734 73 403
19816 85 657
478076 62 436
652477 52 499
839483 17 955
512888 20 194
879881 3 508
415541 27 376
752160 69 290
959949 13 3
509615 100 968
63532 17 116
977596 17 482
491681 31 582
61681 97 684
834528 39 624
594768 45 571
707097 36 46
818066 91 14
995066 88 281
880168 38 711
3509 74 595
378382 62 47
594136 77 925
297471 45 838
503288 4 338
299855 87 520
218884 66 465
468364 40 271
380150 18 311
557363 62 131
297149 37 101
604939 33 43
881286 17 292
172225 77 427
628038 7 279
582134 41 169
658501 51 30
693662 40 860
41411 67 588
449827 91 193
831580 71 218
47369 7 648
147463 7 260
509700 25 301
685988 1 724
434653 4 229
345595 26 263
224492 32 447
320187 52 260
594096 32 728
864895 13 52
689978 84 696
343936 38 996
121760 12 224
904613 17 632
254601 52 103
269261 54 488
373058 33 589
114020 33 750
128039 51 755
674115 91 858
337102 65 495
313572 29 974
116170 49 270
155295 35 243
818914 94 878
577978 17 975
889410 73 378
871523 56 644
237461 89 133
876754 60 966
977043 98 998
875549 69 768
559646 98 800
422367 83 432
167766 10 138
219125 48 675
151669 86 682
815896 9 6
125898 52 647
659058 67 539
116372 65 129
968954 69 698
734385 20 476
554342 47 786
715045 74 645
156732 42 984
218287 82 636
53129 20 331
564502 14 387
100846 54 786
879437 35 545
366497 64 281
392563 82 964
84779 37 189
849316 45 994
180991 99 171
24704 91 92
340318 44 151
707893 94 640
782675 49 54
542309 47 370
957274 93 809
710419 53 649
707791 57 622
703207 74 142
978507 51 535
894589 27 796
640946 3 252
705194 52 549
406195 87 297
770201 8 7
516165 66 418
70592 98 148
845787 61 189
166653 81 384
24895 46 362
589538 89 208
996473 67 270
302631 18 154
133502 89 917
87903 16 459
27075 25 43
316998 44 344
926341 91 16
290901 1 215
228551 95 420
393237 59 592
928843 14 172
541445 21 256
274197 70 962
374113 98 790
801284 98 899
439725 32 403
660210 61 383
110719 82 121
349459 59 342
416764 40 508
347888 65 667
95592 11 898
630596 53 614
343897 55 807
190685 42 688
784191 71 307
23849 8 699
541337 96 817
319484 72 800
886353 22 741
932690 50 136
699035 59 545
570803 13 355
443784 97 807
77727 44 878
841506 60 852
607540 45 845
823468 9 435
629106 86 374
679413 88 799
200208 72 475
78760 2 504
755099 99 441
143788 70 897
475002 83 541
932590 80 119
541962 51 460
664429 26 304
42437 3 918
771821 82 977
655373 45 302
550625 84 744
980547 5 775
899720 17 652
267080 43 498
758748 42 456
381839 32 851
489430 42 905
724655 92 158
632462 25 869
717266 63 215
381813 22 703
65019 71 934
891451 91 324
367375 17 49
731769 69 753
745373 51 3
569415 70 528
498968 92 587
907720 2 173
920347 17 324
236831 40 414
186197 94 884
233563 1 21
144974 43 185
727173 19 932
32470 24 649
848345 49 847
95613 80 381
139480 64 34
136949 91 183
873788 55 618
754394 49 289
478336 55 75
345086 5 216
42079 79 171
230352 92 259
358300 5 698
898296 65 810
234772 84 380
609954 54 863
740214 27 165
995556 81 504
225363 43 822
591141 8 560
637701 88 836
990284 36 157
826185 80 212
957498 77 528
31037 22 325
517924 37 502
834065 55 542
946119 65 740
411626 15 620
787423 57 487
57917 99 753
114140 73 349
84862 3 244
318046 19 612
711774 46 659
424839 31 30
591698 20 973
35231 73 827
474625 58 908
731861 38 328
288783 16 151
413080 62 866
547357 83 173
972363 73 630
951304 23 44
579987 2 628
893198 70 404
236513 23 143
822103 48 684
964137 23 899
495631 57 145
790661 31 909
840214 42 83
604590 72 377
379201 8 138
452190 60 145
445993 24 992
51897 98 413
595145 28 504
800403 22 305
625041 77 757
240253 73 478
306228 61 568
626725 77 587
31228 45 325
892402 80 890
207189 45 134
223040 73 524
408240 76 539
151667 38 835
617292 19 468
760184 38 148
610327 97 103
531144 92 282
796721 54 769
470623 58 127
141514 73 107
965925 31 868
490615 77 850
459548 86 458
181789 86 214
348011 33 424
395642 17 857
973491 4 72
513311 45 307
74824 29 101
457840 2 43
506360 44 970
355449 72 686
327742 40 230
204627 96 16
441175 100 664
747712 79 459
844828 16 502
370037 82 4
521129 92 886
853341 93 389
472644 23 662
789459 72 354
387985 88 872
133908 3 266
769561 83 792
81969 39 154
882023 38 434
193591 41 991
645528 100 967
10268 52 237
395253 84 431
340912 18 26
460863 6 98
881092 98 21
233087 55 619
895741 54 390
787328 67 86
109638 27 147
507471 48 650
376179 56 377
125250 41 557
526420 75 826
120775 38 956
316677 28 113
828164 89 155
648110 78 799
591696 28 429
2349 22 466
508893 87 685
505219 82 21
413819 92 647
374552 66 545
701004 67 271
222992 4 172
376317 75 163
781944 51 538
679506 85 758
609051 99 363
166265 20 544
178585 48 198
105995 75 539
433930 15 976
849385 31 656
765614 22 440
660256 42 264
2008 12 950
412179 98 404
891686 39 363
99069 60 322
112755 32 364
642338 23 407
560976 48 288
104512 55 679
429740 65 173
770672 47 588
385389 84 949
390470 36 372
565485 51 165
973315 10 19
639453 24 111
971552 82 905
54706 93 564
743437 14 392
239748 77 401
21522 48 93
121816 81 710
491879 3 676
286694 65 568
654236 3 225
702932 47 292
628147 5 941
107276 88 189
153927 76 902
733073 8 285
527691 27 402
498352 31 544
642227 48 29
746094 64 91
908953 5 155
234313 37 562
976827 86 614
127252 23 61
174366 42 677
322136 10 635
852252 10 471
385460 73 870
399421 49 858
451764 39 750
777919 7 402
762010 40 251
198042 3 439
827235 32 890
695032 92 26
483500 16 632
118683 23 158
593533 25 551
569216 72 50
831424 55 693
640981 37 88
814221 86 733
504800 83 503
709529 75 877
572098 23 639
804418 7 681
48058 70 445
460240 53 4
957679 27 971
479595 97 768
944356 46 184
813074 38 263
502200 16 725
776940 15 268
597289 52 799
89884 46 295
329395 95 322
64992 42 611
863471 100 842
625912 56 536
635763 71 453
744781 86 113
871861 14 518
919457 14 720
227148 57 877
798650 94 321
105420 67 837
570791 48 244
144803 48 683
126883 94 46
297422 17 993
178266 60 595
681178 12 415
464847 93 629
683424 53 865
747684 89 557
302352 34 405
235374 68 593
876360 43 453
70016 64 957
627871 73 171
410908 46 755
677821 83 793
642550 56 6
597054 75 978
981923 17 566
190848 25 206
456103 54 107
215080 23 184
581866 41 817
761028 44 323
829649 77 483
541844 68 868
688195 31 846
951646 90 440
943836 81 72
696250 68 602
202127 100 195
959087 86 79
559759 38 848
351916 84 662
794922 50 697
691618 38 109
860327 49 334
937638 49 813
129698 57 238
36283 93 140
521027 40 19
850222 57 680
348420 29 858
919421 5 653
743385 24 871
581891 47 495
909771 21 360
571968 49 384
301276 58 758
230329 28 352
783628 21 921
719642 39 970
34679 16 827
597921 57 679
3251 21 122
806555 83 78
472425 53 603
313025 95 779
758543 5 653
280109 99 888
402229 61 380
960062 51 363
726939 34 120
591384 91 472
589787 58 912
869320 42 674
687180 26 709
795216 15 599
307121 2 888
288141 36 996
595643 51 764
613839 88 117
889480 86 523
208544 20 481
5106 29 848
22417 43 251
853208 14 153
728175 84 115
571150 63 553
979064 89 353
535655 62 464
475958 12 330
310160 35 362
872472 43 734
609808 6 537
975235 89 269
227213 100 259
706085 79 48
33058 89 542
151357 14 956
516923 75 476
278717 43 176
538110 43 95
503051 17 93
422884 50 115
843957 35 37
633200 90 872
991475 62 940
483623 41 726
472557 12 166
295860 3 314
983618 34 144
525751 12 452
141519 83 958
515843 67 923
554011 48 905
405087 73 748
722819 85 616
611585 50 168
820458 36 999
58915 29 427
643225 89 506
295735 6 748
362487 98 923
935664 66 351
812883 29 54
846731 60 737
104890 19 666
636418 81 351
636459 90 643
241843 32 510
516370 39 830
476829 26 115
190843 34 731
261421 71 650
932169 73 379
129151 17 212
107116 34 169
897688 14 348
238635 40 647
263477 38 475
457941 20 510
900383 47 673
655658 64 785
356372 46 904
387287 10 423
877100 48 831
913838 35 782
485408 45 880
113647 11 731
992534 50 748
156228 43 890
563048 83 722
880071 6 371
331290 59 796
32151 36 818
179482 84 932
117667 82 984
313769 13 922
439857 92 125
300614 71 942
487305 50 508
729574 54 36
485451 71 362
918176 57 481
663636 41 805
466659 28 749
110488 39 713
496073 59 361
282568 20 285
647200 54 351
98305 64 527
390655 38 522
838444 57 464
734706 43 904
799154 50 875
454139 12 64
588352 18 580
932606 49 268
451489 38 620
296468 15 927
655003 100 257
698819 68 59
917845 65 427
456306 84 188
137241 98 129
76852 18 176
444923 25 660
610813 21 781
871275 83 250
565530 8 419
797812 13 568
786832 92 533
521427 87 980
615208 47 47
800647 92 388
752433 94 462
562757 59 129
425418 36 978
376731 94 24
360958 70 368
278904 88 855
125714 79 792
779470 89 258
961446 54 33
842504 89 623
747072 39 156
630688 42 181
870462 44 787
738116 69 357
270503 34 148
940725 56 319
36356 9 163
317086 15 770
861300 57 494
990255 71 446
812320 43 832
890009 89 773
128926 79 26
703543 78 861
378578 29 19
304310 29 393
494980 78 674
525703 19 307
137479 4 645
752330 96 307
740370 62 685
176475 98 556
84826 70 957
678031 59 960
372065 8 620
173453 72 922
650429 99 893
461311 87 745
231932 95 184
743220 11 703
426614 58 400
709481 39 298
637801 3 366
338340 97 370
78269 65 517
605201 72 258
233626 43 140
719174 30 118
784953 99 778
373703 28 972
92344 1 673
916871 74 717
115198 78 387
390892 89 32
254991 50 513
425929 97 917
267172 42 834
215765 39 124
771715 40 784
599838 6 6
268566 87 68
422706 51 148
10759 56 192
139217 36 502
261627 4 209
602145 88 376
369204 15 238
49485 62 203
618610 30 830
708508 17 123
248932 50 65
640490 37 83
895726 13 392
490542 58 782
232585 41 580
994655 6 926
886144 47 467
728400 74 134
644821 32 761
620051 20 61
667666 71 746
337373 78 775
421312 74 183
834811 21 926
536977 16 319
374192 12 877
738537 91 470
205791 89 21
270803 98 844
382476 87 310
582903 15 238
491430 97 185
200702 70 141
417227 29 79
168030 27 185
745538 53 451
183215 39 708
935757 54 914
172933 2 934
597663 45 61
806160 48 81
625456 36 386
337170 85 504
87004 26 205
77228 22 602
283766 70 423
913652 84 24
651239 42 882
437128 8 149
508681 19 754
526466 71 424
480189 70 289
795509 89 291
796277 5 907
482821 39 941
740012 28 265
266475 68 228
831238 91 588
17205 38 94
900578 34 608
112361 7 819
35731 32 626
566480 79 861
334211 57 295
780324 56 362
267545 63 720
537846 96 826
21341 45 729
50397 60 822
560573 89 103
813821 81 125
779204 13 220
560487 33 64
467441 65 39
618628 80 612
781866 28 24
873270 37 674
263964 42 28
149100 10 605
296836 79 720
577790 47 303
740611 44 213
613347 71 789
112858 78 508
397147 8 942
450551 48 986
692143 54 786
783186 96 667
271529 31 171
145892 42 181
698477 52 628
531168 8 676
434913 4 587
218497 66 319
770824 93 142
56156 26 80
631120 77 410
919915 51 21
482332 90 16
766952 46 947
326716 93 708
7339 73 992
190801 13 297
702379 8 684
194865 7 435
579724 94 695
130797 90 270
394540 56 925
59383 54 998
508950 13 247
724070 45 374
608661 30 705
237012 42 839
858919 33 273
946484 94 492
86120 47 70
878522 34 292
10513 66 475
992755 53 328
889057 12 960
899066 89 813
486712 40 878
895387 42 813
689408 10 521
639474 51 385
498426 19 761
7873 4 903
265017 94 360
451465 29 662
155147 54 69
927876 79 426
944647 98 602
152509 91 877
741868 94 578
127208 55 950
378672 14 804
679341 50 610
754613 71 121
223071 53 861
315144 58 407
994443 55 152
341587 56 290
571843 17 494
934029 48 450
838498 55 708
194483 83 387
430107 53 990
404377 30 153
633099 96 215
195377 27 694
536003 7 773
455764 93 830
564548 14 377
76564 77 602
421454 12 192
921163 81 887
438393 3 330
794900 93 186
428515 31 939
772881 60 187
383715 46 15
968726 10 227
962916 65 107
689659 15 146
421605 14 444
239752 49 766
371778 64 407
324913 38 677
114472 81 890
2397 81 309
685139 60 641
193940 74 128
499883 8 719
120783 38 684
314042 67 797
267460 60 486
238829 40 317
346803 30 451
326970 62 168
986538 69 181
875930 78 446
326701 13 194
453827 66 283
389527 79 201
929172 20 277
307733 100 687
493565 69 746
165967 63 730
775924 45 475
145598 7 322
566036 90 26
722175 33 312
734002 72 260
413010 12 778
781018 13 616
457034 41 797
34279 93 982
10117 15 216
768322 93 303
471763 76 123
91109 7 127
429716 28 40
78660 8 997
29653 95 360
733150 34 549
256424 43 82
720887 12 469
496297 76 876
593171 52 533
998028 10 62
434108 75 226
739662 57 24
182528 24 991
247513 12 373
787418 17 333
183493 37 53
285398 95 510
270891 98 886
353158 88 715
872816 41 785
357439 47 984
687187 45 404
983274 71 80
759592 28 259
947007 86 756
929872 56 858
160552 52 473
850202 91 891
377571 91 980
757176 23 947
287291 9 736
87069 8 53
708269 16 49
546368 40 145
101615 26 918
948535 100 17
45662 98 213
901360 100 957
2551 22 87
436666 35 852
350696 47 203
479598 2 918
396234 40 68
848769 32 60
421790 18 257
605999 91 226
890036 87 880
313871 27 527
157689 66 905
823163 4 825
852910 22 141
708675 76 248
980030 20 562
755058 3 281
746759 18 747
232639 91 533
438913 8 266
392790 55 782
134442 46 921
215923 65 532
979225 56 51
605269 51 171
498072 28 132
666232 29 430
12145 19 702
222277 30 89
902221 66 358
519465 90 769
565460 74 499
288548 1 637
323162 89 909
132628 77 552
595499 17 865
100821 20 947
896393 12 116
858622 93 45
775803 63 534
107076 36 80
384698 42 401
237846 62 440
287211 99 448
832823 13 663
469089 26 128
364745 81 935
4889 97 133
557754 92 421
275220 49 303
835910 100 966
203941 42 137
473367 87 568
508850 21 452
331428 83 193
732064 22 100
268330 98 393
586983 84 433
45069 48 34
150646 1 467
451770 61 17
147688 24 10
251372 28 502
291982 80 95
907532 32 372
55148 86 914
730241 86 220
976073 26 700
922474 55 84
205964 33 572
227589 73 857
678076 33 398
263577 75 604
41583 34 918
271469 32 202
38871 98 504
34908 44 92
356225 44 624
316000 51 490
29298 35 336
665241 15 839
70003 100 834
924891 4 51
515037 55 610
442498 60 624
963210 62 302
13727 52 330
723617 23 93
95615 35 72
242521 98 214
53709 18 431
170802 35 41
987450 64 721
512920 62 935
43549 97 312
621014 93 691
526307 24 670
596066 14 859
159996 10 18
92545 58 459
733610 85 877
264167 32 967
151021 4 728
575151 35 284
868408 100 461
989435 37 18
495655 62 45
939776 10 696
485675 42 163
535842 99 960
417693 32 736
452807 61 908
97539 59 873
349960 14 586
481579 17 813
777314 67 40
538897 49 654
40222 86 372
665868 5 289
355936 35 263
321144 40 174
708968 37 457
318739 32 526
250016 7 15
913081 25 493
243501 61 659
572535 66 947
963026 86 870
651907 40 624
336319 74 287
178275 82 582
85934 41 921
371449 37 411
466693 69 722
413662 11 15
179013 81 796
838872 79 543
594792 68 979
706083 92 809
582797 96 355
368038 8 816
759520 79 289
36659 53 779
851472 54 323
735219 41 322
962605 79 284
387181 26 468
9248 6 909
329135 81 30
360059 77 673
568958 68 149
692896 77 640
526777 82 691
456613 94 568
346290 68 730
799979 81 86
396212 64 334
477908 67 424
879985 44 501
316064 78 158
129922 3 955
638661 2 827
382501 20 561
542429 83 928
162831 19 327
789323 99 866
160983 80 575
936081 50 625
221589 68 627
313619 59 427
792312 57 38
759654 48 938
801669 36 160
845032 91 680
436449 39 412
791859 21 225
410437 49 716
290312 8 122
211597 87 661
515370 32 750
195485 6 237
715314 12 395
932142 29 504
38015 18 756
611754 87 837
999329 39 581
553839 18 63
745264 58 10
455385 96 220
509988 61 269
552968 78 534
750358 19 235
269571 88 719
506239 28 365
637077 22 537
706329 12 283
924083 18 762
215011 82 506
516593 89 131
145269 56 386
714945 52 566
135059 76 845
919027 37 237
260820 74 110
641172 83 248
470552 62 383
810672 16 170
23713 29 97
118078 25 330
607301 43 34
841543 38 804
249774 99 546
116824 79 799
788832 79 457
734085 2 983
987972 34 620
543710 99 751
22087 50 121
984336 25 419
873443 24 574
873873 58 664
965507 49 194
775210 52 12
960092 17 544
83226 42 242
553132 33 673
733023 73 8
654404 71 855
744742 26 694
440887 42 568
375841 35 582
505852 88 439
394527 31 738
346740 16 673
419464 40 850
565540 70 174
583692 38 685
123829 10 223
845130 63 497
503019 7 690
448348 94 835
648205 86 906
56571 90 858
703187 74 272
324922 12 264
125874 43 441
332199 61 901
220606 66 8
950935 72 660
878708 40 613
731372 6 667
969615 8 257
229347 80 280
476373 14 163
774188 48 545
94428 41 486
883665 4 864
601472 71 797
745654 1 857
284106 32 24
742226 50 211
810341 95 241
645794 43 512
840646 42 692
63214 92 452
80521 38 436
967457 95 743
814993 41 922
695143 28 588
410175 23 283
500627 100 645
637170 80 895
617169 99 234
160158 89 633
643997 17 836
737045 76 462
787093 99 438
462963 69 202
308281 68 713
184293 10 597
980921 98 853
163050 34 846
464207 1 101
818242 62 398
104320 1 293
601564 36 952
247137 16 742
622131 47 108
914547 2 554
819970 59 921
891308 80 780
45666 18 767
181137 43 553
184175 30 143
170591 82 455
565336 94 749
413973 73 230
743812 25 701
221125 16 741
224195 84 81
580475 83 874
687652 17 334
971956 39 362
282551 13 32
396876 41 786
512130 71 23
695643 75 336
989552 99 989
998294 90 190
159731 47 448
652769 30 570
444397 69 55
302573 14 433
2097 72 202
619070 13 872
143339 21 705
904537 41 437
612250 5 224
961297 46 712
722874 20 692
372112 38 411
318680 2 840
493732 40 522
474696 11 798
662557 6 868
338584 79 37
555291 2 585
427964 68 351
245052 69 333
995281 27 519
4640 87 938
873868 98 22
40519 78 348
552122 34 935
835838 80 363
192047 40 668
245845 63 924
446098 53 866
769437 21 377
60674 70 992
367839 26 222
292006 81 810
346004 2 928
751132 81 856
142900 66 496
47075 87 263
388200 93 823
157062 65 747
994745 68 423
990035 39 531
482463 96 745
996556 16 806
907560 62 735
27737 51 580
5067 69 704
660112 11 530
818870 13 640
139520 54 989
681663 70 826
626325 75 920
810372 89 939
833651 1 414
359560 10 394
604436 85 86
139907 98 802
472339 24 851
993873 40 888
986840 43 96
555130 67 887
214194 53 450
326 7 217
767775 45 14
52943 81 41
765044 82 730
936343 4 982
331153 33 744
176444 69 623
197921 64 225
625063 51 679
200631 100 774
335162 100 288
545396 41 353
805552 96 71
469615 70 622
918787 92 597
857739 55 414
181598 52 417
250401 39 35
790640 47 443
802865 79 704
161707 23 215
544920 19 75
264749 85 557
687489 23 8
466689 51 645
928834 3 268
29720 25 505
516244 91 19
580208 39 452
998519 82 24
887499 52 208
506382 38 691
959920 39 899
590820 25 535
829225 13 637
67666 40 903
475644 94 980
217684 55 340
550751 68 399
909084 92 719
207023 39 389
978191 95 858
809224 66 435
940647 15 483
814972 61 779
105859 72 931
391189 15 169
719371 8 973
898110 10 134
830056 74 70
346121 15 941
617502 48 705
709530 63 776
264625 96 450
871552 92 430
994037 92 489
289256 12 150
242884 91 657
614009 47 954
369601 95 351
29166 89 227
324029 61 634
482295 34 357
876743 63 401
613887 16 526
567868 57 432
604441 80 144
481815 18 501
726771 39 956
832806 26 455
170918 48 271
354666 36 558
930187 1 507
635011 10 344
974749 69 568
15290 8 170
180386 22 630
135765 7 299
602757 46 392
861471 78 580
787495 53 477
130799 4 384
546596 79 613
286200 29 679
806293 89 416
726087 59 118
831420 61 346
762533 93 521
578080 7 244
42709 6 165
462223 26 158
262122 61 439
860155 58 704
186792 49 391
61463 85 635
786300 19 40
393030 74 787
74017 36 688
439427 45 872
671957 72 131
940739 43 110
372108 40 916
563115 48 926
335660 42 797
553549 1 595
702035 66 984
40291 57 424
722669 74 308
89079 89 832
25513 97 699
166153 31 931
821858 91 489
890621 63 315
199795 35 873
970985 48 783
822334 51 11
135208 88 620
66848 98 666
80651 48 790
430393 13 179
529374 48 707
375994 71 928
742726 26 604
662013 57 340
966366 55 351
88308 85 538
354229 54 239
328012 27 273
561641 63 165
316230 37 404
13101 65 996
346351 29 325
445935 6 900
386192 12 43
696281 56 255
886007 86 240
985236 81 303
492752 59 154
374627 53 302
616312 15 817
46453 25 296
281369 56 908
479139 2 5
88067 43 876
500223 49 660
106353 35 59
262947 65 229
203318 96 238
421396 78 97
332701 81 763
93751 26 124
551067 94 657
252534 99 834
430293 23 814
905747 81 616
369209 93 251
232260 77 440
665718 9 154
414775 72 148
218820 78 218
206646 17 411
792737 28 871
92621 57 936
935967 89 664
39269 85 128
983074 32 514
455445 55 819
212535 77 411
736963 53 807
131143 78 801
347748 22 529
765597 83 675
486315 39 762
801820 89 550
17312 55 403
436624 5 356
882792 41 778
596178 15 346
243959 1 329
165537 73 407
769174 13 191
710692 82 419
958681 46 972
110100 95 490
325234 3 685
68330 64 219
211264 44 330
777054 74 453
679722 75 669
963928 16 893
258919 60 918
215755 19 20
437445 72 469
727226 51 169
747308 77 100
618752 64 168
305279 37 376
61509 32 478
389648 98 161
24745 83 105
268881 86 266
141146 62 641
595892 99 829
650062 67 980
3983 98 975
429777 71 25
286895 46 881
275035 32 893
143418 18 620
105823 93 452
986734 68 708
130149 99 703
576254 74 447
369705 100 687
680017 47 620
586912 5 162
508307 92 249
491747 51 529
759042 74 824
541907 61 494
934225 3 494
21740 5 91
789601 84 168
884462 33 722
916865 13 995
639664 79 3
579564 32 80
975172 15 20
414263 76 702
110539 72 870
178315 72 781
760436 32 488
655087 83 911
66971 70 133
705481 71 441
362611 100 143
246715 68 861
725469 46 496
723887 96 672
680382 79 123
619978 65 433
831866 42 440
203016 72 808
773425 80 943
314000 17 422
479175 68 818
738921 16 910
581208 26 584
215487 77 172
215278 24 950
691119 11 47
477102 63 495
782192 66 105
172743 26 524
903497 16 74
474110 27 20
6214 70 529
456294 29 604
684435 38 897
456264 89 922
934673 38 362
210473 9 738
907299 29 935
318029 40 260
717079 80 413
784133 65 309
300319 60 139
661703 86 679
381723 61 65
505639 56 190
557493 47 181
690428 60 881
613236 62 377
400837 55 272
313622 34 681
368175 37 439
787496 22 298
886895 7 280
497662 66 554
165348 72 119
160821 24 16
276325 69 516
351146 75 764
674308 77 644
851028 47 252
343951 87 24
186018 15 755
165714 62 977
954472 2 303
597352 47 339
971764 15 824
761223 95 848
785622 81 888
450131 92 873
587694 41 541
11995 73 736
979633 73 155
52320 11 338
993507 93 463
822795 97 386
457677 82 120
991574 77 590
321263 9 387
669708 69 52
566059 44 177
53044 48 786
154534 89 336
338040 100 635
483457 53 665
607379 63 604
562564 59 250
335276 100 811
260989 75 47
841347 45 944
761972 33 100
262617 5 212
365817 31 129
492505 18 380
863586 9 111
10973 16 722
548849 57 588
994686 97 498
496109 1 219
327099 77 55
570967 51 745
760559 32 540
842490 69 487
892624 8 95
720138 33 858
971397 44 389
228307 81 864
463004 63 295
933529 18 644
459297 66 719
970454 15 409
726619 13 712
697015 29 783
31146 91 859
292830 35 846
659956 50 49
541554 17 535
601565 11 95
551431 9 591
607830 34 707
581485 42 926
705739 33 339
335858 6 73
504558 78 314
478876 46 296
359801 37 250
63682 17 500
367050 48 604
105500 12 409
405828 16 964
620158 37 449
635505 98 35
47314 49 987
364591 51 933
791243 5 898
205647 90 655
598593 39 44
642983 68 794
895004 46 808
544174 2 159
639452 93 510
360791 84 902
542997 13 532
887364 95 512
874037 46 278
468281 40 276
949535 26 366
508173 67 91
926022 3 327
961099 57 739
469493 69 210
609637 2 991
298054 35 355
635081 20 732
308092 31 881
118166 25 199
598723 19 935
948005 23 464
356662 14 15
861653 50 293
580113 46 721
644634 88 904
718095 84 717
121596 5 141
523264 13 299
928451 73 769
156349 15 348
327929 25 341
473532 24 881
882626 41 614
729056 14 86
38607 28 700
884373 17 689
609508 34 583
805884 97 445
83908 92 144
593759 61 134
370120 22 290
280527 69 750
946734 19 211
773388 56 311
279363 40 209
788882 28 391
500819 14 988
882793 53 55
705832 79 56
880983 31 847
589580 42 485
389618 32 768
101727 1 896
546765 58 364
279768 14 325
896092 32 118
518154 63 851
862968 77 558
748943 26 432
14049 92 710
475421 6 774
422442 71 71
800014 56 663
353957 70 426
551611 30 707
358580 90 882
880314 67 756
552008 37 857
121666 57 760
682978 68 955
262203 87 304
108411 79 761
821192 5 48
612150 12 496
850525 17 887
844307 8 67
439704 31 778
842230 7 297
402181 31 65
801585 20 721
787705 72 794
552612 46 56
113349 99 185
187710 82 527
545307 78 392
362427 20 489
473012 89 966
466675 30 197
835252 99 637
442636 78 371
344137 39 129
986117 56 403
108443 57 912
287183 30 928
882 8 742
302965 74 762
254404 39 277
641519 48 519
150253 49 99
577786 73 531
944848 13 527
303410 17 798
436786 87 779
878593 96 424
178364 76 436
352484 85 200
59388 59 482
305872 83 395
964272 1 351
678384 38 281
321388 65 182
978403 33 313
813486 73 321
169742 93 913
581873 74 187
398066 39 448
644499 44 893
146661 1 998
641709 1 366
879130 85 683
851705 4 151
807854 46 382
217814 82 668
700366 38 746
605028 10 511
915177 63 846
72275 42 684
201462 30 447
271339 58 740
310499 12 264
787100 23 786
950562 38 189
777670 77 547
357272 49 62
237766 55 65
250588 9 875
321284 1 483
819545 54 720
242277 49 446
413382 58 717
267457 10 458
921835 97 656
645934 29 935
902438 68 922
51652 29 544
783855 60 150
144110 14 782
713550 94 511
94354 48 864
940030 73 166
284547 50 676
997789 44 548
693263 8 209
215130 65 675
270550 57 540
855765 92 562
668523 10 713
47125 43 689
577935 41 42
927237 77 678
37932 5 62
55203 82 658
842559 88 267
393490 93 590
259379 65 442
738032 64 861
899341 40 721
996446 84 75
884754 77 596
929245 38 814
510131 54 306
89719 61 763
569220 18 589
517820 25 167
325570 98 748
600925 48 606
846253 96 529
696432 48 63
39660 72 825
617116 59 344
197774 78 358
341267 61 234
535858 95 719
450250 28 234
804254 56 496
673046 27 27
718480 28 776
364435 54 577
153870 18 694
23059 94 157
911260 84 653
29213 9 971
755999 16 574
436325 77 210
810138 43 537
700135 5 937
134790 56 21
188191 29 36
246410 50 975
208169 36 707
948377 18 376
538991 7 407
739958 29 252
641567 46 371
162339 95 896
100699 84 429
298758 15 693
203116 40 925
709130 46 996
601191 13 205
18867 37 435
556509 66 282
325608 45 618
331459 99 852
219937 25 54
993554 66 244
889552 79 194
737008 96 467
245664 100 996
138522 63 107
659000 76 447
109151 21 448
136170 27 3
301050 89 167
386549 4 650
50159 41 792
345505 64 910
888899 68 217
856044 91 594
39332 22 990
15098 52 665
528745 1 731
925304 8 266
67213 5 169
786027 9 443
813622 49 144
943346 30 70
945967 46 445
19658 68 555
920589 64 677
224155 69 253
698944 39 603
890657 89 813
766343 64 635
573148 31 2
107895 89 213
251468 35 760
966160 26 469
613900 70 786
209247 82 54
407483 40 250
965302 82 423
996431 15 121
823226 20 390
967277 100 565
265085 14 304
531446 20 689
771916 26 159
871188 71 804
521466 26 688
395805 39 335
559777 86 52
273002 87 192
17420 43 819
291161 87 126
676753 79 198
281525 70 335
389456 69 604
837970 88 125
497095 6 253
59544 48 994
792873 66 726
659500 5 341
294380 52 414
734172 87 52
810756 74 942
770297 39 407
113253 62 527
317291 56 384
594980 20 468
107830 1 745
340522 5 142
928114 50 781
948697 22 852
74873 90 234
475161 81 207
811327 38 779
146223 22 824
476739 77 541
569443 35 552
387003 58 284
441337 80 533
906140 79 546
834515 25 114
654114 87 96
763574 55 796
526070 97 780
776879 95 69
291580 60 289
189129 96 520
330308 62 961
254049 56 437
787035 67 887
659899 38 829
648736 40 822
577557 87 713
326601 83 9
109692 33 950
9012 41 187
719896 41 648
334010 19 46
169134 64 581
11606 80 804
404904 94 88
647347 6 825
657434 26 534
332881 66 49
777788 43 689
52145 89 284
856103 49 94
263251 62 38
175694 31 975
558037 37 168
16088 13 672
354954 66 611
54058 100 999
746168 24 561
645841 84 119
759775 38 411
115012 48 27
843834 8 710
249460 52 492
448016 36 602
9722 70 592
78226 64 528
663805 41 21
471142 17 973
423417 29 883
586439 94 536
311340 5 507
65762 24 424
709797 73 858
330566 22 319
187699 81 196
361128 39 937
337177 56 281
435810 15 747
487349 59 275
15002 16 541
495033 86 359
986510 72 19
324709 77 208
385683 48 116
569063 29 896
769111 35 532
979162 63 216
843077 89 621
973691 50 328
467600 86 824
435829 70 625
196373 78 806
573563 86 176
325874 4 547
590515 71 859
576390 19 405
283186 93 657
76582 45 696
708109 88 323
525177 34 886
803548 75 651
128209 77 94
7032 34 608
238659 33 276
154371 21 477
363552 27 687
227310 52 276
814212 54 446
625108 92 731
45008 33 751
73766 100 34
758425 73 229
664628 43 602
289086 64 22
208206 80 497
173022 63 106
835856 87 532
956606 87 650
757395 52 505
841816 67 870
389897 52 313
263712 82 429
13423 31 462
199524 31 255
436884 19 24
968579 66 736
413374 79 789
864854 38 881
383598 63 480
764712 67 295
215200 9 271
738425 85 269
430664 3 964
751166 50 288
933444 45 420
454812 4 133
408591 44 286
993869 2 592
260163 99 955
315653 74 454
525797 79 541
364827 20 982
298860 43 257
219381 25 9
764589 53 245
348147 76 691
329313 86 628
848550 24 958
415894 35 389
465745 94 886
706489 49 500
607075 51 834
38415 29 791
37343 66 409
211265 55 6
744006 46 341
18750 41 268
402496 49 89
186628 57 863
523522 18 761
419732 96 957
555184 94 41
835392 89 50
774780 56 654
288289 80 152
804039 63 970
84183 6 354
903249 94 313
348328 10 462
523742 77 406
774399 24 262
236811 68 192
398401 73 799
216636 41 36
628819 41 473
675104 18 674
313820 77 928
251111 61 87
635526 16 769
525215 47 228
987786 70 9
49953 21 153
714560 27 932
312588 76 719
667793 43 261
236147 13 342
199393 41 108
693002 70 391
127581 45 203
715865 74 78
337591 55 160
725095 86 739
654737 87 795
536820 69 832
839537 45 334
170868 13 554
428683 1 986
248816 55 580
15511 72 973
965389 62 399
904380 37 520
389361 25 717
306290 99 377
58902 97 418
61148 62 981
970289 40 195
993579 58 804
302277 80 365
613511 28 502
494492 58 462
302538 66 777
39949 27 123
66383 4 604
793012 51 706
929336 17 389
673732 33 531
567686 76 576
825048 83 654
381360 69 916
407031 72 408
612566 94 114
799355 86 619
111002 61 599
364601 92 447
664971 59 137
884222 8 901
432488 6 780
548189 11 943
422058 66 809
803328 16 543
608479 59 768
537742 35 18
238305 35 85
99048 80 260
368412 25 129
244984 17 599
318140 6 959
460256 1 873
593742 50 537
474271 50 878
509758 78 953
658895 24 467
218635 72 875
602642 34 768
178516 65 474
748259 58 117
827465 94 816
597849 63 926
814516 81 768
442592 53 12
184287 36 399
364384 6 749
808727 85 656
4533 21 265
341012 40 761
268835 18 898
179615 58 963
495854 93 748
418909 44 327
242684 59 315
901297 50 866
605927 50 815
117478 90 557
940937 33 794
17980 69 796
531266 96 900
827114 55 490
299904 63 723
668335 64 64
407036 58 57
98586 4 473
768214 57 347
913779 33 736
627268 56 564
108379 65 140
76100 21 325
405546 52 598
275359 43 8
261559 87 926
514521 73 395
289589 90 504
81392 79 312
395706 91 282
586850 77 705
282286 94 524
20566 43 361
675708 25 809
164310 49 419
160755 8 113
21400 99 429
564104 46 56
769625 10 684
538091 47 629
77419 82 509
496791 1 413
869815 33 832
638873 57 733
197819 34 277
257685 62 95
667800 20 556
943834 92 231
445347 62 188
126522 12 391
902429 44 937
852777 42 675
981388 51 518
331462 69 241
149127 88 457
39370 10 556
573521 12 249
293583 36 634
4305 86 572
974172 83 23
531392 65 530
927516 42 806
545249 2 583
700918 48 179
839728 88 352
509117 34 663
182417 81 536
107872 16 968
253684 75 609
912019 16 10
757682 7 253
764087 19 245
92650 66 670
347443 42 432
131707 24 526
490380 67 659
860720 81 546
304747 78 132
842352 95 467
509710 29 906
695234 84 576
692098 45 874
976508 41 468
297 100 152
948041 2 871
605481 48 793
645642 16 61
10447 14 312
587975 84 138
969894 85 355
693506 75 318
926713 65 684
616095 59 470
10693 26 767
47557 43 31
102010 30 822
847040 74 227
236612 82 575
931052 90 887
597005 87 950
618476 12 974
753413 4 599
954124 64 701
584635 93 133
865443 89 332
299844 55 652
217152 42 267
800943 69 300
215714 15 918
249773 87 631
669783 89 725
5304 65 186
451543 97 386
284809 63 247
258244 97 56
872156 21 644
632643 29 300
166313 11 409
193492 77 636
74872 53 419
818541 49 453
68316 56 246
107096 60 589
885612 13 396
167795 18 603
926686 36 432
621390 63 936
385476 60 215
71887 65 998
711929 79 965
968812 71 99
976914 17 238
134008 35 595
760589 18 396
511125 29 718
26566 35 580
957369 59 483
953572 36 973
289741 55 755
943846 32 246
107539 79 661
697370 67 93
593741 41 403
304588 6 810
700059 75 521
56215 47 164
16961 75 815
857548 38 875
632066 13 289
95993 84 977
985378 74 640
143120 66 909
983204 20 1
110563 75 113
479460 66 698
984875 28 114
995620 71 825
188615 48 218
19045 54 293
708258 4 891
382665 47 380
110487 15 170
964217 85 636
672112 4 616
778261 84 425
261743 50 98
122568 47 598
803886 75 818
23695 23 854
152758 72 105
19363 61 391
940798 21 420
787703 61 260
867591 72 607
758343 12 42
671141 75 179
612641 59 438
738852 9 281
453891 15 787
739066 62 131
108625 36 430
313620 53 176
185226 75 152
970921 94 923
422146 2 762
685293 40 25
582627 50 741
874786 54 257
422211 11 625
186898 12 675
197591 91 718
585819 42 152
479200 96 122
895832 30 183
276665 29 14
570308 7 171
88203 61 814
99982 52 109
719933 13 671
953532 42 82
372274 57 17
625571 47 727
755851 62 11
934872 59 351
841117 26 900
104867 90 166
920488 5 121
171156 48 756
514693 63 783
265416 7 150
663555 89 757
897150 14 277
302225 26 437
161308 59 645
571956 88 913
46726 65 507
63588 34 785
849097 92 511
288759 13 981
544488 42 847
573470 54 460
432895 52 422
154209 39 104
248254 89 904
997254 17 820
457212 48 388
641506 10 858
288046 6 427
798542 13 933
594145 43 769
923074 13 524
445292 48 739
491125 14 317
229479 27 392
46364 51 475
150804 43 283
215133 30 798
37253 4 559
474257 77 370
700718 90 724
693643 30 53
861584 14 712
93133 67 433
332472 6 247
973338 65 454
709500 79 737
859696 54 563
118486 72 984
533200 76 298
111429 35 61
634555 39 291
500258 24 285
757479 37 98
164712 35 868
905852 44 654
284126 59 220
255972 11 636
56278 21 876
21056 84 350
729924 44 163
793936 41 754
563124 97 497
392001 82 805
27071 34 939
836042 25 715
71837 81 669
580647 52 365
645375 26 295
810090 21 800
82491 92 470
788454 43 98
908952 76 671
734203 38 892
610043 66 363
835761 48 956
614048 74 46
345567 67 102
485624 14 971
28876 90 917
218519 44 497
946602 71 136
502426 77 166
751275 3 946
818582 30 209
663616 91 197
603791 72 628
397800 87 865
585306 32 970
220826 44 206
249404 48 154
750604 61 234
419426 37 148
963354 4 168
855989 32 746
988784 10 383
814707 77 97
528785 12 590
42725 18 628
227869 35 617
547760 21 70
732385 52 871
697097 95 780
993270 74 387
177347 48 394
885915 35 630
720581 29 440
424231 62 796
345069 44 768
651628 78 916
613764 8 395
853010 60 706
718119 99 899
614555 65 112
222709 60 99
634161 41 46
408294 81 157
87242 46 98
782318 70 155
532189 5 636
67542 42 597
35367 68 43
995826 72 138
980406 18 107
865243 75 31
483191 37 406
759484 59 231
886949 74 546
600508 62 943
568420 49 850
849516 82 895
946452 56 309
186980 9 452
338497 99 772
591382 57 949
336609 58 481
575096 26 354
531304 83 617
926852 33 18
512273 27 974
11748 50 34
409078 19 532
437802 31 672
9376 54 919
766196 99 87
763892 100 360
290869 35 903
569080 74 830
722815 52 542
194629 82 911
397268 89 109
76473 73 182
849272 64 814
146447 19 609
33685 31 545
408505 91 177
711984 4 574
880568 33 283
143735 28 153
480597 52 369
3315 7 885
605146 60 149
527451 20 108
262681 61 865
845324 96 815
324976 12 296
550558 26 313
252231 36 346
601067 50 655
213130 60 367
457847 9 198
924441 59 273
883488 25 397
389136 87 44
211056 20 980
854261 45 483
757912 71 70
234348 20 315
628152 37 988
91755 42 433
877268 38 354
857400 88 514
366610 14 253
289043 73 906
788091 53 663
499094 85 415
33848 23 237
655046 72 145
103008 8 521
574157 40 593
817648 45 978
673602 32 235
870180 59 9
813742 94 681
162398 73 303
335388 74 821
632674 87 540
883759 15 664
416669 76 781
282880 1 956
841859 90 697
438696 15 189
389928 44 383
753481 70 936
155249 55 959
134518 88 623
716635 7 644
781506 99 663
625984 61 117
838338 91 537
535297 25 925
129563 2 56
249219 98 416
516785 58 751
720519 90 527
512447 75 690
658737 43 228
2787 18 632
151389 11 930
677712 51 534
159129 86 335
998307 65 921
42785 80 799
457402 86 964
19855 4 133
513291 52 196
752198 16 940
92324 89 759
703030 80 381
652430 45 290
691414 85 50
446749 43 167
566649 3 172
747419 52 449
990161 31 87
667776 72 314
232317 55 12
399885 55 703
105589 16 460
658292 45 350
230275 14 953
973786 95 746
998830 12 765
844578 32 16
959332 32 350
349384 42 317
560483 54 880
375685 83 720
92676 54 584
416978 95 749
72460 7 145
99691 73 477
825789 37 3
706939 65 434
510590 8 98
873804 67 276
843373 71 650
442063 95 397
150295 10 767
591417 33 191
696713 81 603
903142 76 141
278464 42 30
698952 9 208
332553 13 861
185480 82 897
143077 18 549
567624 16 733
13877 4 164
230754 2 964
320956 80 48
462306 78 854
543207 16 690
289658 96 709
340794 93 88
645026 36 979
67667 85 556
714315 95 887
343094 18 174
867695 3 296
728029 36 551
841221 2 568
692933 46 252
476914 77 176
79385 79 502
267610 40 383
222444 81 266
910845 27 37
494376 90 267
182233 37 60
688094 45 548
632695 80 791
100119 65 293
556420 82 145
759946 20 945
553184 51 964
298310 38 235
763440 9 543
578348 20 749
614586 12 253
998113 97 821
737867 25 14
903749 49 993
604633 1 464
819506 18 941
244647 61 399
455216 37 27
944484 72 956
884986 47 122
919787 51 475
960722 55 974
615098 24 68
286603 57 709
411992 82 254
123798 1 838
254648 10 820
356750 21 587
165003 17 572
716637 28 29
282196 84 457
402290 31 622
910412 29 520
890958 5 139
536630 27 212
76180 56 996
615989 35 169
899504 86 663
839136 93 307
92035 67 883
640548 15 999
867295 88 387
379930 49 779
964122 47 674
503967 92 27
632144 68 690
617033 26 505
198967 46 337
993832 34 696
183583 26 805
947918 65 794
757246 76 986
649859 90 205
113012 84 723
94178 50 38
946463 10 872
573461 67 225
506306 5 195
268464 95 706
461350 29 457
156048 51 413
564949 26 137
428939 94 470
762701 63 438
643147 40 228
688538 27 657
424033 58 695
875321 87 132
468228 37 45
949767 78 992
262811 97 324
312399 79 230
662483 76 303
505255 71 77
211381 32 529
31418 89 86
437582 54 663
880236 21 624
90449 64 812
632149 62 320
543305 53 275
717730 93 745
79515 16 943
862564 97 125
273017 88 592
533526 8 640
362827 24 398
413807 1 849
837665 91 244
411014 72 142
269007 43 463
381124 65 159
829346 90 609
135556 100 944
386594 97 343
279772 99 656
856952 43 163
489637 51 324
41458 49 965
379135 77 736
995916 29 383
91378 79 706
873264 25 851
812088 23 659
867280 19 42
699329 85 461
388955 88 939
586356 46 438
230305 67 139
378602 80 744
430815 92 280
397833 62 641
549180 26 33
995116 63 121
723675 42 884
931072 97 264
292208 5 660
910975 2 39
340531 48 240
390009 15 966
343424 31 390
798631 45 317
650755 94 902
384573 38 639
831358 16 180
325999 64 192
130738 23 506
179182 56 93
429446 68 696
98690 25 603
158343 27 561
884506 85 422
828822 31 677
203222 41 868
499385 87 619
650668 96 923
824399 13 716
645673 65 919
554536 89 627
283357 70 667
573627 98 945
192104 46 411
60905 66 876
822356 30 499
177394 86 131
124742 90 988
911837 95 937
768455 73 359
569589 84 930
686631 38 588
87142 32 742
306560 44 43
60998 68 624
999885 61 100
73245 100 772
272065 24 648
686524 68 301
696225 56 596
71545 59 117
203925 93 589
525501 94 569
833535 20 43
736717 85 420
304961 44 260
136745 97 489
935405 68 371
452181 10 532
893311 69 607
945870 89 868
65782 91 735
838873 22 350
98676 58 251
601303 65 1
639662 56 106
985018 1 76
157838 47 122
667357 75 859
379917 40 434
528186 66 812
139571 58 509
319138 43 353
36057 29 732
567555 55 528
479543 7 679
689402 75 600
536099 56 325
820948 16 125
365702 91 160
184205 60 823
264119 100 652
159482 1 133
74002 80 923
993644 21 428
369200 15 503
797752 82 882
416224 35 752
446867 43 653
620215 16 317
422526 13 904
784839 34 777
161446 30 918
756741 8 28
406126 53 246
637156 37 878
895446 37 474
63451 43 408
977053 81 107
813846 59 559
695486 21 20
60679 81 259
617391 75 888
172892 5 97
429876 18 108
638135 45 645
57110 37 231
640512 72 552
625628 64 68
842085 13 927
815816 39 462
23792 73 848
987443 100 698
623723 86 869
786664 27 49
234553 74 69
351269 75 733
261713 54 263
616732 98 765
574239 34 27
426679 41 130
488692 66 594
370935 66 624
569245 87 228
868872 49 810
119119 17 407
528994 4 140
511723 38 639
976729 67 247
699323 29 323
146559 6 560
54273 86 145
720818 74 881
133793 12 567
402998 26 685
350400 53 800
245682 63 925
161840 58 921
628691 9 86
514704 89 983
914141 95 445
810060 69 523
885622 12 443
499079 86 447
334283 16 433
498029 1 173
777402 52 34
209614 66 306
730906 100 994
96099 11 704
681647 96 160
692755 19 437
156996 29 863
82867 91 801
647499 34 9
537749 73 683
696479 58 486
353105 24 229
625290 56 883
567769 32 37
802549 48 294
408899 74 89
193908 22 915
808060 39 546
406391 39 528
884212 54 917
287322 81 132
251346 75 362
33632 53 133
967236 50 19
960219 28 152
617900 66 874
182754 35 591
276656 2 372
429227 74 851
536344 16 58
222822 11 159
438138 11 508
494034 71 373
889398 52 194
350264 69 406
801276 9 745
325121 4 205
243547 65 828
322534 94 537
626369 38 158
396849 55 763
689145 77 336
908015 36 501
964418 63 152
922207 53 424
824948 57 369
707622 58 612
784230 5 990
866222 23 770
143357 83 256
366754 64 588
43662 13 754
545406 67 480
295544 88 909
145248 60 582
355102 34 506
820671 67 109
938695 21 701
878147 81 760
270257 9 797
310662 6 350
558999 63 267
667657 16 761
110964 55 71
269446 65 586
326828 8 528
67710 20 286
508792 39 641
226779 98 246
110846 69 410
207344 16 695
391698 52 924
428949 17 421
208841 13 687
373600 80 339
667019 12 820
341120 55 222
521258 80 762
994573 50 758
187707 78 557
555378 92 626
311894 98 919
103526 92 169
458695 45 707
914000 91 838
610577 17 945
604937 5 460
485815 86 872
978829 96 809
200304 11 16
816501 60 531
732704 82 858
149685 54 183
250885 25 646
919648 13 569
715450 32 557
313185 39 6
280273 33 998
900673 88 135
573117 43 770
77565 47 424
288360 91 282
112492 62 389
800830 81 275
447138 73 650
353765 91 167
465870 4 970
737932 15 11
747275 10 90
86949 76 24
668020 57 629
685038 93 43
175979 59 117
46349 68 149
222585 6 239
361540 1 444
699642 56 206
963498 44 289
784789 69 83
614573 91 118
56475 44 654
849066 77 582
440444 90 1
512996 53 755
823203 37 677
555054 26 825
669546 98 686
634134 64 168
401192 93 514
463000 11 789
659846 91 330
581902 37 25
157027 98 555
87115 8 349
283067 44 899
332466 12 891
581021 76 739
404728 58 853
242849 32 19
583769 60 814
207116 74 986
449688 63 896
777761 70 791
786675 38 919
437263 21 275
282867 42 898
460302 57 587
223453 36 538
419052 10 844
424548 56 647
394780 68 136
637316 11 531
414798 14 228
941501 83 754
265488 54 289
441227 35 442
863291 37 302
22439 21 652
591090 81 254
966849 96 26
264737 20 176
796452 74 750
276503 67 903
649423 55 89
954160 35 529
751886 14 288
970056 65 462
234950 24 936
505482 89 112
897563 52 70
375057 50 568
810732 22 249
572062 99 685
206624 98 869
736590 14 350
166786 7 172
975459 3 955
438147 75 537
455623 40 306
15896 90 321
873335 86 742
452274 47 465
159505 61 137
695324 45 875
801472 64 442
16055 71 872
399634 10 544
227063 53 271
424609 76 786
82602 64 291
393893 84 83
687656 33 242
885284 40 382
808476 20 97
907156 20 671
790427 83 881
718212 83 293
82400 13 910
138276 60 662
431054 37 459
822881 18 372
75987 9 872
584017 81 232
969782 40 94
351836 2 773
507146 19 388
226920 99 669
598254 12 594
390396 58 906
447606 84 165
421164 30 176
860466 57 740
434545 25 74
751743 35 880
258280 91 858
769865 54 327
14776 81 504
847768 44 732
919255 81 478
84883 23 442
742266 64 557
244728 2 785
963749 46 820
817140 73 888
450795 42 351
453896 5 871
654032 6 289
640250 96 638
46161 80 771
86471 33 891
763019 21 551
579797 7 149
383933 95 315
426603 30 696
731213 11 392
31835 39 240
945722 45 226
91155 72 625
930410 52 580
234456 26 68
292613 74 932
253394 94 405
613291 85 75
143591 82 373
900419 8 986
951440 99 611
41927 47 255
451575 50 163
246626 65 470
138893 32 427
854477 66 277
455418 28 838
394163 33 92
85115 21 443
976831 49 896
533466 73 83
267916 72 6
492932 85 192
548888 92 248
515431 3 669
64836 56 234
844361 20 81
779946 20 263
933323 20 255
879902 49 207
126053 65 995
433480 65 894
471074 16 259
792113 43 488
552382 14 314
218242 77 149
501666 23 681
488486 76 878
203316 5 415
857211 58 980
68300 74 248
10852 13 824
304372 49 326
463897 97 153
721631 11 759
557881 82 252
520668 93 436
737322 4 787
825106 59 765
229820 24 375
926865 10 416
335192 41 820
296316 27 397
601208 50 170
672641 58 921
26716 10 234
758032 89 160
908283 31 963
982092 1 722
178726 24 723
166386 84 900
906307 80 493
59714 33 543
242820 93 268
674393 29 970
975066 91 30
776645 48 420
999504 15 698
136445 89 623
63059 45 21
874682 1 576
630977 13 848
95040 14 485
62394 86 188
80331 3 669
677095 66 611
636884 26 416
738043 96 300
189360 21 412
987613 48 768
7489 29 361
542172 53 537
825962 49 669
288962 33 2
390548 23 422
771387 9 886
248862 58 616
131200 89 225
621100 18 367
667630 44 812
157717 94 275
204541 1 667
576049 96 656
280715 22 764
681402 2 22
446929 96 954
695205 6 468
244802 97 616
773533 28 2
636227 9 743
223757 76 398
91669 98 136
163478 14 278
149335 47 832
108267 84 570
33486 88 822
957649 25 9
458562 89 379
684241 2 594
3572 69 674
65824 9 768
825495 66 110
492819 40 497
489902 1 496
911314 24 551
702588 2 76
133059 10 820
72960 4 599
943341 75 421
56694 4 210
880774 50 580
890435 26 769
931355 26 781
464045 86 233
143777 92 312
78401 14 212
125727 2 661
208890 93 71
502682 30 590
971572 81 256
409876 40 567
95553 13 927
140342 71 995
994043 84 107
240362 12 970
306490 63 707
95366 44 902
203780 32 386
823822 9 816
894382 82 517
579083 60 415
862977 90 168
759454 91 663
288877 8 323
822147 39 522
111976 44 582
828321 95 962
818832 88 827
634918 11 687
837770 53 501
463569 20 453
252815 17 593
241820 36 914
909067 21 275
117321 68 158
908880 19 400
206230 57 377
412351 83 887
556496 62 729
129818 55 383
451842 59 819
314919 21 249
92067 100 435
761773 85 642
35146 27 665
550040 55 854
266130 70 141
510869 18 386
205138 62 701
382887 42 273
334059 100 594
513246 8 159
394282 37 756
738734 37 435
464345 96 600
559819 13 729
362402 17 215
202769 12 52
404937 50 884
913495 11 805
732725 11 46
314139 66 932
524790 17 924
235805 73 502
582365 43 417
42951 66 473
8644 42 12
14286 52 103
92177 7 555
760737 9 170
52633 41 290
575392 23 722
525272 95 660
842076 46 93
685347 99 994
938600 55 579
108897 76 300
948948 14 308
801889 95 55
173956 64 766
155877 72 11
232361 35 609
892415 68 472
321973 47 464
953561 58 443
482615 11 882
297767 75 425
403326 94 384
957763 47 849
826963 31 516
311486 16 88
7969 98 345
770592 62 802
322410 11 181
377884 51 157
572945 79 629
993362 58 546
208962 93 615
502059 3 485
361753 48 354
73007 85 33
964630 20 302
386001 16 666
585720 78 568
980701 66 769
343474 54 960
793273 42 594
76839 49 402
890966 7 538
853106 54 124
405291 82 282
898132 33 378
714610 99 581
664671 77 525
684619 56 691
279304 22 429
961062 67 729
245466 73 34
488764 32 274
397715 2 23
123654 70 870
84579 15 395
994749 15 680
433756 74 680
356682 15 579
73741 75 951
635237 11 378
137137 28 521
68597 87 281
91603 25 816
748890 10 776
869579 28 89
534496 37 254
363810 69 419
619622 17 630
472153 31 660
527609 88 452
660920 39 723
972288 96 538
484380 68 131
21989 51 85
127556 2 329
984119 73 203
276702 16 372
856705 9 382
324413 23 366
245681 5 649
26906 33 29
937856 70 677
811937 45 386
916138 72 810
697826 88 454
353961 2 671
403129 91 937
512630 77 705
804311 98 764
109643 99 539
309816 51 455
375784 97 314
850374 98 421
48503 46 13
95392 15 343
689208 76 824
952708 92 667
898260 92 102
629609 98 146
589803 79 989
553759 13 946
245121 96 622
581112 99 749
309348 30 443
666857 56 537
177166 9 224
130008 2 12
652650 84 713
361447 37 195
901149 72 627
18280 96 106
752692 15 566
877169 42 381
410668 93 83
67620 34 481
765516 98 220
160331 84 430
362890 24 68
715129 10 760
250533 31 733
885554 37 702
46896 84 335
904733 49 170
553049 30 749
854671 12 109
725846 82 360
343932 90 190
445148 94 717
893699 67 116
363633 23 174
708583 53 849
6035 63 828
631728 88 597
331337 96 851
266984 6 403
356628 64 880
318167 98 338
912767 29 101
947137 74 625
215981 48 152
757774 37 548
792655 38 595
359748 70 741
183354 24 481
307329 46 576
512593 32 692
623631 88 504
214678 78 258
105344 61 866
14085 28 54
951750 80 725
364175 21 927
199476 22 431
776522 33 794
616551 85 240
747076 26 835
795133 31 996
900797 88 833
800376 84 43
884018 26 240
908255 44 701
305411 70 905
638483 58 844
294044 54 445
246233 33 642
469500 94 335
320547 78 176
813307 75 254
573983 58 921
220607 59 111
61000 59 767
888136 13 776
740750 10 726
817541 5 397
971617 96 490
27049 7 541
455147 1 925
407104 67 87
459322 90 32
462621 18 10
604687 50 887
770399 37 902
817616 77 158
437052 83 519
607755 78 706
936310 68 121
275731 97 873
18028 1 102
800197 33 685
925475 31 557
817382 45 178
347467 24 355
4416 25 55
68846 42 886
916966 3 199
143775 56 486
47605 73 879
46491 33 90
610742 59 105
721270 26 694
466387 30 302
369138 31 333
112313 1 62
421978 10 588
971827 24 504
442278 81 958
319318 27 577
478492 59 605
507934 93 845
698619 8 210
28019 84 676
187979 77 259
89341 4 487
299491 73 191
300063 94 436
223074 95 102
998783 1 979
374266 21 594
568065 87 903
854344 52 705
216653 14 455
728345 37 718
844797 87 94
507417 2 438
357306 96 631
105731 85 118
460108 90 241
366724 18 973
245675 31 413
464735 74 112
383179 14 748
786850 71 959
664006 95 714
703328 24 486
787454 47 142
844951 3 203
864824 55 456
885215 27 163
435568 59 89
934934 11 5
651510 43 166
956580 20 765
641171 44 767
605562 6 544
670511 29 712
502053 95 525
556728 85 804
441454 73 183
606918 63 468
195970 17 331
646966 36 637
160511 40 41
393199 54 385
9040 95 911
599129 43 86
31057 94 573
551478 32 290
288705 71 835
160026 75 755
130507 25 848
61444 53 773
342755 30 20
328486 5 434
674300 49 209
253531 16 707
788208 83 226
821637 53 695
856166 45 860
316857 97 159
575677 78 921
382119 72 74
175542 92 606
165813 50 539
298272 70 645
90132 7 65
483280 46 192
54713 95 808
425105 45 464
846571 19 37
351186 41 679
420572 23 851
244907 34 496
75366 67 524
881492 37 737
828487 86 479
214989 51 181
677855 99 628
403155 95 429
423488 86 747
477493 34 468
253736 36 442
702216 35 443
239136 40 461
674421 79 604
709057 77 701
138371 19 750
45483 97 246
107904 35 976
60299 91 186
890261 94 594
709940 39 124
994061 27 313
350712 55 721
732664 7 415
107292 97 218
408079 89 640
64372 87 910
550143 41 198
414543 92 339
125981 34 608
324004 97 172
734042 21 965
217242 8 661
104394 14 796
888499 75 473
525820 28 535
342644 89 618
482896 21 219
828521 94 88
666786 70 327
897388 52 692
112161 75 15
900081 80 920
753156 84 416
719866 65 523
433234 67 663
569259 30 270
375023 92 905
271962 20 671
611512 30 256
377689 14 967
180247 26 283
479602 24 984
503105 44 902
682992 34 817
858433 33 783
356476 20 291
260774 77 698
103299 90 349
209136 5 365
17071 41 5
269915 34 145
17755 79 354
582329 25 425
362862 98 260
300838 24 575
982127 1 719
765097 20 479
214963 35 779
515119 20 710
450319 94 553
865439 65 647
864829 72 999
866785 6 690
913746 68 563
569475 25 230
559015 53 612
714168 54 844
490135 100 948
187666 53 567
189036 43 147
206882 88 109
439303 47 760
504900 65 365
841057 93 807
666907 58 627
539816 41 475
452641 84 454
74993 93 149
607058 34 26
135013 97 429
804042 45 74
951435 49 734
397376 66 237
754585 29 903
25935 51 680
423252 48 231
917668 100 368
690524 4 257
924303 91 118
476659 92 45
724338 62 14
617256 97 106
149105 49 229
269225 45 124
206686 73 941
907308 77 697
996236 98 794
553665 88 48
929208 35 950
40777 23 296
3901 58 159
657192 16 266
549968 37 480
564882 27 383
759176 92 989
623275 42 166
879975 40 586
632395 84 287
141882 12 499
594205 77 922
917024 63 644
261095 25 375
572816 55 6
529715 63 588
586585 74 487
326510 5 620
84611 37 521
725119 59 499
436997 10 120
718668 35 511
207102 92 605
303176 59 958
32994 33 33
833799 90 288
236929 74 164
580850 7 429
834612 63 591
559671 100 237
450611 69 224
236913 63 434
533547 98 738
695067 55 491
472798 54 913
217734 85 864
635239 57 985
108692 51 445
271851 11 287
740074 49 437
877925 29 90
270991 82 422
695531 27 800
258896 28 485
465682 90 530
772868 14 622
252959 63 546
615979 22 736
412366 72 458
163935 20 149
582722 16 760
344581 34 697
792169 31 783
728783 55 768
853640 36 458
84330 7 263
761532 44 346
848555 1 213
350016 90 831
928475 11 448
950347 85 212
948684 85 672
226646 94 555
264444 53 636
496640 44 440
577066 43 718
18162 85 884
639523 34 802
454623 75 330
145346 22 521
350765 80 716
288043 77 447
989757 49 271
352101 25 934
824450 56 455
147967 54 216
304274 13 591
580321 45 267
47144 58 630
99673 57 974
415081 8 856
976979 100 526
9667 70 953
660114 43 297
41574 42 109
409001 83 394
39131 63 5
383550 57 647
588392 94 407
616373 62 533
99698 28 623
708236 67 487
333756 97 647
874450 75 687
196776 60 803
729777 35 353
654283 78 752
14445 9 516
546127 73 456
286260 10 330
704494 63 671
655412 37 534
312659 67 524
469048 72 450
761710 49 583
918579 7 826
105186 62 187
60934 80 608
382638 67 71
488710 54 728
504021 92 637
112088 78 552
520830 41 291
778823 76 274
55698 53 425
491708 16 144
905270 35 461
873860 13 96
33480 63 874
843981 96 426
390720 78 503
432856 4 807
41474 93 840
488040 59 279
207626 22 811
434598 73 593
490316 86 900
699915 95 57
350176 94 627
748796 22 238
949540 14 78
767486 38 865
275184 12 64
89375 17 446
770501 58 791
234117 31 939
792380 82 799
11661 6 551
785468 97 151
939677 84 755
398577 90 57
954871 25 623
42616 30 884
912914 70 924
284351 29 922
459299 69 202
86475 35 269
650496 24 820
526704 19 460
6424 20 31
823145 87 382
275750 36 613
426085 12 825
851262 51 645
632318 84 762
629064 4 752
618201 26 136
413535 27 285
393108 63 923
752457 51 140
801235 87 973
519677 12 340
878964 94 874
191643 51 792
766211 54 915
167836 76 537
953127 10 781
490566 83 794
714553 43 806
756049 58 493
59577 77 476
599797 20 1
7258 66 816
753580 76 885
304129 46 310
279972 35 659
876141 86 594
611776 99 121
65940 17 121
183487 44 932
933069 70 116
780187 23 696
817777 91 477
257718 57 870
175770 94 956
341015 47 940
104858 63 161
112232 17 883
991799 58 717
236078 37 718
816148 11 627
155867 1 733
583053 52 333
257229 51 101
434701 65 373
762600 59 54
720411 52 826
510263 64 453
305819 64 281
565735 74 811
867736 5 692
245917 31 381
189837 19 405
557307 58 599
149857 80 664
339647 78 735
635009 52 456
670879 30 26
569482 60 653
647880 35 748
284895 20 971
106141 68 521
442076 10 469
499635 100 145
659973 2 588
317227 8 591
906331 58 21
353686 48 999
247613 4 773
7293 94 555
153573 64 132
945020 42 620
203203 1 87
261811 51 875
343926 89 970
612140 4 322
396969 92 23
450531 29 732
930819 96 305
363129 54 474
221214 35 171
860343 87 370
917776 3 67
963731 8 41
81715 30 908
139629 52 147
135067 48 126
432288 92 501
307595 74 998
831464 10 839
189625 77 87
162655 40 467
404108 36 745
883849 92 105
402518 22 610
38159 93 327
540818 34 967
659684 42 662
437004 93 271
295770 35 446
373655 47 50
716136 81 93
944245 14 519
284425 49 540
31382 68 394
656092 18 269
503932 54 68
63840 76 606
82631 20 146
710240 43 436
661528 87 63
899173 22 792
171004 47 323
855296 44 673
374616 68 640
491729 60 288
941955 53 671
330721 25 12
563821 31 427
514119 37 720
396891 74 785
645991 22 155
124646 41 339
345717 73 257
803149 87 400
20864 23 880
651909 36 204
225507 68 856
660467 26 394
597266 100 268
147882 81 544
780821 75 306
64194 90 267
847039 50 298
538218 36 906
534260 99 436
609059 38 611
745228 19 999
7776 100 631
650114 1055
156237 902
301223 956
786891 1024
220934 952
501677 933
189238 1031
596501 942
578007 1041
87913 483
809960 1015
555910 904
884705 1059
15102 866
637141 966
718216 324
218755 1099
35203 846
839499 1022
474254 924
617509 746
379993 933
912089 124
667359 888
488976 1009
726689 1071
784812 853
475626 1018
401184 549
516347 863
221527 746
228385 959
902488 1071
54710 880
864860 1032
185720 414
591392 1014
37568 644
113626 839
988865 606
831588 306
494718 698
588583 854
723678 892
59527 1014
733158 713
466704 1041
400878 337
851982 956
23697 856
220604 12
514231 855
264797 796
648127 1039
137962 1070
597125 687
792979 948
725309 789
482503 807
215703 1054
286313 847
865644 1001
109646 999
606112 442
257609 986
213451 1036
34500 1060
662390 1089
738646 721
354104 670
33487 1063
165856 1026
114451 1026
557360 723
723891 583
104826 816
357514 1066
534984 560
805876 452
58515 32
463228 1060
565368 829
500342 746
433476 899
294335 492
900818 866
416480 1008
720566 990
432893 862
398525 1076
426023 1058
369532 737
149318 873
962362 606
773431 984
885883 823
580169 804
453903 904
1957 1051
124749 995
929237 1027
434915 589
606814 620
197831 994
14917 681
43683 796
786518 1100
430717 1020
512067 1080
946963 909
555385 665
303213 1037
143091 999
838411 982
927153 1090
992710 1030
953211 902
623690 961
984439 582
55689 475
640978 960
527581 574
947263 97
672657 954
607279 1092
95441 1044
686513 406
141973 780
4675 1037
796512 1018
855292 963
780227 879
515747 1091
326529 657
177341 1014
851129 989
670110 494
246185 778
140349 1049
524767 1016
999288 933
513899 950
239617 1054
750597 720
728398 779
59573 505
197961 535
543223 384
98609 725
506380 701
331267 955
485412 902
134497 688
42767 975
57974 974
73994 940
784606 850
697683 746
734066 1016
638464 880
162713 930
785606 939
628156 1071
7907 953
834541 675
989701 883
790524 1100
695534 807
263648 991
687448 472
221276 948
317020 844
803482 886
633077 1087
746266 694
246809 1040
464840 638
226793 838
448484 1055
160119 814
255915 743
613982 1018
29201 984
253738 922
10628 1025
940938 671
732365 908
928416 1001
315312 877
620104 553
841039 1021
965695 1042
539685 661
279474 615
565731 996
818700 1036
815925 619
925710 756
319396 817
478339 780
25388 751
835909 974
973761 621
930438 675
487645 967
998730 1065
299568 275
103040 651
173910 846
764718 316
854510 911
500305 870
980504 840
794004 838
803309 825
3988 981
172175 768
165721 992
157715 972
514693 996
535318 997
761538 1004
912929 1062
925791 890
892969 977
455452 890
654307 786
288151 1017
346114 957
41384 1059
741882 738
61278 959
209039 984
578939 559
342703 721
348870 1018
719272 756
871980 684
430847 699
55140 951
98367 583
669528 983
351568 760
535841 964
728803 1063
308075 975
899853 865
283303 783
698830 80
667577 998
776483 1044
450472 856
33103 596
217747 879
279668 484
125454 1043
567986 909
382562 680
502191 793
842763 1012
568017 966
962892 1071
925937 941
745836 874
152537 909
325766 450
264169 979
994652 949
823159 834
438736 1080
479612 789
669989 1050
172935 941
967483 457
594807 1003
521621 912
557671 520
870869 1044
203129 981
204522 934
360809 956
828367 667
959882 1067
344861 1080
121819 778
616034 1050
424547 650
192249 887
256864 941
40319 922
146668 1099
289690 925
880339 1027
376159 566
802996 905
298430 822
389462 1093
9557 1090
849336 747
869369 585
225358 843
164581 1016
668257 1024
621014 766
27948 803
178193 959
214543 1095
465866 975
43109 1042
471148 1011
249539 1053
353109 813
223147 1018
786153 647
24027 1098
602808 942
644005 949
816941 1091
340961 1013
16048 891
717114 574
432426 967
433924 989
509021 766
455753 723
162361 1018
199129 828
208823 811
270263 836
39346 762
597850 946
183397 1065
36853 1025
594742 618
170057 351
158503 789
918641 1019
410674 484
940567 305
215181 820
747615 591
602467 698
33250 553
762605 917
969437 706
108335 792
885866 683
357405 456
356326 822
951336 881
13664 461
875970 1032
993910 977
922907 699
227233 525
778076 1053
16998 1093
31041 919
422069 858
977766 1055
84018 619
11001 989
487322 328
446992 1081
421927 675
405489 787
296876 820
580825 774
608482 935
138787 979
185290 259
516803 992
289184 957
954415 1054
627268 755
594148 937
149568 818
777571 1028
511030 889
817655 997
348053 828
952782 1090
92275 1079
56157 94
116813 812
829327 877
282787 1042
753889 634
639625 1033
322181 692
323552 682
645009 1023
932135 513
559671 1067
262692 988
890480 867
978874 868
439491 939
869899 929
935379 750
963229 898
145248 715
179978 804
215221 1046
960114 584
351199 828
182503 1085
159600 833
709015 846
939693 779
284872 1056
711955 1022
165138 826
664030 773
589861 1008
996441 983
29672 649
377538 1020
884211 918
363551 70
236597 883
2534 695
892960 864
938114 941
139899 815
407791 1049
985517 873
861268 583
880756 1082
678084 1021
445361 925
994779 736
889798 937
237364 960
61892 1006
345887 1069
787803 1043
870500 912
364732 1084
742267 576
270857 943
995506 606
289608 787
114119 930
543072 888
78710 1091
948138 972
996729 668
778251 524
82263 798
968857 296
537759 950
541990 702
809312 1000
954538 765
554223 1073
169031 1018
619706 721
54062 1014
186273 975
77521 622
206032 1098
843632 1011
461309 924
910462 651
82510 564
685483 645
309594 717
969988 497
340158 621
68120 613
313577 1098
928254 959
287180 1027
205049 957
91390 719
447132 664
476642 533
412306 973
719938 1066
542498 1007
803820 887
397810 886
65930 1018
519465 802
877034 911
208513 964
76361 919
659422 1003
81030 888
990 890
855895 874
451731 946
672514 1100
664522 909
859411 1029
483567 991
122541 668
383212 784
752416 634
951187 704
569627 989
160150 912
402404 375
156775 1030
395828 526
437629 902
986280 859
211597 728
683003 991
133198 1073
874466 801
250613 1071
661642 1054
759583 1018
228421 621
65033 974
392093 1073
328427 806
456284 815
848228 660
304760 980
793582 90
760183 1079
575634 1050
17390 941
667789 587
509605 1023
24005 879
703063 436
871281 977
407280 748
267543 1029
690495 977
668513 792
150293 772
645815 1095
512894 1086
957736 1006
651304 1024
975487 1040
946531 550
633758 969
721148 844
632498 1098
164331 520
890630 953
285223 735
788007 535
532159 903
261442 694
101857 1069
52750 271
571809 951
651633 945
420600 1026
841349 965
696714 623
722315 493
993813 840
411994 1036
356387 955
531055 881
545363 814
67618 981
462262 1042
41712 451
510293 938
493554 959
456398 926
247366 1017
452621 1057
675853 1025
176437 1093
457003 1044
345023 371
56574 653
594237 948
6125 968
976893 904
726641 669
199786 882
921423 1084
753566 916
73150 1033
696990 905
369597 1045
730971 1090
235378 641
965457 670
702026 998
496861 841
222978 1023
44777 82
976073 706
452405 608
135047 1030
551204 1040
834802 979
3302 1074
397347 469
182047 948
629084 877
362586 1031
347043 909
422688 1085
402536 692
479601 987
280210 1100
913637 1002
391596 1065
414010 976
472416 917
526523 986
623176 950
262404 429
211236 423
241905 719
512479 840
195036 825
245597 763
812312 969
90430 874
853094 1019
54744 624
248273 961
785542 823
670316 926
274970 1013
780878 804
352057 1028
12082 830
460241 990
897308 911
508996 942
473065 1055
268502 573
924056 848
200591 924
720820 883
971923 599
586370 810
139560 1037
26601 582
625343 1052
502054 771
339547 913
245674 957
127208 950
900381 1040
143776 956
108647 502
735160 975
529500 1095
323948 807
581413 1054
42340 1027
979479 928
933749 1004
654789 868
457379 1023
677025 688
692159 979
776075 862
353661 1058
727156 1007
278991 1041
187903 815
439693 1093
608028 1093
931124 1088
935692 985
847465 948
403205 1036
833791 873
948354 637
609688 1051
948528 865
130102 755
63492 959
764114 765
151183 971
533574 795
148620 418
908157 872
842174 1020
430129 1012
97453 965
98561 582
743871 1053
52252 417
745247 1046
368071 945
324780 1008
338026 747
945028 831
530047 1023
291842 1083
167811 769
48695 760
989591 1030
121528 901
548900 700
196342 995
844319 221
101585 961
798464 715
302894 965
736950 931
348312 1035
757613 731
798652 1054
919860 210
369662 755
304919 310
88408 521
105829 1015
872736 1011
590514 876
601474 821
561857 771
6188 665
237235 853
47361 1080
573353 1097
490261 955
765241 687
808887 1039
330311 980
134692 1024
852917 978
429263 1007
64351 1066
442273 1017
855469 43
756316 729
841377 1062
881351 514
697079 808
889086 1081
920589 694
867024 832
186663 977
944472 1091
193587 1002
615716 1072
332251 1042
266949 1069
199255 667
422200 916
742683 680
77151 1089
507351 795
748845 1000
155239 970
126064 1045
707547 793
251432 968
785004 831
34292 1059
636140 965
757245 1003
74789 816
644486 944
325490 1008
318656 877
104481 903
738182 1087
873830 1005
696440 534
435729 409
15497 1051
881620 949
21931 462
503111 965
958714 1037
957498 826
531458 766
435704 947
569091 846
99718 791
345534 974
838278 757
173435 990
683424 1001
990140 191
452781 1056
591343 788
568628 796
387249 492
514709 816
733586 908
869459 1017
499941 797
65194 873
868105 860
813710 981
179168 1094
82818 1041
940436 609
207544 1033
216039 823
689149 1008
857218 993
127070 840
32239 868
174253 793
490582 913
569007 985
638698 978
38358 1031
755411 796
135438 1072
585712 599
615221 280
372111 919
569409 751
300122 970
829214 690
744570 1083
197616 574
160889 1044
482621 1090
578299 850
45672 905
994101 657
677755 913
385324 1013
680001 817
713317 833
179539 1049
996367 991
436787 808
691614 585
84613 501
647440 759
894499 835
582051 1056
58936 507
617359 925
322838 861
461105 814
978339 506
68180 823
14347 704
123602 1059
72172 762
567598 637
887460 760
185550 1099
781587 764
886768 1081
766922 1066
217287 843
184109 971
364603 962
648294 995
804047 981
963495 403
300513 1085
469128 1062
767542 1092
502465 1028
845180 1025
828778 737
377819 281
951792 886
96050 1046
579537 335
987631 957
916684 1020
532908 193
831697 1091
574099 659
973785 747
848413 1098
610613 1014
654156 348
977001 1085
767991 843
982118 938
878945 894
411059 943
39760 943
326840 780
292715 1006
490143 1003
258334 976
194679 1018
283054 980
788558 230
912275 929
736291 706
626225 1020
365802 1096
748624 976
406325 532
659636 854
770748 381
642881 1075
936078 886
230247 1026
876776 1052
413672 1098
472677 1034
866813 736
141095 734
53430 864
911770 1043
953539 1017
887934 1011
907306 1099
725457 941
354972 795
926599 959
637516 1025
618476 1012
63099 119
705270 719
110529 1021
507630 833
307106 914
304571 827
572072 665
526926 809
902738 709
537450 859
817506 437
50440 920
850614 1059
719579 1067
695183 1064
826255 1049
354726 857
507947 858
170545 1053
450109 897
616802 637
714315 960
950790 813
170941 1093
722951 1043
207068 766
782071 928
606949 1008
585267 1041
424590 976
153386 347
525763 1056
416696 821
752943 724
335179 994
87976 1061
464548 846
872214 710
759176 1068
567615 786
655611 1044
957649 1076
598424 973
35242 850
564422 739
75208 1095
39312 1048
92034 957
626297 945
201464 452
943414 639
562579 149
607380 1050
305412 912
21879 245
462078 760
459011 1046
386034 819
933539 698
260154 1007
868814 936
355476 731
738819 1029
757393 737
327819 921
637035 1017
203211 881
242541 617
757176 981
671015 721
297422 993
46349 889
356693 999
771441 1072
819525 993
616892 1094
591783 1065
888522 504
108176 465
70067 1077
404939 1020
787115 1044
419548 1076
489504 1020
266252 324
519639 903
601063 817
336511 628
243632 1014
837478 922
343975 247
719373 975
91669 934
331235 832
357276 738
882783 846
630910 1002
734629 1019
442318 764
605858 935
999670 118
674348 1052
818944 908
533215 885
404758 893
390114 1081
636764 1008
234106 903
737894 578
254112 682
321472 868
693759 962
64020 968
59719 555
787495 481
488403 1036
917095 907
441266 1002
974753 659
649137 982
850051 1094
970577 1057
477515 969
94378 1053
498452 982
286743 854
443836 909
792678 992
100900 1067
770465 1028
247569 907
107052 498
52373 907
766124 1030
409965 941
412895 1099
112330 1027
249785 657
932854 555
302427 1009
149802 522
936376 1025
723874 915
753485 1084
22443 681
644552 1093
176039 968
512223 1081
358497 998
343460 989
799240 1022
566535 955
498976 1066
428419 1094
38083 931
525281 749
919713 1089
408735 887
392488 1067
729952 63
873062 1049
658738 630
543002 573
717761 857
390925 265
89323 527
481179 1021
243017 912
491640 908
856272 1052
143187 695
438619 433
319451 853
31219 1016
549254 492
346856 755
156881 1061
509757 991
318155 1008
25848 805
153969 956
417015 990
410420 799
449510 1092
237054 919
990509 849
476633 1042
997130 960
617327 249
763642 914
151366 1020
287341 960
63532 836
718651 755
359838 928
575835 1066
859991 1092
373055 1051
534921 957
136393 793
80775 979
584279 633
394849 897
465834 1073
32209 1084
254688 1064
9182 1074
929768 1025
103564 302
161345 1070
604806 1075
536898 950
102190 1037
893074 926
17725 861
104653 865
467550 1034
387918 995
137425 1063
734289 862
770479 839
272949 716
227508 961
492468 445
611871 993
705595 771
650779 950
899149 996
762641 863
113152 913
860461 745
934947 1058
307697 957
139531 893
105458 981
937631 907
698650 1066
892371 953
685390 1064
245495 1095
147679 918
725081 836
295588 1073
53235 137
393183 1053
688334 1029
710303 670
899257 935
66601 950
815022 962
967653 957
133533 956
544126 567
151112 1060
930152 736
395555 962
410522 904
144744 1058
13101 1004
455809 955
597019 992
227127 903
835630 1095
485714 1009
163171 987
482769 995
275721 1007
402238 532
179621 994
831100 663
491860 971
902436 933
61054 989
993403 1012
424218 817
392908 914
428734 1098
304348 1025
253111 1008
95406 1091
5073 1083
361136 948
150525 880
445029 866
814138 910
825063 1023
916851 1032
495732 924
824666 780
276252 980
291039 763
804886 220
787964 841
377666 1038
883686 853
654386 573
268806 994
445962 1100
706500 566
185999 1059
751115 405
924850 320
857707 1073
152504 798
687151 874
792045 987
655042 1036
973503 165
141590 1100
891325 992
291540 721
343943 1036
792138 1093
446853 822
771817 993
183090 865
616366 1042
108412 954
375569 960
318087 794
927450 494
260514 1073
241851 985
320185 696
729553 602
55126 893
413246 940
552101 1010
665264 882
282395 673
998033 967
804530 1076
614361 956
913013 869
227885 723
481792 241
85926 994
758653 1023
936097 661
53054 798
902364 621
800038 1063
286863 953
980162 749
699224 699
10905 827
885203 1078
335689 936
234052 1095
245589 1075
715090 1003
980987 939
833233 916
783098 792
82511 1085
526295 808
830094 707
421312 1025
956393 1100
972352 776
998200 1068
7327 1095
47654 1085
229600 578
315659 789
86319 1096
389411 581
650421 917
206766 1038
550018 965
867251 670
292710 1056
856662 503
963744 864
587713 891
715476 995
613448 1046
801739 639
906087 768
107517 1088
119008 527
552927 919
731924 956
383530 799
386361 900
597309 960
558139 287
617910 929
645088 591
297601 654
666878 996
763119 864
622136 121
586940 850
190948 1015
810741 1021
374136 940
311473 877
56537 992
117691 1030
288939 1047
604207 906
995733 963
645554 1002
271815 1036
752189 990
138172 746
541231 953
345575 652
534165 589
546354 954
714603 983
946401 996
128883 616
710691 695
169713 948
384662 728
281384 1038
276402 1014
149947 942
600476 1020
3361 914
838839 954
261627 1091
131346 1011
40431 972
862669 1078
166428 1028
816385 913
218613 936
118485 991
193901 931
978203 1087
842567 944
47171 962
651986 758
481635 889
525197 951
799408 995
577287 994
735960 149
849019 1088
423513 1009
941479 972
882609 631
991834 795
654417 901
178567 1068
861871 1005
280839 913
677508 1000
718229 1076
945924 992
689817 961
190314 786
404069 802
781603 813
951051 1055
310083 786
282875 996
3146 1004
784907 347
333680 1094
968694 1068
495078 791
268588 980
478083 676
905743 928
966016 1059
658418 551
157322 1057
647218 900
695955 957
724 580
761235 867
60687 1025
244575 1050
236381 680
921099 951
987517 584
953489 732
553140 1014
270815 858
199745 804
132443 1036
381399 1000
661027 956
626732 723
927528 831
272063 657
942443 946
597066 1004
312360 543
900008 1006
193479 704
84821 1082
844007 1083
554065 1077
35550 903
497670 1056
44998 804
26568 629
494170 1007
708053 1032
975843 751
832886 831
957287 840
603743 693
860867 936
474542 1017
332370 1027
375979 1012
690536 300
700357 807
5133 773
710466 897
233122 671
621303 1075
354905 906
991648 681
638143 696
218187 1090
307716 877
795180 1053
180597 1069
500580 708
536514 904
21345 794
579283 623
572618 1040
515345 943
846661 940
934215 558
595826 973
848926 868
866230 781
704523 705
580514 1061
907800 725
774779 658
908171 1092
706935 913
347933 836
291923 627
486664 929
878155 772
275321 1042
274206 975
220173 757
294216 726
927046 690
759934 999
350611 916
49245 698
248967 984
786872 1030
333771 768
613049 1008
913777 740
41620 1061
56402 1019
384510 266
159115 565
42608 914
70000 850
700846 1089
618270 988
716646 764
175800 1084
756066 658
582516 1095
224925 1038
505127 1023
500834 1028
652487 978
980364 161
46130 858
783611 1011
598721 945
195249 900
335390 823
59369 1045
814513 785
820425 1042
73732 1038
130002 1036
442507 638
269595 802
130561 965
91260 741
789247 966
516965 576
433228 671
284717 1098
89929 637
896142 600
796283 941
419747 1037
737517 1081
98447 792
240362 970
175345 814
316218 861
995180 828
980687 881
521411 1076
746809 841
663556 760
903779 1087
560488 1073
371637 819
485647 1031
323110 979
538278 1035
858972 456
823205 853
366692 1039
705050 285
262031 597
99673 987
935234 702
681745 1032
971837 938
161840 931
593562 933
823918 934
581217 639
527844 54
919255 478
517725 908
994580 955
492841 642
300828 600
675082 874
19832 741
342086 1093
723325 525
371352 1083
27061 954
273680 889
165529 426
625632 756
609265 841
450503 1056
599545 711
851448 516
641576 649
513385 818
772665 218
811341 874
303450 848
399468 912
708505 966
128283 590
928541 729
314133 945
135370 889
211042 1038
540876 1076
496299 994
917443 906
639651 124
196779 814
310663 357
307567 1095
11796 782
184320 67
382309 882
599583 245
558978 994
87346 933
703567 947
774186 751
405823 989
609961 929
332588 1045
381613 1094
28871 924
577232 976
827271 1041
635252 1095
816505 1054
350163 997
916923 304
640564 1064
265479 307
793286 612
45171 904
983229 535
421439 326
79519 1013
32486 665
797653 991
485471 459
472384 1031
555024 938
779858 1020
964282 1061
594226 973
528754 751
721618 997
948763 1098
19556 864
181210 1035
819484 832
306330 939
203888 967
290492 864
674166 1040
510742 568
662203 760
225461 990
815074 882
370107 338
61102 1049
18630 926
385381 966
563784 569
849541 942
486303 774
543650 886
898254 910
886267 860
223128 701
583579 1027
246421 1001
563197 1015
220989 586
528237 926
363651 826
440336 1000
271236 867
138392 858
306972 331
538802 986
394428 1057
40135 637
863479 850
734192 910
284331 999
902672 922
508660 785
326737 730
570983 765
810329 1027
60553 739
784232 993
473680 1084
761013 961
201076 626
938587 1010
436721 930
468287 286
745633 908
120812 723
835306 984
419043 861
550635 800
503946 717
631768 950
80215 948
271133 640
389027 1074
673686 700
134402 1025
518137 885
611231 649
226926 715
118700 270
399923 969
709797 937
11603 865
25348 1062
884394 1082
589779 1018
743429 976
765090 925
250421 831
76108 1071
622479 825
727749 1060
282925 949
232518 837
523480 809
940882 868
115509 1036
665665 890
146545 931
949828 1056
340906 229
941875 765
434710 723
638035 867
961113 1041
915025 1024
332859 1046
96149 1054
415093 1023
740427 877
293646 776
331730 963
806076 691
378733 1053
368294 854
36031 905
573925 1043
258902 955
605553 878
769297 1056
296445 960
479269 1002
402234 758
18724 894
879480 596
641121 90
18106 944
378336 914
270397 926
765986 441
968299 979
216548 764
305861 447
290881 957
801351 1090
709576 1040
131205 239
374986 1048
234917 981
847796 776
579762 1055
824330 862
313070 950
559931 948
841721 990
71854 1098
350635 1062
90008 1071
641518 943
555118 1073
747679 639
589472 828
408470 889
136923 770
230772 1046
441092 1086
901386 1050
313799 981
296561 721
822259 1078
787455 149
663503 1034
922560 735
782005 186
62408 523
581061 807
846727 223
424085 869
973532 704
883623 987
92564 1020
720557 489
770280 896
889259 737
732618 1007
505834 563
556820 964
50058 1086
970910 961
252611 930
751732 1001
288680 1068
455204 996
983387 883
353762 884
425408 1010
754524 982
850273 841
988039 902
469350 890
531286 926
311930 607
107896 996
110736 882
526073 783
501605 830
331510 1017
397198 1009
778493 942
95377 1053
20784 1022
238770 786
954870 625
245909 988
855770 655
51441 850
72286 700
573627 956
155958 836
639470 727
650642 1059
417600 889
278460 203
506421 1042
234829 554
590709 730
782345 532
208169 708
237376 252
388240 932
76890 908
791160 1087
541929 1034
991476 997
99033 420
452645 646
686335 891
361288 911
700144 991
816929 1012
684522 1100
176459 641
212401 616
752560 724
601568 1058
751264 989
536739 938
916190 941
909670 923
981206 771
949546 894
298790 1037
236028 882
819931 1016
556386 854
875471 887
720530 567
595405 1028
765544 865
375686 752
873346 982
575407 795
702628 1001
582379 844
840650 1066
421270 299
714092 961
997770 581
571929 1002
161360 720
406404 558
553709 1064
373736 1053
81709 1012
87158 801
773115 1095
146105 959
909286 1081
312570 939
718873 439
535879 949
693004 1023
760592 352
947883 920
895091 933
740707 780
155965 544
922484 702
894535 918
551548 1042
849338 1035
685870 885
628820 622
858170 1072
707057 24
548158 1032
210526 834
963908 935
711747 1099
9391 944
694898 985
666303 680
27464 1088
89007 923
911415 1019
494480 391
456337 1051
353619 752
657371 1005
166094 1000
151484 1029
564886 399
568499 1048
447907 899
426488 888
890087 967
235723 835
77748 949
546753 401
338427 913
458269 893
351096 859
905677 896
202413 595
166207 899
648592 1057
103561 630
808356 1009
895372 1056
550383 951
796302 573
619073 884
736645 697
612134 697
904675 871
13995 794
390454 986
971506 976
747067 891
369201 389
180920 255
706040 1027
116187 303
396902 1060
104466 665
596209 1081
439317 795
821741 932
207159 1078
828336 1029
128098 919
986706 797
583102 410
191621 832
521124 895
358648 1031
300034 786
68957 1032
760440 254
144106 829
270958 499
129780 555
479447 746
610571 998
660097 880
337561 1028
64693 837
659957 919
914194 1062
287909 772
394719 983
679515 972
647318 1033
386920 782
960655 1069
867979 1098
709143 1009
692150 793
329715 1078
60844 937
776927 690
629148 723
154646 950
685206 713
347057 998
547514 835
586996 668
4180 1070
125899 1015
722972 988
975818 933
364070 1077
22657 632
311982 1052
366973 1030
708194 964
624731 1067
310531 330
525689 547
747386 780
438321 782
379105 934
544509 1016
120749 989
