2000 2000 2000
963756 49 782
999044 8 7981
974305 94 626
926824 21 7324
986089 76 6016
928875 70 874
906440 85 3153
903734 62 3498
909991 100 3894
989311 100 8617
978694 45 782
984753 69 6371
983569 65 967
957632 51 1730
906811 65 2914
994483 53 658
954840 27 8045
999358 54 4216
953631 68 4901
970094 62 3309
933826 97 7059
950495 80 4651
922189 15 825
914412 38 5180
995092 39 2941
957973 74 275
975598 86 5489
905404 45 7603
927648 72 2089
995028 47 4119
996804 26 5487
997499 66 9178
986219 20 1672
965524 83 2385
967137 50 8826
919301 88 4455
985166 27 9015
949913 11 1648
980368 4 2227
989473 27 381
900079 43 9231
979043 20 6112
972944 4 7047
934804 23 6899
922700 28 8741
908806 22 4394
953255 96 8137
952652 81 3464
927090 51 1503
988287 47 1927
975350 91 2202
996816 2 9844
994184 21 4371
945997 50 5113
968598 77 140
946314 91 3219
981210 96 9990
926291 7 7282
929415 33 4031
918857 22 4995
988722 24 2532
980377 23 3208
975701 88 1362
955143 32 4290
991957 19 390
947620 76 2065
974165 69 588
940838 68 3637
961518 72 1977
961454 5 1109
959423 16 227
922104 15 5041
986888 1 7207
974629 44 1959
905276 65 6505
986626 54 6408
999377 84 623
974191 13 8360
909263 82 5920
929370 45 8366
902478 78 9470
968223 84 7567
921954 73 3359
960942 88 5545
942678 12 4563
964945 41 7102
915910 61 5873
952224 63 9945
997766 39 6774
917301 41 6638
969948 60 5246
996862 94 1542
918839 54 9401
994368 46 1793
982692 21 2703
976999 24 6746
979569 78 1037
935341 26 1149
956997 76 2952
981127 72 8625
980929 85 6007
904796 61 542
994865 90 4546
957781 63 7512
990913 100 2436
995859 99 231
917275 75 4268
932828 91 4777
913919 68 6998
964329 23 4022
949149 12 8688
913804 7 531
918876 5 3107
986789 13 1591
976648 68 4674
972111 94 8826
913379 89 5842
956990 82 5147
902468 68 6075
980388 67 4712
934799 86 9997
974709 12 9376
967781 88 6120
919821 39 4422
925650 66 1649
966040 92 44
936201 77 3266
998137 75 4304
919279 20 5625
902595 15 5608
948967 83 5248
979359 74 929
937243 40 144
952632 94 6239
952607 56 6109
983417 21 5763
964368 43 4232
992454 38 6840
966930 42 8226
978174 7 4646
994427 36 4682
998015 71 7210
918786 69 6081
938273 42 7591
945250 41 4193
919000 53 3664
906861 95 9112
986891 49 9088
978271 54 9435
956736 95 1966
964821 75 4785
912249 34 629
979867 93 9286
924957 78 4239
959729 10 9447
983466 60 4102
983100 13 2136
988683 47 8761
963006 17 2901
933871 68 4529
904585 44 1255
915788 30 3908
994714 75 4652
957948 43 1619
936412 96 2627
962831 70 4933
943012 94 7084
907206 64 2887
968724 17 9605
985488 6 9684
980537 7 5729
952057 85 8017
953415 62 7069
939641 69 1267
947823 100 2529
970731 43 2545
915688 96 9809
928700 31 2481
931262 91 8489
926687 54 1062
955037 11 969
930894 35 1463
909267 84 9501
974162 60 5552
967589 23 8760
984197 40 9647
904158 99 3730
935273 79 162
902041 67 3766
987933 48 5649
991399 32 8096
939123 31 6252
960516 74 9336
924499 18 309
975567 50 4880
927510 19 6575
915758 65 860
903322 100 1173
925585 52 7466
901661 37 1029
900424 47 4243
922269 60 6712
944946 36 3604
910743 35 4766
981494 57 8615
917351 34 6356
937334 79 6631
934875 66 5104
918382 34 1444
930105 94 9179
973443 47 6379
900439 81 7028
983602 39 4398
988582 68 1949
991466 34 2400
946382 8 7267
911321 14 1388
976313 79 5907
970775 77 6798
953540 63 8623
963473 40 9120
924958 100 8860
986206 52 3799
959861 38 5777
930281 56 6447
928355 36 1921
934920 27 2794
921909 10 6740
924096 99 4721
938656 99 1056
934360 49 2371
935139 27 3792
918303 38 9259
970014 24 2660
984617 18 2555
971335 68 430
947242 27 5509
941473 6 2409
965034 31 9983
978934 38 1987
900405 95 661
904508 78 8969
942638 76 426
971254 15 4302
924005 39 5411
911475 10 218
991672 60 1630
915293 62 5287
963764 55 5336
910649 89 4641
959586 72 9035
920238 3 7133
963045 68 6027
947225 93 9231
915570 33 2793
968410 26 7660
986086 42 1562
994608 95 9405
953865 79 718
973113 51 3193
974860 26 6155
976374 66 9568
961988 83 5653
974064 99 8610
956892 56 4996
925387 8 4522
971501 99 1398
938664 75 7729
937433 64 7123
952115 23 8043
990500 41 4809
994508 13 1371
969914 88 3140
993285 73 1740
905611 66 2543
967555 54 8074
909503 99 9941
951188 37 6148
927557 17 3267
978805 30 5568
957101 40 1383
912139 11 3643
904230 72 1519
979766 81 7407
906089 83 9175
972393 55 903
902380 76 9142
907902 31 5281
976697 56 1532
911820 84 8516
941675 92 5951
917146 93 4003
992486 64 4139
903477 6 1637
937301 92 6671
995432 82 7171
934369 38 8159
919221 27 3598
926196 39 2323
979280 57 3472
973652 94 1227
960943 17 3856
946384 79 3879
957727 90 432
934416 21 4429
976233 3 122
918012 56 5502
962897 41 5136
995327 83 6225
933883 22 7063
966917 6 7370
996340 33 9198
903559 94 4240
960661 60 5177
932445 40 5408
963815 72 2386
982259 76 5476
936918 34 6492
903650 50 9746
919209 14 3892
968067 19 5065
936886 30 6752
921940 38 7026
964675 33 8805
902226 42 273
939181 41 3674
943543 14 7246
991301 93 6994
971049 52 1502
968090 21 9099
925091 66 9045
900901 100 6205
923943 31 9152
948338 32 9820
979563 60 3079
950348 79 9894
974092 30 5056
978315 97 1533
985943 31 4853
919394 47 2048
945976 82 6965
987292 43 7245
913829 12 6832
922462 83 3585
909570 5 7395
991722 30 3387
921947 87 6761
935037 39 6285
982295 16 4405
993560 27 7362
964410 12 8775
917974 31 2837
948308 33 3591
995056 92 8077
986139 100 9768
989538 15 6836
950477 100 5133
974125 12 9049
946362 95 3361
944843 81 435
907351 13 2773
929568 35 2671
951934 24 1847
994505 12 717
949770 68 5756
998581 67 8961
926855 75 6731
930309 49 2822
911360 57 1323
942362 8 1457
932534 69 3871
953341 49 9873
951181 97 5785
964684 81 6867
999370 97 6697
994097 87 6884
920198 2 4064
930072 38 2319
908534 29 5189
987618 47 6775
946122 25 726
904089 7 3136
948148 45 150
960634 78 1270
997911 69 3255
929728 29 4891
951128 1 1847
938996 70 9142
961962 90 9820
941772 83 2544
950962 85 4738
909695 31 6072
903661 34 9016
921900 84 6710
979446 6 8094
953824 60 5221
988311 12 1118
984763 60 8864
965214 65 8245
974442 8 6764
947636 37 7034
955268 3 3524
921803 16 8748
962238 53 8438
950275 25 4999
909203 35 4313
938895 3 3773
969162 81 9916
973596 42 1161
979348 7 3422
929514 94 6011
919710 98 4872
971521 31 4269
995616 17 7717
939426 53 1211
914965 50 3302
948101 71 4416
987753 41 1453
973705 53 2763
953044 10 7175
906752 93 4665
908490 67 5888
992758 63 2685
908959 95 2037
966216 100 2549
927165 87 3666
915779 77 4904
962302 84 9919
922753 25 4552
929052 79 2733
922445 56 7402
935463 91 5294
948268 34 2116
901407 72 8217
962407 36 6878
978056 33 962
907872 7 4077
920633 46 535
903591 42 7134
973478 74 688
910581 95 7054
901927 46 6523
988316 58 7936
911084 50 3565
926371 36 1688
974722 99 8689
958225 50 29
934230 28 6384
902956 15 9427
957286 21 8397
974384 46 3374
930923 6 2284
956603 17 69
914891 6 6812
931318 9 1611
980619 88 4538
993412 64 8061
985802 37 756
989114 62 8004
963379 51 7606
982868 49 8857
989813 68 4122
975114 28 6123
943339 40 3859
918974 38 6208
930850 37 4013
919453 36 2670
988947 32 6949
903222 40 8988
950383 72 6532
922807 13 4165
966951 4 3476
997566 82 760
998577 73 2696
938545 50 7432
990719 48 8576
968146 39 3040
940610 81 3651
914902 10 440
933951 19 7209
903072 59 2403
965357 99 2661
978071 86 931
978487 15 3932
998906 48 9071
963890 42 7457
923730 56 4699
954229 51 7249
956146 48 3811
994388 97 904
980153 42 4269
988022 23 2225
938065 25 1588
931017 83 6145
979589 26 8722
924741 9 9698
985724 90 5629
943908 62 3630
982309 31 1913
915387 60 6069
912063 96 446
958563 92 5655
940486 13 4482
936714 16 2701
934786 6 5376
953794 94 120
981422 2 4580
930904 44 1780
927149 38 5230
939708 37 2706
985710 51 182
980352 36 5109
915797 98 444
979205 63 9673
939855 97 2198
987078 4 1068
999373 88 5682
962241 92 1625
931854 8 2542
913557 82 394
968376 75 4894
907489 95 2080
950651 81 8494
998698 48 5891
925892 19 5833
995255 99 7436
941338 59 7880
942682 43 8472
922511 84 1020
958577 54 6672
967564 34 4411
942521 14 7825
994952 47 5705
958746 43 7504
920043 67 529
933445 39 4530
970759 16 6326
928920 41 8383
957735 14 4781
950660 90 3571
927623 37 2253
903552 12 3439
911224 20 1046
948791 97 5605
925922 75 9768
933172 35 9485
927158 91 9439
985461 78 4446
948534 74 8379
908947 60 5997
921040 15 6054
955606 91 5833
944693 39 1358
985104 94 7330
916695 60 2330
951695 61 2729
990571 40 2630
953756 14 3740
985169 51 3906
905115 87 4799
963587 47 6790
997099 37 4814
977640 49 4670
977840 97 591
953571 63 679
944235 23 8729
960262 79 7197
905113 3 4524
922870 35 8312
906465 5 2711
903153 4 9676
967946 74 3317
956835 4 8966
939027 49 1512
965588 92 408
993749 55 5415
940164 16 9755
959318 44 6649
957140 22 9694
938471 91 5505
919991 79 8196
929394 60 7835
961434 92 871
933030 46 9166
914330 50 6248
947644 94 7469
905650 53 4220
942214 18 1687
996419 58 2165
926714 97 4083
911566 77 7435
962755 79 8517
923142 53 8197
939261 63 6507
901850 44 1356
994816 12 2196
931473 76 4394
964944 36 6595
913930 2 9044
934194 78 1185
936931 35 5163
982071 2 5712
975512 15 9241
929541 87 3737
906961 23 6348
975534 65 1705
910857 11 1228
918516 47 6504
965098 43 3023
993709 92 3228
923453 95 2065
928239 39 8997
951924 87 2232
961582 97 6344
925972 24 9946
933875 10 5074
912490 93 2942
998650 7 246
964895 63 4645
964753 59 584
970344 20 1901
960741 72 6148
951199 13 4181
944258 37 4439
955972 77 2007
951927 38 6457
987675 34 6100
917367 82 2838
990897 1 5808
995386 71 3960
970146 42 9745
986064 29 7349
914598 35 2158
973225 51 7351
973586 10 6931
901937 81 5908
923808 80 6514
924251 4 2187
921278 95 9564
955977 40 731
937228 27 6651
989025 79 9542
944421 87 1079
976311 29 9574
901440 20 4702
920590 100 8521
985114 30 8810
984212 10 7530
901732 35 8325
924296 100 8132
905253 89 728
993861 86 2769
944054 88 689
984158 74 5022
950377 37 7598
933846 57 502
910556 45 9762
993324 89 8025
960884 24 7681
956262 78 1252
935092 80 6302
950985 17 5598
998370 22 298
934045 87 4677
976767 53 4080
931015 43 6585
900899 74 6193
986526 9 6772
939662 64 3968
988278 50 7005
916587 85 3280
984705 67 1064
960612 44 8394
997641 44 3210
903420 50 7834
903804 28 1120
908252 99 6794
974277 89 7470
954894 22 8644
932584 66 9831
918544 22 1326
904717 97 8859
930064 1 8669
980036 18 8871
904227 95 5457
990299 48 5547
950182 9 8686
913969 85 4530
988774 2 7004
922638 96 6486
976814 70 1876
994163 27 2956
971438 42 1580
960751 99 3051
978335 59 2790
956405 94 3025
950358 67 1596
932742 90 7309
974575 99 9338
999111 97 662
915521 79 1779
989542 22 3228
912046 30 6309
931698 98 7392
969713 100 4076
943622 63 815
937994 58 1141
913755 70 1011
901380 19 3599
926048 57 7386
965649 74 1867
924757 13 3073
929981 81 1146
977057 3 6661
945490 94 1377
910448 38 8039
943553 35 4959
947564 64 4502
958097 100 4259
965884 25 3841
909847 16 2782
942049 50 9956
986409 21 4359
963042 3 2174
971722 12 3804
913099 99 5826
996132 30 1961
936194 55 8737
931760 29 2164
966840 23 7140
983693 15 3724
994305 3 383
932252 10 9716
923899 71 515
914960 16 1007
937827 77 743
966169 45 2918
942389 17 4888
976504 51 7565
939585 16 177
933853 58 7618
950015 11 1233
911557 95 7599
999778 97 8296
969258 60 8718
960283 56 8304
936038 36 1163
986061 7 3211
906917 13 1007
962456 62 8699
909518 33 6555
941438 14 8772
984599 75 6182
970852 49 5619
930017 64 1991
927951 16 3806
945841 37 8450
959255 62 6137
905482 22 3
923112 1 1228
968955 14 473
962536 31 9059
902190 72 7635
964325 97 5615
973212 18 8353
946181 6 865
949075 74 8273
926111 18 7119
987049 45 8441
900835 7 8374
945554 58 1847
946016 63 2486
939169 81 148
957073 48 98
925835 91 4036
984674 59 1250
959784 56 1763
917783 53 2780
934694 29 4216
927395 2 9354
943836 57 9931
903309 75 9958
994914 50 418
908013 99 9418
987481 28 5740
946894 23 1758
924644 57 7198
978939 77 5770
955466 21 1692
932190 3 7118
992347 40 2282
976302 29 9197
934165 59 2185
965476 59 8539
964112 22 3172
948189 72 7707
978427 42 3015
994950 31 3849
938081 62 6945
985848 11 6411
973863 13 4630
943681 11 4921
995640 10 318
976160 25 3845
987998 52 7181
903088 82 1235
920145 2 6970
914693 19 4483
953328 25 9968
953974 79 319
963189 32 5323
932745 46 3440
999141 61 4646
996139 50 5941
929403 39 1229
998301 49 3771
941401 8 8150
930887 98 6746
968323 52 773
969269 64 7185
959812 3 3572
975320 34 45
925082 58 5519
901016 27 6939
944622 63 5244
980966 19 1765
996547 93 6285
999536 91 1820
973711 54 8111
915545 91 8441
901652 10 5634
994724 14 2112
990428 21 3736
935209 25 5805
904065 36 8661
978865 69 6036
916360 81 3204
984307 87 4398
960917 58 7855
956253 37 3322
919696 40 964
940093 11 9355
934039 70 5392
940373 95 6718
932481 98 1534
915227 20 7267
951217 36 1906
990309 83 5824
985948 5 3768
908979 25 3977
984712 79 979
989564 66 4906
988346 20 6700
943164 77 8717
977222 46 2169
994387 7 6392
989625 82 2473
907105 60 986
948856 26 8446
943551 91 9358
952152 87 7987
986374 89 6236
902728 91 7826
921470 11 8556
948098 70 5455
940925 16 2552
912995 25 8595
971965 69 2599
903059 16 359
939423 3 4773
914926 41 1779
961230 54 3920
990952 32 3108
990051 39 2487
934961 17 5923
988236 29 782
928146 20 6403
979513 40 9970
934545 76 7778
929582 40 1013
993408 18 2321
932351 46 6565
910579 86 420
996492 34 4987
925912 3 5438
955408 37 2026
950851 95 6354
926420 76 9127
947200 42 285
937063 60 9591
931621 9 6627
959075 41 2002
908733 38 8172
978451 46 8477
925219 33 1041
929899 100 1237
915104 70 7370
925368 14 422
945821 13 253
947870 43 2067
969449 67 8879
948444 49 1124
939200 59 3686
990405 12 792
981810 8 4410
918879 16 4593
920742 93 6020
978758 30 9688
912709 27 2567
929528 12 6818
920605 54 8400
978830 54 7604
945286 47 232
906834 7 104
967212 67 2364
988268 64 6056
973933 56 1481
949049 19 5230
945576 13 9000
904882 23 7025
911474 49 5444
987637 79 4106
941775 50 5954
957015 89 5796
933426 17 6363
995736 34 7303
995298 46 8280
996531 3 3102
989295 95 7030
995089 83 8700
983711 93 3653
991764 15 5987
909671 38 646
997323 47 1948
952549 69 7480
919292 10 9083
961244 75 6574
918466 84 6232
974056 35 2994
978730 95 9434
992885 45 552
960086 26 2346
973457 70 1028
923292 29 8113
917645 53 7322
984768 1 2787
931792 19 6158
903022 53 2802
982541 13 2026
904247 8 7733
914631 26 3052
913487 80 1639
937970 84 1257
932747 66 2025
992121 62 8544
934974 10 3178
941172 13 2524
962891 1 6558
965648 78 8608
936171 9 8680
983123 68 214
933637 33 7669
918087 63 286
980072 84 9629
901978 85 6752
986264 23 5254
961973 77 8845
996368 75 1284
921443 83 5246
999267 12 5068
916247 74 8621
945704 50 5238
984229 25 9665
954962 95 2755
948656 20 9541
919263 64 4517
991032 54 3234
952183 46 3046
975763 74 5860
957703 86 6943
942792 61 5672
980946 40 7278
924799 95 8489
969792 11 6849
969249 29 10000
962402 99 2716
901814 67 3903
910279 63 5401
935871 31 5744
975856 82 6303
967424 84 4920
930695 76 4110
901213 64 5134
986217 96 7575
994639 34 4558
906139 45 9736
987381 86 1067
973957 56 1124
912037 64 6737
956621 29 5254
997267 69 9872
971740 97 2717
955591 11 8945
956230 57 6112
906328 59 9068
920530 64 3675
994583 43 9774
999130 72 7557
997942 47 8517
907163 32 1745
901416 72 6449
921375 72 6731
993434 94 9676
982151 78 2355
966044 35 5585
994731 21 9807
967922 6 8237
954386 74 4757
968571 73 43
903079 69 5901
975464 14 1369
948070 2 375
944224 14 3846
935470 45 5033
905944 44 4306
948756 96 1913
956813 88 1253
923710 33 4087
990482 45 4955
993134 7 372
983172 19 7004
958778 92 5141
944853 94 9713
954870 48 4131
913414 8 8734
961169 17 1407
986212 32 625
982173 98 7997
942861 43 249
940264 15 331
996104 5 3720
979429 32 8232
954142 75 9991
942776 98 1159
957451 66 4542
964636 87 2748
992602 2 7677
996255 43 1279
972998 97 6816
972002 7 1927
982707 42 2408
911138 32 8584
903085 97 8937
907916 71 4540
973485 4 5929
938638 64 3000
912828 81 7080
917610 81 2418
993911 24 3032
969971 33 8467
951069 73 4480
955789 71 9659
933724 55 4243
962120 26 4424
933823 74 8439
933523 12 5165
999288 91 4982
901306 82 7896
972131 64 6516
982240 56 5790
955656 81 4110
950714 65 8093
949510 66 3667
943306 6 542
915093 93 3456
972395 86 8425
939216 25 3244
983284 70 1100
908664 30 4229
980985 55 2543
948878 100 8656
901474 62 2443
977547 13 1537
976099 24 487
969203 51 6414
901131 46 8419
921961 11 3327
934572 40 835
901130 67 2597
929897 54 9378
949399 22 8318
952748 19 8813
922193 86 3027
937305 1 6680
912640 74 5620
901260 16 3093
952128 19 1972
938170 7 4465
962721 60 8542
987830 55 130
936234 2 1990
964834 55 1226
978560 95 7340
928387 12 2531
973160 93 8868
977869 56 8505
920307 53 7090
904127 70 8859
989743 31 2042
958091 15 8918
972644 13 2443
910265 96 1325
988179 31 6921
921448 3 7164
989127 98 1301
927439 75 6514
945245 56 7394
919412 32 7176
998884 22 1255
980893 40 66
977552 60 3868
922353 92 3652
977210 50 4229
971322 46 508
988163 10 9207
990010 33 8089
927754 52 5354
998003 2 3558
948197 66 5301
952279 28 2329
953608 23 7872
930467 16 4745
935647 47 3865
914206 38 5012
972898 70 881
961340 47 8149
977602 23 3494
924409 70 7833
910815 21 6569
981905 49 3607
929976 15 5673
963790 15 2565
979340 99 7346
999904 80 8545
916671 50 3593
960690 35 8425
995139 13 6408
954118 21 9397
963811 95 1055
933981 45 9554
951529 93 5674
953859 83 4999
969729 8 1386
919255 14 3109
928560 77 3740
990218 66 4756
992352 10 3303
961054 42 5579
960581 84 4957
910817 24 6306
924635 16 9749
919105 26 6730
983691 24 8634
955675 99 6980
932139 91 3414
916455 63 6151
931183 55 918
974795 82 3620
927273 14 5327
967367 62 7197
967302 95 1496
989082 73 835
917057 95 2838
928422 75 8827
991382 1 4069
968045 52 3550
994754 25 6423
912485 56 3699
967986 29 962
967587 32 9039
989543 36 1752
900240 73 7034
917646 66 5772
997228 30 1485
992439 94 7819
941644 31 5578
911090 46 7853
976258 60 4920
990517 2 2737
974682 82 7542
988598 100 266
975917 64 2608
998039 34 7791
929793 48 5201
966862 36 4133
921078 32 9363
946855 25 6811
922508 75 6655
909369 23 1930
998140 7 3461
987452 10 7353
985783 63 6605
906053 74 4896
997666 89 5777
989492 68 8305
957623 74 6912
996121 78 1313
971653 90 8258
934385 35 5171
919418 66 9463
954476 14 2680
984929 79 3536
971744 31 4491
997297 29 5979
954681 60 3285
939587 96 2326
944975 97 2204
938896 97 2310
905417 10 7448
963705 2 6235
918200 1 1987
952035 69 5572
988746 67 4647
948516 73 3989
929255 94 9944
957622 62 4678
982424 39 2410
995652 3 2892
909401 7 756
918895 66 6604
982996 36 1545
987460 24 1573
984662 17 7673
977815 16 6357
959698 83 9577
907010 16 4459
955925 44 231
967687 91 5742
929567 90 5706
963703 25 4282
934770 19 9615
993468 27 1391
905738 74 2604
908062 82 1103
920370 10 7117
950640 8 1381
982054 65 6495
987870 84 6146
981336 25 9973
986972 61 4993
920803 81 503
950022 83 9537
985811 35 874
960586 30 6116
938773 21 5711
959476 62 3063
905194 19 9051
925961 37 2372
958755 22 2209
983542 31 7932
951299 85 6526
928411 62 7321
981329 39 2706
978488 33 6825
901709 35 7315
988092 88 5626
975797 50 5553
993284 66 8380
942136 8 8883
964881 22 3762
940044 20 7418
911216 77 8224
996159 27 4671
902781 46 9365
999168 66 7080
976453 19 6519
941791 6 3036
983656 84 3465
904110 93 228
962743 80 6384
946348 72 8507
943661 43 1631
934276 41 1656
911036 43 9241
915998 75 4671
918559 22 7749
901117 41 6737
974257 58 7279
998010 20 1969
930523 4 3095
978063 37 9764
918514 87 3391
947368 15 2191
988299 26 6313
925343 95 3728
967401 3 4780
949457 88 3149
905443 48 7256
921502 98 4305
951296 94 4289
925993 100 7032
965169 68 5603
955890 12 8325
947984 14 2120
999567 15 8252
961862 24 8708
980461 97 3811
968270 16 3885
933343 44 4964
945822 42 4243
992686 81 7176
902779 48 4795
970839 97 1711
936510 33 1920
970291 63 7346
971384 84 385
973413 87 2167
957295 68 7337
917994 81 9225
907803 77 8558
999186 37 5331
938279 54 1197
948001 47 1752
998787 48 9285
987447 55 7538
972296 10 1946
907398 90 84
916592 36 7919
908639 51 5902
997256 31 5429
966561 77 3051
965507 10 7439
979759 54 7376
960259 45 729
922457 14 1580
979830 49 7609
903566 39 9090
957987 50 906
983501 98 6336
901897 33 2298
910904 41 7624
912692 5 7856
957886 100 258
953019 97 8246
919897 52 6073
921779 63 435
992787 16 4254
951879 73 7393
938449 73 317
935456 27 5213
932880 22 359
915367 62 3894
970753 42 4233
992667 41 9495
963871 66 504
960587 32 2
930165 93 8439
942803 78 5989
948629 25 3996
994439 71 6583
965896 95 4632
967362 41 5632
936753 15 5582
989881 53 6447
902906 94 2325
972786 64 9478
979278 21 1458
934826 66 576
971658 96 4429
988273 75 9375
923379 9 4213
984738 88 9363
996482 71 652
940608 80 2478
921348 44 4757
939394 94 8818
954215 96 6502
906004 82 8832
981888 13 6952
927136 38 351
972380 4 1901
986643 85 9262
977525 96 7895
950653 100 6384
994734 73 3637
944797 70 6424
967670 60 1230
903437 69 9234
902533 77 6073
964334 58 154
915851 34 5175
922242 50 6846
914589 46 1375
987909 49 3597
946891 100 8894
956094 88 6079
911358 13 2453
915394 45 5774
992112 67 2241
970038 39 327
961293 23 383
970504 97 3307
982153 77 569
938403 97 7729
924629 66 8050
960496 74 9519
985486 87 9654
905382 66 2597
921176 66 9444
993930 65 3670
960009 86 8481
908788 65 4763
929234 13 1641
975130 87 4119
953734 57 6048
909194 59 691
952134 50 1430
910941 11 159
990801 59 5502
928717 32 68
999201 40 8776
904719 73 4495
995187 29 1173
954015 57 9750
904974 14 2297
948813 34 821
952846 74 7868
966785 54 2619
991615 75 7147
984685 83 4883
976573 3 4859
954289 10 5029
927972 8 6206
901065 79 5466
986298 56 8432
930844 92 2902
995722 48 1033
994908 55 5518
919249 81 4880
975463 11 2973
967245 19 3655
903099 1 8406
923384 40 9131
947208 38 9524
998311 69 4993
969739 38 8949
998255 9 3277
955738 2 5561
945550 80 8986
992330 8 8772
968943 22 2336
983715 1 7016
987580 51 6936
953829 11 5138
926876 98 9352
949047 53 8534
945278 50 4729
992801 97 4821
934375 18 9828
906503 40 3684
996401 87 1130
997231 42 1929
977666 40 9355
909175 9 8087
941864 2 307
924922 74 9849
994513 42 8209
931131 84 476
920490 66 4284
961375 30 4738
983621 25 1674
966922 6 9220
937489 11 239
950782 65 3508
901218 2 9995
921166 55 6347
901356 69 3468
959874 51 6024
915852 8 341
906533 5 2999
941611 31 9530
927894 16 2207
979879 72 5106
965801 20 3418
990001 94 6376
905716 100 4563
942619 38 4000
906203 87 4649
964677 16 3735
952446 77 668
966020 86 174
913943 35 9450
999958 49 8062
949402 32 6634
923143 13 6278
961558 39 3644
983714 70 5257
958744 82 3726
974998 42 1250
937190 46 9398
931487 47 7104
985592 92 5704
989103 54 4005
918781 78 1112
928133 4 3861
901679 26 1887
957574 82 7532
902775 34 2239
977678 96 5319
997879 86 1860
994380 54 9861
961586 93 2463
902689 41 5053
934836 53 3613
911496 98 5691
954311 15 9994
994565 10 6894
943526 76 8071
992382 80 4922
924977 19 1986
937418 54 29
948788 15 5055
968902 44 5034
937960 95 1566
931107 1 5391
979915 48 380
945518 21 3263
988177 59 1958
908285 9 8854
984943 57 8601
937126 32 316
998713 15 9149
906695 30 6257
943124 61 855
931726 89 3239
997202 45 6560
955948 78 8777
952671 2 3404
980504 16 6189
904022 95 6104
999194 93 7966
976983 41 3487
962720 75 7943
980860 93 7320
960525 79 8057
954715 25 5008
944972 95 9225
950597 29 310
903516 23 4575
992421 8 7029
957680 34 3846
977375 78 2511
998368 1 3262
917075 56 9023
992688 17 9609
969490 60 5092
924217 41 1670
976544 48 3770
957998 15 6479
913861 32 9232
948487 78 4083
923713 93 4682
926187 41 5291
917194 81 4809
936326 80 6664
963240 38 6279
955600 97 6746
928458 77 6507
923005 45 3802
926018 48 3261
971333 85 1418
913370 43 7080
972713 26 9714
909514 60 431
915803 53 2576
955411 26 8896
901490 49 2903
968908 54 273
971068 51 771
900974 57 2171
967462 79 546
999559 48 6093
911029 65 7662
986992 72 157
939798 65 7909
913313 19 2269
987931 24 9994
980291 31 1726
919229 67 6445
985251 47 1182
909297 14 8802
911143 70 7685
978010 38 6999
939613 27 7417
987058 49 7811
911921 59 3214
990231 17 258
977540 100 5119
925593 69 6762
970792 51 1104
991380 85 5234
905623 44 2858
999678 2 7832
944747 29 982
950081 68 8469
912010 37 6195
971842 67 4612
969818 46 5091
956251 83 7462
918166 77 3314
998171 90 9488
920434 16 5362
995700 92 8093
942378 56 7370
936834 26 7592
979683 4 4218
907910 44 5184
951984 1 3920
935368 26 4607
943493 68 4244
951571 48 8262
934617 17 9108
919051 43 4022
985432 72 2550
951413 72 1936
972622 16 6580
946550 78 4251
905173 40 8392
990697 90 6974
915572 89 8016
989528 60 3720
973100 99 7565
999630 3 8330
979590 72 171
963274 30 2102
920127 19 4088
918903 46 5603
981981 95 4417
970008 15 3612
997940 47 2655
960977 32 3051
945277 39 2618
935503 61 9188
910394 80 9083
996863 47 8352
979873 91 1107
950195 34 472
992715 1 6770
993583 17 8977
929165 21 9671
966170 17 4098
935539 15 9232
964966 42 4520
941442 79 9743
992409 75 3992
963623 91 8144
917955 50 5574
917421 12 4503
911260 3 2267
944980 97 5708
915923 99 9728
917885 55 3799
915124 38 7100
941590 25 3786
909729 77 6852
999535 8 3126
984314 37 8145
956417 94 4080
949946 93 5702
924315 92 166
978765 22 7949
981423 24 474
916642 87 880
906634 63 6739
912712 1 2040
960933 34 3522
939979 70 2348
992617 18 2776
929421 58 7898
998426 62 8090
967512 21 2614
912187 14 5945
911623 91 3186
988777 36 6311
906545 37 1175
943548 68 6992
958204 63 4797
920211 67 7072
959251 20 1146
978241 45 1756
930967 56 8638
920693 19 8154
976232 75 8984
933224 68 3957
965066 43 7048
997338 11 3222
965435 58 9823
925074 16 947
951561 24 5605
917311 14 1484
974862 18 9304
922194 98 675
913899 4 2680
995596 67 9707
994720 20 6464
989171 39 9649
965019 50 5742
900103 69 6076
953986 3 7623
992768 59 3365
973188 57 5859
974646 43 7170
962823 51 4073
965773 54 9844
924995 22 159
925167 52 6011
975709 86 6023
936734 44 9236
926844 72 2119
942522 35 2515
945995 14 2107
989487 37 9611
902239 39 11
981370 23 454
995305 46 3348
919431 84 8042
978682 28 2626
929365 41 3925
980212 28 876
926625 39 5193
936773 6 6644
991958 78 6431
930936 20 4750
901532 92 7370
917122 68 2217
926813 16 4995
972341 28 249
926162 46 540
913056 65 5018
901343 58 4878
987562 65 1483
940403 60 6687
959914 4 7974
941416 73 3374
991003 51 4860
944025 72 9659
930654 41 4915
973921 37 4167
938203 19 4634
913674 26 8202
950608 17 4895
966333 31 7111
986499 68 1970
935538 89 2761
988767 39 9173
901088 80 6536
983207 65 133
954524 7 1390
977227 53 7640
977181 28 1017
936563 66 1503
934393 53 3637
996701 80 848
967366 92 8795
951143 88 5629
930368 79 5690
964755 4 6812
964356 100 768
912444 77 9525
962098 37 4013
991190 26 2034
981984 50 3272
959104 13 5025
937995 38 51
930228 60 9187
908249 84 4240
905163 33 9672
997540 1 6849
966948 85 6817
920412 67 9452
901501 48 3580
938950 27 4645
993521 47 9127
907393 58 9753
967740 5 8258
980296 77 7620
984323 6 8119
915885 48 7032
912962 76 6557
966462 5 9970
959442 55 9863
924147 38 2078
949438 23 9344
954230 14 5336
955702 31 6585
978097 47 5358
979996 44 133
930834 71 3474
911146 33 1273
918630 25 1068
958962 70 3185
995580 7 8098
902762 27 6840
920686 99 6611
943380 27 6092
959119 93 7646
908911 41 2600
969414 45 6781
900215 63 3630
926856 38 752
910905 67 8885
980104 34 2777
978281 42 9077
953238 53 7898
967754 13 8144
998166 51 3435
966142 85 3577
934723 55 9312
969504 8 7536
922013 49 7897
916075 37 2742
906680 26 621
921808 90 5321
998461 13 9592
928787 30 8311
941604 13 2469
907202 95 3230
925845 57 5457
928312 90 2976
983712 6 456
950351 44 3833
941962 74 627
971336 78 540
975429 93 2226
939142 12 7531
962243 35 6871
954875 68 9132
962920 7 1989
920614 92 6835
955483 25 3869
969193 62 8364
976937 76 6650
953433 29 5609
933927 13 4854
950516 57 593
943378 29 8018
994751 55 5266
905312 39 1862
987237 57 7160
947624 52 1154
940439 83 9177
942615 14 2498
942037 89 6025
902648 1 5378
957686 7 6735
943307 91 2311
901767 75 6464
980371 1 3671
905134 27 3770
975840 97 4931
966149 72 4750
991178 78 1218
912180 51 3351
948013 76 8346
972843 58 7266
973559 47 4631
906485 95 9827
996237 3 7828
942134 37 3718
917524 78 7886
942977 35 2409
970525 48 1958
973280 29 1459
915232 70 7550
962510 57 7723
916311 64 8525
936212 81 6405
985628 43 7518
912752 47 1148
953334 19 7665
974516 76 6126
955188 12 7509
906795 65 5996
955929 7 7200
959944 97 8645
946466 43 3130
975532 94 3784
941930 88 7920
907517 11 8586
998462 84 5330
939266 81 593
990321 21 3494
931722 21 5295
900830 65 2000
969148 69 586
935253 79 7035
904181 5 8592
907253 27 501
962143 94 3803
979825 3 2202
981861 4 7511
959918 99 9394
983777 88 1852
922529 97 2761
908302 48 3561
994456 10 9675
978147 83 3264
942091 24 8473
976473 26 1403
953537 83 9328
966651 2 7814
960332 75 4319
931622 59 9405
980600 86 9892
988374 72 4659
913187 20 1332
945361 40 7938
949733 52 1753
900863 68 283
975423 70 9551
929105 47 2745
990033 27 848
964360 36 3871
979261 76 1442
982230 42 6464
937680 97 6416
972535 50 5332
992037 61 8072
940800 44 4280
987100 28 9281
932703 98 1274
952663 76 5851
997762 97 890
962993 24 2013
935654 3 5454
923551 14 3806
945718 11 9322
900728 85 4479
909087 83 2564
917696 56 2060
915599 63 241
958071 59 245
957620 21 411
965138 31 5053
950414 92 2391
982659 82 5157
913134 16 210
975606 46 8621
985989 91 8727
909931 91 3117
924321 14 3743
938643 98 1442
924984 78 839
960078 51 9563
988960 70 2996
944387 81 9003
919501 16 8967
957393 57 3631
964858 19 47
915001 11 3300
915591 56 875
954253 63 7459
933762 35 3208
933999 44 2029
908174 29 8157
973005 56 3550
914773 34 865
943396 29 5216
983612 84 2819
943948 14 667
925103 67 3099
998259 76 9349
922667 59 8380
983275 93 7606
908155 89 9177
924323 58 3823
942524 11 922
914018 19 7077
987692 99 6083
984255 71 4567
975702 46 6550
913158 24 7471
943925 77 3055
979927 64 5006
946804 78 9180
946948 55 6189
998478 54 2136
939554 91 7100
920918 79 8830
916755 5 8004
944148 34 1541
960444 74 9788
973312 21 4022
904533 24 5238
971110 98 2871
986660 96 344
985431 14 2185
975060 49 8568
940426 58 2121
911629 33 5870
927812 41 779
957738 91 6196
918788 86 4177
951167 25 5775
948890 58 224
983759 82 1375
916824 63 7538
902419 87 3469
968140 73 5526
927872 42 4980
938360 55 3968
999479 86 4956
978117 71 4749
919646 54 4213
914792 66 509
936999 18 5115
922434 85 4443
995702 71 1709
927471 95 5608
930647 94 1605
939245 53 1927
922366 99 9356
958803 70 3023
993472 14 4386
917188 70 3294
937194 22 5618
988216 42 9453
918951 90 1336
931361 32 7377
913301 65 223
947804 21 9967
986577 23 543
937743 31 5593
934457 78 6136
945635 100 7844
970598 14 14
948400 68 3162
981814 53 2834
927477 84 3862
901134 18 9403
923308 95 2838
984331 77 1157
901994 48 1178
959766 29 1660
983191 33 1984
959366 28 9338
941922 84 5614
945423 24 2511
909802 62 2781
967175 71 911
961129 94 5930
904979 3 9676
937930 71 8565
986497 39 3246
993693 61 7059
927175 73 5819
919143 57 7855
942411 80 4380
967392 4 7014
986849 68 466
975876 39 4749
920422 39 5789
956098 9 3971
923781 21 2243
933947 14 257
912920 76 8744
943753 36 5171
963565 100 9872
960465 50 5060
923051 93 6589
913873 97 7417
983922 7 8256
996507 5 8861
931675 94 5281
953010 3 7059
997763 18 6692
997742 98 2802
957229 78 5357
916779 5 4380
943140 99 9859
921650 36 7703
996029 100 9912
954129 26 9024
967246 41 4486
960927 18 1405
998996 7 2383
905094 71 2381
933100 58 4638
973706 26 3623
952664 39 7215
920419 17 1217
948274 67 5159
991766 96 2079
944489 92 6100
933101 56 5600
990117 33 9434
970004 45 4478
925302 37 2694
932253 29 7731
993343 76 2290
914143 20 6877
998358 15 6153
985931 91 8547
922491 49 5136
974680 42 21
999137 84 8331
998962 20 5410
930190 88 184
989714 39 9666
963104 44 1063
910537 56 2789
905503 84 7409
934198 54 555
969546 33 9049
996540 33 9432
954814 78 9288
913668 98 5200
963209 85 9155
972521 84 6609
995049 5 1636
972209 72 5042
958058 48 5622
991395 76 9874
905934 39 7049
917812 86 3946
979102 4 2365
979932 65 880
930010 96 1103
972747 63 3904
971484 1 9422
935935 5 3555
947728 94 2236
936565 32 1092
974752 77 6696
937286 35 1925
911911 86 352
985870 96 4769
917953 75 1631
994158 91 3267
951635 4 7926
985464 28 5890
940191 17 6326
981198 14 9177
912598 81 3783
979747 87 3443
967407 29 5701
986314 13 8532
953843 31 3075
992096 61 5672
905595 42 9199
918112 33 5386
919152 41 4542
976222 64 5690
993255 23 6324
994013 89 4805
958779 44 9428
930816 66 6544
982190 23 3270
921607 39 3701
938419 85 5580
999859 53 6677
940603 12 477
958469 49 4778
903194 4 5564
918902 64 3934
932150 17 1854
940684 33 8969
906227 20 7450
922016 98 9281
913711 60 5296
957864 35 4112
982869 45 2891
949698 27 8507
993765 96 5255
967510 21 3589
993049 2 9127
903846 32 2976
952580 74 1456
939385 42 7767
986554 97 4019
919462 59 8777
995183 100 8646
922793 3 6252
926023 15 8626
947925 94 581
941325 2 9445
990994 44 7826
980343 40 2094
970246 74 9339
995011 18 2225
975304 49 6209
949746 90 3730
924892 89 4587
999528 28 8255
913779 46 2123
999199 67 3925
998651 46 174
966399 10 222
926353 4 7207
979087 26 6364
964463 85 1075
980260 86 5870
954677 54 1264
903773 44 8233
918577 87 3649
949865 55 3262
982958 58 9143
928129 5 6088
971172 80 5920
902193 75 3062
961661 10 7175
940322 31 1604
983871 3 3749
991579 48 8300
942399 2 3331
969984 53 8919
936320 84 2391
929399 85 7418
944403 60 1412
905429 42 3384
929721 26 1758
948715 36 8648
949985 86 9871
939208 53 2509
993584 39 6969
942111 51 5559
953586 7 4751
964559 15 5558
948402 13 3557
953346 70 6590
936787 38 6671
908114 39 5336
935961 99 8845
940214 4 7040
941277 60 9285
971299 50 2203
984116 81 3979
915957 66 9007
972607 9 7806
970072 4 5902
966988 2 1282
979935 91 9770
900832 80 3540
984109 98 1448
966723 53 1708
994329 30 7406
985851 76 4692
909798 39 8003
928936 16 4286
901813 80 9956
990082 54 7465
967499 46 6850
923529 3 618
959829 96 845
950187 9 5328
991077 24 1225
970486 36 4451
939492 96 6273
918397 94 3876
949705 65 2489
985930 95 6484
940708 70 6388
997348 6 6688
996163 24 6384
933385 14 3828
906825 24 6883
998584 93 5061
992522 77 9707
905697 77 267
902490 2 7166
900574 54 9041
992554 11 5314
928788 46 414
956636 84 8547
975257 4 1446
951253 60 9111
927499 39 1545
979495 22 4461
918481 65 352
904109 38 6089
940624 8 2921
989979 93 3642
919427 66 844
961419 8 1829
939494 9 7122
922740 49 67
996328 32 8013
979776 52 733
994587 21 4488
960794 51 120
960897 18 4375
953563 94 1180
959027 61 4082
946276 51 3487
950487 60 2543
991238 91 1760
994498 60 5861
909356 15 1625
959526 63 8181
927337 26 5151
927946 21 2939
944484 85 483
901910 46 9873
918568 33 2172
963571 7 5951
909932 68 252
917166 83 4927
951109 52 3509
947382 9 6529
991523 95 3371
985655 42 7780
930666 30 2961
916826 44 1144
932711 74 5345
982697 56 2269
906024 7 1199
935931 91 439
924602 38 1800
946618 97 5872
968051 99 9201
950254 65 3320
999805 36 5176
916998 48 6773
973798 6 7076
963570 34 5605
982665 42 7226
934326 15 1970
984186 68 7856
975225 52 7325
905485 82 6009
925147 44 2902
926772 39 6141
942713 58 4827
981436 68 7603
975881 20 2813
917111 52 8390
927669 39 239
967514 86 491
998116 22 8868
968954 10 3780
991078 13 496
973722 94 8911
911895 87 1783
948675 66 2930
991805 27 4934
929616 17 2790
935862 38 661
992595 24 3769
973319 26 3569
936570 86 5366
908016 32 2124
968024 27 3980
907773 70 7564
999597 2 1387
940694 97 4561
969595 58 2122
970887 53 3887
922861 37 5329
998442 80 6091
917563 2 8280
944416 33 8716
985586 42 1665
902275 33 6791
935049 63 7061
978701 48 2291
923840 74 8849
916051 47 9263
927834 94 5783
944405 17 8474
989912 42 1358
973285 37 4120
953084 18 6294
971206 45 4310
982417 59 710
922361 80 9931
990849 36 8727
944850 21 8133
952453 86 1193
948499 84 2513
936580 100 5869
920887 36 6414
928441 40 948
954072 37 2386
920450 46 5023
917265 92 5473
926923 81 6100
984992 38 648
954581 68 8881
945303 5 7075
943583 51 1067
949128 79 218
959223 39 9660
954794 80 5139
940692 5 263
983500 25 7528
961806 58 4596
987046 75 4219
973608 88 7663
904566 38 4119
962527 77 4068
950173 43 6689
941034 32 4994
915023 57 7230
986968 16 8860
958406 8 9711
943244 78 9387
923630 13 8533
988915 37 9454
976053 8 4051
911809 35 1167
907536 90 3402
988707 91 2223
959798 29 3201
989572 40 3806
984415 48 7969
935662 6 9603
914876 15 8747
967780 82 8020
942232 83 6254
906735 4 2935
914339 22 9323
956641 95 8715
961743 17 473
974448 75 8350
928261 38 7625
915807 81 4596
976634 44 8880
998993 100 3416
991248 9 3453
914680 56 4948
960685 84 7385
946453 85 2337
939080 86 6286
995010 94 5824
976141 87 3337
948874 28 6677
970018 39 5001
974958 25 4449
943100 88 5908
960440 32 5343
953177 19 9765
983658 73 6567
942429 15 1398
903483 32 496
921055 22 9309
962097 90 8317
941455 80 9360
950449 2 2192
953434 42 7180
932482 98 3516
922526 58 6860
938800 84 1440
992881 53 9050
989459 5 2567
904702 2 1262
961998 41 3109
944683 100 9458
915210 13 9506
986281 40 6178
915961 35 3851
921059 13 7649
948600 52 5412
915682 57 1951
916404 93 461
921277 84 1174
991108 89 3185
901722 92 1289
966284 68 1772
966974 12 2509
983859 16 6237
951811 61 9344
987314 33 4126
968501 84 2769
901871 53 425
942719 71 2014
927516 91 495
965155 80 6877
928756 94 4143
993289 81 6410
939041 76 7118
931241 30 2140
989997 22 7380
996549 20 8404
904189 20 4708
970552 79 8303
987910 82 8385
985875 4 565
906110 58 7311
955184 78 3663
956286 20 8288
992238 51 789
955889 32 859
932483 8 6167
980577 49 69
977197 80 9106
954332 17 8137
980245 80 8191
971122 7 9534
911658 14 4326
966301 86 1817
932017 50 6103
944707 20 5321
989269 78 3452
919121 27 2659
917789 23 8323
941652 78 579
919754 22 20
961347 29 2942
905625 97 9884
905731 50 3313
989699 17 1018
920317 55 3216
913080 12 816
910597 91 3682
974127 66 2083
949345 24 3837
949087 18 8964
964609 65 2717
926161 2 374
946845 92 9616
911696 68 9609
967431 71 476
927561 98 2075
950207 59 2112
944366 78 7820
986999 9 6549
969005 97 1133
954897 67 8779
998148 74 9889
941407 26 976
957272 25 9427
900401 51 2413
987114 29 3208
992651 74 9603
972603 100 3375
929306 6 1043
988005 80 7184
955383 44 9044
920285 60 3172
908407 80 749
907481 1 4134
934420 47 2429
946334 42 4621
980085 87 4594
905617 9 7699
945935 17 5715
903255 56 3178
925077 1 6341
951998 57 337
942688 16 526
998670 39 1914
963774 72 7710
908020 60 8887
939321 85 1444
958961 8 9068
995066 77 8986
962351 50 7382
930223 94 2408
992959 73 8687
924980 25 1697
978570 96 2611
982870 34 1804
942832 7 4968
995375 12 1050
913205 54 9537
951725 80 840
976710 51 5346
988323 47 8193
941402 61 3805
912486 48 1682
977852 37 7505
973368 17 9902
930934 64 5974
912681 69 6704
933309 43 9558
962726 77 8383
941148 7 3374
976275 82 3016
948501 22 2006
999790 42 8106
922079 22 9380
913746 91 1701
987305 11 1882
925711 12 9954
996724 35 9696
994496 26 7929
918147 4 1924
902601 86 2339
914121 63 9198
989928 59 4004
934093 29 1078
997071 31 783
933983 8 5544
914304 60 3596
968864 82 1541
922145 91 3795
934445 58 844
966935 91 6481
935788 23 7153
930392 41 999
947222 18 3982
972643 4 875
977412 84 8880
949577 4 9388
954811 43 455
909005 13 9964
906846 2 7819
961296 95 6932
903119 72 5324
982253 25 5785
996147 85 436
974901 92 1123
945613 9 2774
981099 32 7864
935973 88 3808
994142 14 5751
934298 35 7594
944967 4 6220
984948 81 4339
942896 17 4942
990504 47 1155
927251 68 6012
979143 36 2623
910508 59 8747
955094 15 1041
961135 75 5798
965593 44 5383
919436 30 1343
903769 50 1152
956172 22 4804
920365 31 2139
999157 91 7483
952506 47 8170
948777 42 3255
950288 88 25
909095 52 6794
963251 58 1446
934459 38 633
987606 98 7540
907964 37 5309
939831 54 9353
932440 25 4810
921752 5 523
974689 52 5535
939430 81 4514
991224 86 3897
941777 46 8738
923620 16 1778
951479 30 4130
963690 55 9944
943634 14 243
915884 100 6424
964252 17 2364
911228 36 9421
997193 81 1893
948667 37 8917
976457 13 9541
971921 77 6721
932031 36 4989
950301 78 213
914862 4 3552
959207 69 4202
907382 73 3141
974763 62 3820
965545 25 8255
905776 56 9063
908680 6 4366
940698 81 9565
972922 54 1134
951983 67 2126
992942 57 6885
991997 80 9750
927397 2 5082
905905 4 7584
942018 95 1471
976196 42 2480
927326 23 224
929009 68 9345
968673 2 1956
975308 73 767
905369 61 6394
944601 26 558
949205 53 7545
994670 5 2873
909483 2 6329
911899 86 7856
913465 99 3170
943610 56 2767
942366 71 4115
955346 81 2472
964553 67 4629
969244 9 9594
911237 21 6690
962620 35 3933
990412 28 408
970423 72 5719
948237 89 3761
949382 14 3796
951270 76 5515
931309 2 5179
907017 70 5853
978318 8 5025
964683 9 4155
959327 60 890
989658 57 9170
980727 80 2060
974339 49 480
956237 67 7714
986976 68 6253
965668 10 9098
994254 23 3007
979946 38 3097
917821 79 8504
999996 87 5895
951956 24 771
970228 93 2790
919463 23 8279
952890 30 1535
998314 13 5313
964886 80 1450
935536 97 2213
919575 8 2610
957593 99 9023
979351 76 9037
923833 71 4116
933237 93 5877
946850 8 6704
978947 75 8852
996021 76 3051
936495 65 5154
973516 75 4020
957416 98 5827
972830 21 1372
993715 60 3603
948309 52 7748
927225 35 5824
924506 73 3642
941271 14 5236
932517 14 8642
901322 45 9294
956333 55 8418
910372 89 9004
963453 7 6445
963265 56 2088
993595 72 3125
991292 45 1131
989856 50 3759
995061 29 5243
963712 93 1959
923130 55 7247
938494 50 7854
998395 89 8929
985296 23 6857
994000 43 7320
992882 95 4498
969137 36 5903
910930 69 5495
930506 79 5168
995346 6 6980
991996 4 6327
919540 70 1924
919832 82 6930
955864 97 295
904895 39 4076
919780 6 9416
925062 43 8364
989888 40 8439
972172 48 272
949769 38 1475
902945 1 4947
983710 44 3164
950575 12 1012
991785 23 3600
971759 89 4610
944162 32 5474
934454 58 9431
996705 99 9270
979560 87 4758
965741 39 5345
926387 34 157
935422 28 1706
972158 74 6054
900362 90 5790
959242 36 6776
909137 79 2421
974157 21 3674
903283 49 2304
934946 15 662
967819 85 1284
981245 21 5180
958972 9 4038
942520 97 2881
956289 44 6270
928677 39 5340
977273 41 7678
965795 97 9262
911751 8 194
955953 92 494
978714 65 1233
936177 35 3968
931074 48 5635
949287 24 6451
964588 52 1269
977423 6 3725
925277 89 7250
907873 47 3877
966745 71 9313
941640 7 3382
981749 31 2597
902517 30 3520
922131 62 9162
996160 28 5808
980711 38 9655
919717 26 5116
941839 79 7365
927176 51 5033
902120 59 4981
945854 42 8940
951224 98 5862
943579 71 9190
957060 34 8792
944386 90 4088
989891 59 9504
927584 60 9909
913428 44 7531
969988 98 7838
987739 23 9342
904269 2 5231
910326 77 4848
949740 15 156
984766 60 9849
907119 77 117
925867 33 4184
956897 39 448
952254 68 1897
961563 83 5652
999872 89 1619
957146 52 9157
999612 71 6051
957931 96 2656
959654 2 7163
906168 61 1339
944072 12 4012
905579 48 4880
948655 93 5934
939896 78 9884
958383 11 414
934033 86 5746
943221 1 5872
914032 73 8679
995489 100 7053
968014 23 3957
905768 97 1410
992866 72 9126
937858 8 9747
951209 45 6808
979064 34 6912
942373 10 517
989633 85 136
998053 56 8989
988056 45 8705
970727 49 8177
995987 65 4592
983047 36 8214
948439 36 4624
965132 23 8710
977473 16 8317
968920 24 9842
929470 96 6282
999922 10 8454
937558 75 1927
941350 1 1292
913784 62 9740
951716 99 8559
960716 12 5788
961150 18 4963
994363 9 4139
966499 45 4181
926149 95 2642
905710 12 7256
918275 34 3584
998749 14 2793
960626 9 8792
920697 25 3809
905209 28 2476
942405 100 9849
928692 72 329
953374 13 8631
913244 99 7839
921105 73 2076
935863 41 4410
913382 43 5071
934201 34 9804
935488 81 9641
998617 59 2867
925696 19 6895
934706 24 5369
925879 60 7372
953073 32 4446
923787 50 5085
900924 10 8747
927396 68 2099
934396 40 3035
902537 28 5810
968980 77 5090
972264 79 483
989307 57 6852
920529 32 7440
925671 9 5032
932938 92 961
988340 38 6432
921652 12 1796
971232 85 5362
965999 62 994
907243 52 3352
912179 13 1981
944174 51 4078
951482 45 5045
967016 45 1944
968319 1 5665
995669 90 8503
973736 82 2635
962533 11 9782
934246 95 8799
922595 50 2822
903098 2 9857
972194 82 6379
989095 57 628
954990 90 8517
969781 56 9207
994306 52 3176
995896 85 2551
972841 51 2506
951855 10 7547
919142 32 6308
947183 54 4109
981692 55 6075
942749 28 7564
915407 83 4426
949190 65 3856
923886 7 6637
982220 61 1010
945768 76 8552
958879 9 6808
985209 83 5219
933985 92 4769
970773 58 8020
975373 44 3411
984618 20 345
958527 64 8960
993499 8 108
911129 20 5414
960128 46 9577
942647 80 5800
962877 38 7138
934287 24 5015
970715 86 4414
999524 28 6495
984289 53 5597
948736 39 8526
970219 58 9895
902195 22 6542
948388 89 4308
982705 71 8656
938717 46 756
926183 15 5220
924761 72 6747
933282 55 7595
903589 39 4357
913740 28 75
994173 16 8619
963289 4 5038
948734 3 7417
994147 70 1239
957701 72 5172
919961 11 3620
921852 17 85
909945 38 6404
919976 27 8040
989400 63 2433
991893 31 7343
901404 47 1352
929589 10 6083
904901 39 8738
934976 10 1325
931996 70 7027
999995 20 1529
902744 57 95
901778 85 1943
956114 23 1349
909761 22 7049
941492 84 3101
910122 60 1205
903360 64 3722
995928 14 8811
966836 25 3084
969904 5 2134
939309 59 953
990798 90 8033
927781 8 2373
934963 14 3455
978984 43 4575
997062 76 431
907579 90 4838
938094 7 4384
969549 20 600
971360 59 612
904638 62 7712
902451 92 3542
966589 89 2319
979025 37 7287
943171 74 6595
938600 82 7153
986018 28 4545
954200 40 2949
934116 96 5174
996903 53 4107
933351 16 9010
940136 59 6360
981996 77 4185
915990 28 2781
984228 84 230
977533 44 9881
907969 14 2212
920257 44 3316
928104 65 3024
994919 77 769
980325 17 7047
930427 61 7777
939784 33 1352
968906 100 2102
995025 97 4541
997931 12 2825
984750 27 9296
935414 57 1743
970013 81 3236
994961 31 103
988289 21 9800
960591 94 9706
977490 64 8236
937467 7 2657
987459 95 4937
931908 66 1274
982097 13 7624
986513 68 4963
950541 1 4817
918986 38 5299
980147 9 7956
951740 20 8885
961055 45 825
981420 80 9126
957951 33 3693
921482 56 6982
933244 53 1079
943086 44 7090
933435 17 3379
935956 48 8792
987632 69 7015
983382 53 3493
916523 44 2099
923711 73 8548
930029 32 9003
902831 24 9283
958314 79 4280
988649 13 8151
935458 43 8274
950060 25 6226
900129 69 8634
912036 64 9750
973226 9 9903
912616 31 1134
906802 33 7707
943976 71 1466
946360 59 1156
958532 7 8317
942398 10 2512
902476 8 9404
965877 69 6787
995297 24 3473
992623 95 864
988127 16 3221
975830 22 3779
939773 49 9212
948244 82 5640
920947 8 869
949608 89 4294
910759 66 3042
930954 10 8222
961100 20 4083
927593 66 9300
977000 81 9719
919725 71 871
952218 53 7619
991015 68 3369
991398 65 9721
986426 67 7611
924912 10 3033
955994 44 9153
996783 69 4800
940709 21 5387
999883 85 8484
945125 95 8882
910209 78 9580
905581 73 8138
958461 16 9841
960902 28 2794
982567 83 2011
900604 84 2324
953867 29 1379
989933 12 9576
938145 11 403
921651 30 2427
935730 89 1230
941330 76 6134
913243 38 84
950504 50 3387
988753 37 2376
988642 22 5057
937978 100 6600
914392 35 1326
924944 2 6387
957944 78 9615
988881 66 7518
913855 1 5585
909499 8 2656
917472 14 7554
912784 92 2085
951603 27 8511
993261 56 5749
939820 91 8705
945411 51 8226
922697 24 4859
995374 4 9855
963870 5 4897
904265 35 3029
959118 35 4170
908163 40 1702
903825 77 8015
957223 67 799
996354 13 6567
967085 77 7329
966427 26 1652
900955 81 2830
955339 48 8779
986774 77 9632
905592 3 6566
955167 88 4493
995062 71 3516
920695 62 110
907059 80 3677
973409 51 1914
956875 70 8326
991747 28 3033
984963 86 6994
954249 56 5121
949388 99 6941
904852 34 995
958922 66 4142
957742 57 6700
931531 35 7682
997606 77 9023
932095 16 8751
929177 79 9667
958185 39 7089
900379 93 1047
939943 28 1816
972515 73 7744
956608 6 7332
944364 10 2904
977797 56 3761
954644 98 9251
989581 89 7668
991309 83 3402
943972 18 5565
900147 31 7511
971219 36 8199
919698 90 2888
968901 41 4405
942338 94 8858
994818 41 2235
928137 59 3027
965245 95 3135
995460 95 2710
965152 53 204
964017 65 1498
947084 65 8100
942523 96 1164
981413 70 667
985277 38 5106
990130 92 8588
937846 14 1311
938803 48 7542
959518 92 8515
927114 81 600
991119 15 4248
910290 37 4638
954540 33 536
987202 20 2845
909901 20 9576
982508 83 905
952577 52 8444
902544 20 2987
940583 6 3774
902271 5 9786
964395 99 9600
967403 49 737
950157 22 9690
958705 18 6488
937053 30 749
913090 39 9797
996071 28 5130
910532 54 6918
912096 2 8827
994755 21 6915
980337 55 9409
942406 54 6624
962349 37 449
913202 44 9788
936082 21 2016
947553 86 603
996234 65 9454
940591 55 1771
929298 21 2122
953520 59 9965
999792 47 2148
926317 4 7321
928981 49 7833
986862 97 6199
939275 31 3197
954478 78 8241
980060 10 1373
905528 63 9953
954050 17 3649
993662 18 8977
942846 50 4983
987847 79 4433
949520 80 9014
964860 91 6579
974293 49 4564
927565 90 9641
932227 17 6539
984108 99 4167
968179 82 8913
916986 2 9740
953391 30 9778
913979 71 5808
928329 4 2747
954685 12 8857
979533 74 468
927389 26 22
956639 54 7617
901893 39 4043
996436 91 4452
916588 69 8084
916210 59 78
917694 71 3635
973281 19 6920
900428 15 9676
921527 5 1108
998488 19 2851
969218 57 7583
918484 80 5094
984420 85 2431
977106 12 4001
983528 49 9366
906554 70 8826
970276 84 38
971890 75 5866
908936 82 7836
994222 6 7250
954851 82 2183
906045 51 7640
918640 55 1662
983849 27 6354
910723 72 1175
968373 38 6876
963187 15 5044
900109 16 8439
924438 98 6971
957399 42 7690
909920 92 3646
976872 34 9287
987989 55 3342
955908 34 10000
935604 38 9582
973576 81 138
922235 50 482
907089 93 9362
912743 96 9217
958117 32 6618
902378 25 5883
938121 25 9842
908562 88 3343
907633 76 8758
945422 70 3411
997442 8 6224
938965 24 7865
910277 50 2204
954882 54 1060
923496 31 1515
914172 96 9878
991762 16 7875
968973 57 1241
906833 93 7607
960119 51 5531
980142 25 1198
990096 11 4777
952030 46 1088
915217 77 5036
930608 73 2626
918881 24 6490
989357 42 5608
946899 72 7403
970779 20 2014
990501 52 5245
999598 68 6392
962304 83 9833
910864 100 6044
942190 56 9205
931754 7 3095
983356 25 3515
912329 68 6707
944641 27 8763
923503 18 4557
946128 63 4302
986665 50 7047
990155 78 2513
961773 89 4529
971392 29 1472
957726 70 1375
931636 83 4710
923165 35 5012
982601 87 5188
974588 77 3753
961865 26 5980
987834 61 9953
913036 16 9890
969404 44 3494
930672 52 9766
916776 57 5305
966660 54 9598
902084 56 2796
974142 23 6162
971824 45 30
981803 85 3815
944412 98 1010
991593 7 4159
935267 56 2755
995970 72 9657
987533 49 6704
997489 12 6921
906496 37 5293
958246 5 6066
987473 7 3952
964369 52 7592
962477 21 8913
997135 69 2169
994982 99 8544
928424 30 2018
988266 58 9548
974093 97 1676
995781 46 5640
993178 64 9485
948263 51 9747
994917 50 9716
988544 99 5093
988980 19 5911
939830 54 228
913359 83 6559
973846 39 8961
973935 90 797
944871 2 6984
964751 1 1847
963630 73 7958
998497 53 1924
914849 14 9093
922786 34 1681
967270 22 9570
935150 82 2841
971764 92 2462
960548 63 4801
994852 26 4523
915061 56 4080
945517 12 8293
962409 98 6889
998707 48 7143
964619 57 5013
989463 23 8340
983107 57 4410
956664 100 2676
968186 89 9703
902453 17 5180
913474 79 6799
939620 46 7407
992509 22 4628
907084 93 1512
949394 97 5900
952623 83 9829
957348 12 933
989672 17 3445
906820 71 2241
991964 4 5295
900549 93 9700
920071 67 1407
972896 25 6894
981062 18 7965
961171 13 9464
996442 10 4782
986213 67 5704
988963 41 5449
941158 37 9949
973402 48 2563
984101 49 1055
945738 85 361
966808 73 2509
903799 38 965
953757 99 1169
969216 4 7206
946478 78 4377
918507 18 3302
915339 85 6438
938932 60 9712
907219 99 809
952296 62 322
987361 48 3547
983481 91 860
947117 51 5154
952540 29 6834
997044 6 1661
970776 19 3367
907868 68 9648
947014 7 3346
993114 5 9689
950168 75 8005
908857 17 8208
976086 47 2225
983286 79 4303
904628 17 5343
927333 84 6691
913135 19 9204
949106 35 9232
935381 6 6083
943059 90 5987
921334 25 5222
947144 46 6777
983098 62 8167
998956 25 734
994266 93 9751
959234 44 3474
984918 69 4611
960809 7 2899
937064 92 1908
907480 88 452
940981 17 777
908513 87 1776
991426 7 2976
925228 59 120
956447 68 2330
959405 43 8740
940585 18 5381
974119 79 3550
958994 4 546
982642 92 5539
967468 87 4733
922091 96 7712
945395 66 8352
953660 74 1555
947771 87 5670
962090 38 3748
923801 73 683
936994 51 6458
929029 80 4810
928255 60 9832
908326 63 4013
966076 13 1393
916947 90 6514
957027 41 5812
994712 35 3560
943482 83 1574
925766 87 5017
999879 91 2540
972420 34 3427
982445 26 9222
928568 6 2918
923213 44 1530
983926 11 1529
953164 25 5760
921098 65 64
963401 68 3398
979349 39 7407
985162 41 6917
932662 91 7495
962571 83 4389
914377 17 2157
927725 18 7539
968552 19 2304
941801 25 5045
962053 100 9668
914982 73 9027
913724 83 9916
969879 80 8014
938197 71 6423
924489 65 3206
909877 39 5585
907884 66 7159
909449 40 8077
923507 62 8807
906453 68 5732
957199 87 8357
957911 36 6065
974210 42 6695
986680 14 121
945102 86 539
978462 44 9161
945334 22 2175
967765 5 9779
912842 17 4995
956388 8 9947
948625 33 5788
954861 47 3654
933243 23 4072
951917 47 2834
933765 57 1934
975994 34 257
925759 22 8128
990747 75 7193
938760 79 6042
970561 91 8266
941948 96 563
996944 66 1714
901000 6 5924
924777 35 2534
950953 58 5222
921818 17 8595
985145 97 8279
980316 8 8494
985524 36 1502
990578 61 3571
981462 99 5744
925140 76 6263
973699 38 5601
916676 8 5850
954979 74 6813
983229 30 2929
955887 57 4940
973805 38 2779
926347 87 7909
901433 52 4801
970257 63 9416
902843 47 8487
965521 5 4902
904822 86 6776
943805 8 7948
907538 36 5026
918840 75 3617
908895 13 922
949813 33 4310
905356 77 1129
974254 79 3432
991299 73 6978
928454 47 1815
933558 10 4649
930898 98 8273
908434 27 7354
998680 50 1096
985376 17 9144
914197 89 9108
937035 20 240
909723 92 8034
927291 47 4196
937915 92 7471
902519 37 3112
929192 82 4266
998824 4 8927
957502 68 8485
975228 91 7063
924543 94 5097
988432 65 4325
977193 78 6665
982308 9 7913
920798 16 894
966480 9 2999
977511 83 3580
999839 25 7084
949677 19 6175
985498 14 8726
941560 15 6471
903524 17 4800
920076 2 3996
993354 57 526
977912 32 8089
988073 34 7525
984495 54 7381
994769 37 9116
997589 19 9548
961410 73 935
925015 72 7785
936651 42 6043
916005 74 7389
946158 24 6133
918880 100 6304
952931 80 7913
937331 48 1831
971261 89 2794
924450 72 3277
959606 91 7778
985227 46 7324
961459 50 7795
912353 89 9437
961888 99 6365
998794 93 2101
950376 73 3390
920129 45 3974
902061 11 4521
990932 46 3741
969806 4 8345
922934 8 9954
907494 96 9139
988532 4 9413
993767 9 2104
973431 77 4450
947083 89 5991
907805 2 1254
938587 33 8974
995454 58 9831
911338 47 52
982166 25 6623
903136 56 9889
909436 22 4877
959792 43 1847
911829 50 130
973905 43 4094
996437 63 9221
943115 34 434
931166 58 7725
920253 97 4885
964273 70 3593
979170 57 7769
931843 23 2840
954648 9 6230
942188 31 7350
923356 65 2933
915574 30 9985
970688 44 7778
918576 41 881
976520 88 3904
930103 60 3655
931100 63 3858
973158 100 2779
950846 34 3262
979438 80 2137
978135 50 7949
947616 22 7548
936135 1 5248
976437 62 940
904334 42 5814
951459 68 6189
906972 92 7048
951818 60 4912
979060 45 2144
935586 99 5015
970338 75 4735
974335 91 5152
945696 55 3028
940380 3 5047
952759 40 6864
922636 48 4961
954941 16 8365
957014 81 9094
974072 70 1053
952486 69 7050
975769 14 5016
922273 69 6146
955170 7 9073
909466 17 9168
978479 77 1124
948790 94 1265
944307 34 9400
947909 1 8452
934669 36 503
911978 4 6635
968018 100 6307
937405 15 1404
993740 74 1909
961267 79 2609
943257 78 9431
990912 35 2015
934430 97 6837
910139 39 2153
998910 65 819
987728 58 6740
906693 23 7825
971402 53 7872
955869 90 2761
973480 47 6272
976219 100 5048
955160 21 1192
920588 35 687
965292 65 2651
907521 54 7618
979965 51 1022
964920 53 5981
929559 19 791
965251 68 8211
901781 80 7986
964054 93 4086
933345 97 1506
913751 48 9453
962654 76 1021
925294 8 3433
908578 9 101
901569 98 3012
985998 85 4735
914394 3 3648
976329 97 8007
971190 98 1032
900692 1 814
914236 71 2838
918533 8 9281
992381 6 3173
912561 2 9488
932060 20 6463
924235 47 9746
923985 94 6050
986781 93 745
946941 16 9762
997379 8 310
925341 23 3730
957956 18 8697
902359 99 8013
971557 19 562
916685 5 160
953927 57 1157
984836 79 9031
928710 55 977
996332 3 1607
999940 45 9792
979482 18 337
946062 58 1614
932822 29 8264
902011 17 7752
911518 41 5733
919339 85 7030
906068 99 5711
951868 92 8247
907333 69 4152
909172 37 5676
966822 24 3420
915950 64 5068
901590 5 1739
986850 2 8194
954159 60 5487
959431 3 7981
928092 80 6246
913283 65 2573
967023 15 2895
964317 58 89
911729 44 6866
991590 74 8220
950577 95 313
917337 85 3733
905764 90 589
993100 1 811
982964 41 7892
907385 52 6004
967507 15 8316
991793 56 2825
968177 1 7507
920438 84 8725
970797 5 2531
966014 74 1861
974636 2 5335
975372 21 5298
987994 100 2096
921800 43 8290
986846 31 6950
925893 26 5872
979232 68 2700
903012 43 3442
905052 45 73
935074 82 3984
918987 96 1854
914289 6 4138
927520 27 1229
995451 92 6407
954499 70 4949
907048 63 4230
914998 18 3561
941708 97 7012
964269 82 6800
995739 57 2742
975611 21 492
930007 53 8122
947413 73 6010
953423 15 1884
924636 60 4112
988058 71 7104
935696 13 6550
933909 21 611
969278 76 7296
960498 9 7575
966198 47 8422
909295 29 1028
992875 15 3370
930075 91 2571
977027 56 9751
923641 80 5387
986065 25 8004
959577 32 8967
963553 24 5404
906375 76 3782
996988 2 6458
900726 34 3525
927862 95 8025
920722 80 1351
936662 21 1721
992894 24 3353
964411 29 5361
956748 73 3075
987486 12 2459
911766 2 9882
994853 75 3421
945126 66 4421
957181 41 9796
930127 68 3965
980019 62 3266
941352 69 2694
914987 7 5116
907986 65 5951
905247 50 2154
968493 97 4407
962687 55 131
995525 2 2560
943890 68 2439
922918 20 312
981847 4 8191
936329 5 44
943470 78 3997
923983 11 3684
998703 62 4126
965096 79 5418
907181 47 5070
956108 80 7353
996201 37 2490
935454 68 4749
942582 33 5833
966287 87 4193
905478 84 2422
942819 95 9397
923556 19 6710
900088 97 9480
952383 62 6170
931672 89 2327
914191 22 3972
936891 26 4891
976988 87 2499
900283 30 8609
919390 25 516
956958 89 1334
918416 52 4522
965926 78 4823
906748 66 1897
944052 99 5677
916837 6 6987
902573 98 1371
976088 44 6219
973530 63 6268
946092 99 1759
920462 11 2533
987497 97 9292
921307 58 234
971586 47 5129
982458 64 2747
988328 15 791
970872 85 7215
990974 27 3575
979227 5 1434
907081 23 1391
947668 31 5549
936949 88 9240
922487 6 2342
928485 18 1807
967269 75 2237
971491 56 9719
959822 21 9805
920075 35 5744
948342 8 5112
989389 8 8026
914369 82 8857
983015 6 6271
958900 48 4804
902687 44 9903
979501 84 8524
910938 73 657
946413 38 548
967384 100 6317
961480 61 2297
933429 75 5006
916799 70 3209
996414 93 755
965233 68 9358
905552 18 5790
919748 26 2999
963625 35 8512
933234 15 962
929332 42 4211
906622 17 5558
986776 41 8659
932618 88 2443
978961 14 4609
991911 37 6761
942643 41 3264
988064 66 1266
924781 18 6649
916204 9 5210
938708 60 8143
956002 8 1978
934818 46 2057
998717 36 8279
907274 53 8391
972455 37 3196
939029 44 6694
985774 2 3994
900176 86 349
945135 12 7619
992720 81 9310
970196 41 5192
951872 40 4824
984234 87 2024
953239 59 5759
937532 75 5279
940830 48 3616
998588 41 3664
925498 68 282
933500 89 3767
942604 46 2769
905504 2 8817
953909 3 6414
927535 10 5647
934324 12 622
913388 89 9594
935033 29 8945
939084 37 6942
928380 94 7473
961507 21 2390
970051 9 9693
909883 49 1075
986223 71 2854
901745 69 540
948492 72 768
986455 41 2747
940173 98 2077
977201 12 9607
983410 47 6462
973634 11 4900
982778 42 8726
949446 53 9469
953469 67 7098
991495 24 4731
914257 18 9190
955764 52 5407
928226 24 9410
927427 9 7613
960800 36 863
945147 87 9995
928812 86 3570
930479 48 2026
934535 66 211
999382 9 3719
947353 37 9147
972755 18 5593
936425 36 2757
955551 60 5114
951469 18 7921
982625 62 4897
935613 51 7554
982791 31 1463
966126 95 5908
930715 52 9797
978294 97 8457
951329 11 2263
968976 65 207
982234 83 9664
941409 16 458
962200 25 8965
923456 45 6758
975553 25 4897
958303 4 5232
904839 92 2671
947409 72 552
951034 83 1367
922149 67 6415
962411 28 8337
995876 76 5920
923859 17 9542
993968 72 4957
994900 56 6108
965151 99 1972
913344 69 3244
938283 86 143
908640 9126
957570 8437
931526 8104
994458 1587
903013 7707
914566 6423
937188 5767
979555 4999
999912 9928
952099 1017
982408 5981
921055 9499
903144 9721
947336 7286
908063 3124
903156 3968
924497 5369
961923 3813
962625 278
979218 5047
924566 3265
976223 101
917342 9370
938620 495
916842 1468
973203 9279
984063 9308
970981 9413
995837 7777
954496 9744
925315 498
967008 7500
989397 2622
901006 8494
912935 1259
954926 1577
936907 5867
946550 3973
991734 5747
943725 5908
942984 4117
967634 1503
976027 5932
965032 9986
908020 8937
916676 8470
997358 3810
947856 9762
917657 3416
931395 2221
918754 3716
969965 9871
934037 8265
940228 7243
905375 9517
964469 9838
960441 9903
994645 5001
977555 4168
968755 5453
916765 7424
938857 7490
950216 3730
977637 2354
910906 2801
975777 23
950014 5193
954025 2154
929285 1158
949626 4652
988869 2901
993139 804
999992 1042
955151 6157
953687 3237
951846 1728
921142 6395
935456 4826
958378 9877
915152 4332
977549 6449
984387 4686
943092 1170
952475 5624
947126 2886
927620 3877
938260 7526
923590 6109
942507 8602
920924 5468
931540 2707
979115 988
923833 9934
973242 9934
949828 5108
985061 7401
996100 2288
917143 310
960032 4909
941307 8018
960889 333
919102 5268
945931 1764
954304 3508
945147 9996
955908 10000
951856 4802
976768 8712
906411 8858
951900 4489
948273 4129
905894 1856
926772 806
965175 5506
937072 6496
910914 1159
931655 6579
985434 9691
912368 2694
954694 1094
918094 7007
930769 513
994815 3427
943318 8698
903781 3115
932616 9934
971359 9880
990258 5254
947178 3979
905215 862
964090 3543
992744 3714
936863 8523
909807 8078
966843 2199
937878 7600
907414 2335
991478 4910
997738 380
976919 9458
961755 5186
940496 8194
974543 9662
945371 7933
907577 9071
918091 2240
939642 3649
923177 8290
974351 7343
963357 5057
908729 9537
933604 7148
936274 3322
974836 4198
981902 8635
901774 8658
959542 8784
946239 7273
934691 8736
930181 9821
943775 5444
937750 4605
984166 9731
932418 444
949390 3317
948552 1645
948989 3197
999326 961
939289 4740
937777 8558
970695 6845
947408 7224
971165 9670
904246 7229
937874 7923
931709 7069
915553 9859
914314 3556
920423 1793
964866 4575
912924 356
980579 6466
935960 781
933237 9669
944345 3474
974147 5475
993489 9913
920800 575
969724 1472
947013 9063
947486 2048
968360 9914
935897 8586
915839 4462
937203 8727
919899 7450
981164 171
955109 702
993787 4895
929739 9047
930018 6048
956751 9412
987440 3103
926196 9929
923199 9569
932467 1012
910162 9748
932257 9752
976106 4962
960672 5040
982655 6981
947513 6919
915066 9489
936987 5370
939780 3870
967565 9109
901100 8394
978564 898
943065 7343
962143 7002
950003 9900
964752 8142
971553 1206
964329 6643
908495 3879
940302 8326
993034 9952
991992 8436
997597 9576
939195 9467
980499 2172
932787 2431
954359 9799
924264 9387
910247 2882
909576 7003
960086 9629
969603 1498
931164 7832
968446 8833
923442 6978
924307 7009
972185 4509
928376 7097
967580 8342
999826 9666
922887 3248
962978 3708
993473 9328
930423 6008
973023 5194
930789 2091
938882 8618
956285 8452
926882 4685
975432 766
916062 6220
931837 4616
943827 9979
975004 9783
967767 4457
983720 9708
945480 4240
918538 1571
923564 8724
985178 7347
942106 9097
979046 5936
906692 9671
995095 4519
920599 3838
936900 28
959434 1105
966079 9745
947269 1804
914727 2901
905296 7757
928816 9619
960770 9903
935650 232
963888 9104
971843 4760
967664 3160
978095 9802
956684 5473
919800 558
962354 56
994296 4736
929180 9671
925716 9972
933372 9081
915923 9746
975153 4351
954982 8984
928231 5215
923157 8056
922851 1081
973851 4664
951308 9199
994363 9900
916822 7357
986807 9479
906626 9978
954863 7737
998953 3537
945387 6825
971526 5134
910581 9872
975600 7774
911806 4490
955418 3299
999947 9594
926544 8803
920652 8765
953046 3925
979021 8196
958927 3847
902015 7195
961143 2453
921421 8124
966431 959
966296 3124
920975 6487
962630 3455
953596 4578
996690 2006
940552 5312
990802 1594
977665 7473
991908 7954
909805 9079
934639 5739
929095 6810
963825 9945
933982 9417
981580 9630
904906 9324
994705 3256
975027 4404
969297 5276
903728 5072
948371 9944
913284 6139
928423 3906
908815 1741
950850 5365
912050 9792
927578 1128
923432 4212
919739 890
982328 3799
979954 8862
968966 9905
980175 1497
934113 4351
918253 9204
964243 7306
900912 2578
963145 4482
969912 9800
952204 5507
973144 9819
984867 6807
973625 8749
916080 4824
942692 5859
924112 2467
953281 5746
993082 908
976230 6140
938350 7511
937851 9848
912647 8212
964328 9521
968867 5231
933308 1357
968183 1393
983928 6368
947629 2011
916221 5016
926572 4932
981372 9273
912187 8967
930707 9807
919096 4593
941487 405
998004 9
959127 3376
951197 8496
991523 1542
903640 8888
979133 7926
985967 1103
902532 9184
966970 30
949882 9912
910596 9788
932505 9435
908401 9611
975361 9613
984873 7163
903607 9841
989663 4621
919289 3134
946960 9834
935976 9932
937262 5937
948875 9950
924123 1831
942089 9431
977577 4043
910942 8711
995936 8597
917642 3660
969249 10000
967632 4961
913108 9968
909629 2304
981639 9498
950179 1846
995129 8736
964308 9110
905679 1742
945032 2914
961779 3592
928196 24
945877 8609
951164 3281
927195 2651
921996 3207
931789 459
936546 151
980397 7032
982501 9945
991231 2173
959424 9881
908713 1726
957298 1091
918672 3668
900430 8653
990505 5428
995085 8932
920762 162
908771 5527
978741 632
984154 7618
914118 3837
998703 8230
909074 3201
935531 248
905912 7341
953634 3368
961167 9489
957484 4464
940000 9896
990563 2418
976356 9875
910621 1302
912405 4125
963158 5006
940783 2939
931495 3352
979789 7379
906022 3617
924375 2253
913248 9905
908830 4294
952083 672
959276 6709
958808 9759
952241 9982
968029 3149
982506 7925
975874 7370
918181 4765
930099 3664
959526 3981
932201 9994
959623 66
964333 6015
947624 8967
919097 7914
947084 6760
941203 9995
926284 2972
980863 25
930965 7397
973205 3366
929970 1715
967535 1912
914663 1581
905782 5756
925951 8316
934654 4635
959726 3526
997090 3560
951721 577
943700 9704
911719 9957
934179 5926
929802 6945
970680 6416
934002 7837
932410 7148
932774 7024
994792 6908
979334 9805
917212 9164
978315 2022
977098 9995
902318 2528
940701 2289
919365 4759
930127 2963
981957 7169
984771 9936
977711 4721
908458 5407
966055 7530
967643 2086
976878 8070
958876 4293
966510 8242
913934 3451
947396 8428
963592 9907
963457 9268
960201 2116
922281 6273
921456 7005
952256 2192
906247 1988
971327 4232
945958 4621
994640 9909
987828 767
918436 400
987527 1863
955028 6615
997981 6357
921887 3372
987835 9954
956626 1382
904730 8992
968642 969
920572 1964
934375 9844
919993 3182
990839 1027
951728 2306
933551 270
990126 2717
953920 4398
970886 6561
994318 6946
997138 824
972252 9734
920479 4919
953473 9985
905116 9909
976193 4562
978325 8095
991595 1037
976493 5023
933708 6808
912932 1049
901378 5459
949646 7246
922515 1713
972117 4103
959151 1960
950064 9575
934335 1490
915780 9717
964324 1352
937333 865
983345 7495
956843 8111
934126 6125
924499 3561
972478 4835
921798 5325
941014 6879
943843 4978
962678 7452
933517 6979
972497 2692
923759 8828
993759 1475
920250 9027
924629 1384
987160 9970
995082 6856
933233 7724
932413 2508
986261 4563
930289 48
977513 5009
984086 8195
946966 502
954225 386
912479 9753
954925 1084
931595 6258
906921 8880
950022 9537
969278 3460
976274 7421
935490 9746
944151 5702
929538 1226
921586 723
960207 5674
925358 3144
959831 5983
958647 6381
901818 8050
925475 7290
933747 1258
930599 5417
965343 417
900961 1577
932527 9935
926812 167
965307 5403
951579 9019
976858 749
918831 6040
996844 5202
947863 15
975667 2269
913140 1156
922914 6682
907369 9580
978861 6326
903130 2213
959889 9687
923204 9026
928863 2109
990564 9193
978114 2446
920187 9710
911889 4188
948039 6824
945485 4368
938931 941
970975 572
919749 9843
967323 3689
914041 6223
911810 8556
954921 4818
910153 9725
936828 9890
960803 7286
946709 2885
917309 5015
963579 3893
954041 5777
988441 454
901093 5499
987710 7677
984085 8076
992509 9086
927222 330
957817 3697
989478 2796
977082 5515
957112 4852
959997 9604
949430 288
996484 3082
937719 3254
991358 9763
934993 9153
980624 3313
923740 750
952534 8929
992571 6888
978993 9643
973416 3401
901176 3943
937233 8775
941558 2076
964232 1377
929108 2804
940153 3852
975340 9719
999601 8388
990664 7265
987173 8490
905770 1597
973582 937
977608 1465
977309 3473
903515 252
902307 9956
920915 4919
955507 2510
929176 1896
922881 9642
944230 2538
901293 6085
922433 2307
954462 1409
959329 4633
983443 9686
943884 4280
997711 8231
938528 2100
935132 1325
939734 5426
960220 6939
906980 2369
907529 1954
911014 5325
989612 3916
959505 7464
943139 7370
974155 1667
977288 9853
956651 3048
938152 5609
910683 2526
995454 9831
987685 1040
941463 2892
919968 1344
944537 9013
993296 5685
989422 9191
970237 3860
964381 3665
970759 4565
984151 8504
926338 6558
938765 2627
940389 4281
917113 2036
948262 5503
943776 67
935003 7526
902262 6785
954946 1143
956349 2432
981499 2523
999706 9911
915283 4816
965790 146
956662 3050
992592 8637
919111 9428
948044 3020
923384 8836
963582 5372
951217 4156
903497 352
936922 6705
901134 2343
933675 8837
931373 9763
934121 6989
994562 1391
936247 8703
988298 4012
926193 245
953284 6905
976241 6435
958582 5697
923789 7336
969458 1021
931472 7238
928382 2256
945512 5226
981115 3841
902698 9941
934508 5631
979912 1929
965302 7114
994400 6513
971044 7505
915583 9342
990042 9683
977440 6318
982920 3068
941498 9879
998088 2432
988824 7092
966336 5951
978785 1511
909957 986
935241 2236
988100 5504
962905 809
931542 5501
933900 4530
942942 7106
916833 1431
986748 526
970458 676
946704 2293
929931 9340
977399 3880
937735 8334
930533 7955
961986 9093
992800 1829
917762 6888
909892 5452
919831 1047
981426 6671
910649 1498
933114 2647
912809 3194
911269 4874
997420 1018
945851 3658
952622 9841
971360 2376
946338 5249
909541 5370
970591 616
944561 6889
994118 9420
967271 7058
909309 3053
912324 1207
904641 7258
984576 3802
977224 9339
983612 4244
990540 9921
935314 4306
946900 5772
934779 7920
969669 9499
941003 9993
983256 2927
907899 5638
920977 8314
965409 9912
963196 7206
969678 2016
925701 6984
926994 1813
913397 6102
983516 3968
912199 4992
972715 9812
914896 5016
934197 9837
944448 9938
974887 5439
980721 7769
901430 291
985313 198
991193 662
998114 2488
923609 22
934066 7065
959461 1609
906508 6446
966652 8745
975897 4490
930250 9212
937336 5472
961730 8605
964166 3878
983209 1234
927820 9239
911467 2979
959245 3387
909241 3985
938507 5357
967479 69
925002 4766
929229 823
963199 2867
989789 387
944343 284
905147 9997
961619 4316
966921 5739
946210 5045
978535 6791
965808 9902
936317 3741
951724 9587
988000 9803
952047 647
968850 3715
922285 5875
964703 2342
958071 4592
900142 9146
944250 5132
958343 4584
935374 9694
964859 120
964475 9816
988426 8964
933723 7332
941863 2574
991507 3978
943463 8911
984704 8969
967125 7819
930947 5882
948808 6718
959994 7484
965171 7991
987049 2797
903763 1658
998715 2090
902682 4529
993115 2359
936277 7606
946963 5090
962785 2133
941023 4379
935782 3912
924199 9821
988857 3217
937063 9280
999476 6466
913850 6468
958019 5715
972789 235
924294 5063
962453 6005
913409 2670
977822 1782
987246 6886
931072 2358
978723 3831
909511 9997
927967 9048
987122 5835
961895 9910
950192 7207
911401 5344
913156 9969
943654 9383
948409 5687
949098 8837
922909 9982
944819 9954
954312 9998
919049 6040
982788 9890
905644 9908
978786 6583
939688 2303
962389 1988
908380 7009
910713 1348
922165 9792
918036 7290
917246 6798
964841 385
990123 7991
962186 2120
937616 454
961662 3620
987363 5726
993245 3011
929745 3082
967963 9459
959227 9681
921704 9444
968047 9785
962278 9963
920494 8692
965177 6807
953324 9975
970891 966
940966 9532
968791 1388
968771 5176
931262 1516
947804 9967
924075 9402
948838 8022
964026 9860
967293 1242
978565 9915
978249 9138
901217 9999
969645 1701
983124 1929
905085 8746
905822 2354
980302 4339
999909 9916
940162 9760
991138 8515
984436 3006
989598 9974
961768 362
930902 6962
943320 7998
947096 425
901528 161
986923 2935
900020 748
934942 9688
906281 1198
933771 5968
907485 500
907145 1235
941593 5799
913968 343
912987 2161
962547 9806
995558 9634
901516 8306
919712 1292
968941 7814
970821 6818
907401 9765
983508 440
961337 1943
978110 2010
916502 4188
910856 3846
936773 1682
950177 9721
943520 9748
962347 6237
923853 5910
927834 2364
944892 6755
900806 7389
907011 8303
991903 9870
930606 1378
905586 1318
950379 9997
904488 9598
928697 2101
914291 9410
909358 6457
988124 4184
989134 9960
965699 8845
906726 2894
935718 9752
924419 9556
953479 9655
938089 9937
911389 4474
992175 4766
904722 288
996781 589
928258 9902
995514 5593
985029 5791
926228 7675
963881 7748
976128 3237
900442 7448
948199 9839
986394 7111
968927 9844
967781 9795
988654 6482
979599 6248
949653 2291
973303 4221
912336 9510
963672 8942
936965 7332
982595 3375
971894 7022
975884 214
955333 8480
923810 2953
987930 9995
929369 5275
926419 9139
986258 9947
994473 3955
932557 4107
987868 7526
931782 2072
914241 5773
955272 6932
978962 1748
983747 9800
992250 8459
927793 3011
931071 9192
970000 1210
983816 4184
949382 5877
936392 616
997691 8693
993150 8548
918377 1063
914329 6393
931052 3618
927569 9970
930923 9884
975323 9293
944017 2120
943458 6695
956231 6618
969403 9931
963010 2001
987859 6512
928375 9320
941519 7564
907875 9693
956138 3812
980781 1718
918184 9036
973984 2907
998929 9485
958148 2337
959202 4834
987047 1624
926821 6929
960019 5839
987668 8921
924140 4740
913555 9421
954344 9069
962236 2660
965259 9560
986342 696
932401 9967
953992 3198
978783 7740
921391 6814
925161 3485
965586 7920
935353 2461
981210 9990
983021 5582
915868 2662
983413 4795
960776 5589
964924 6279
958527 9928
919707 8728
938998 471
940080 7888
900769 8221
925037 8407
911210 4775
908861 1443
939024 1532
992988 5234
947004 2700
925024 9764
998101 5971
907817 1815
968144 2820
964109 9633
989197 4816
912525 9732
981715 3608
957563 7255
961608 8126
931626 4267
949550 3942
912475 6496
903409 8232
998762 5986
976003 786
994052 1362
966677 9691
946804 9898
997093 4040
923592 1638
947201 5087
937925 778
962125 6547
941839 7374
909220 7082
957388 2208
927529 9781
961661 155
953841 9951
913324 879
976250 1025
923173 9497
922176 3570
989623 9853
940338 6568
921209 9126
903800 3895
927049 2820
955171 3890
953754 5079
946287 6569
982958 9144
957899 1912
902725 9059
933515 1952
976034 7201
902157 7642
980335 5576
958787 9985
966058 8970
917532 7227
966679 8032
933645 1376
957506 4913
984148 3325
996840 9954
910572 5891
981591 3453
980600 9972
907135 8461
937792 6116
942032 9975
959587 8880
933239 7783
907193 3577
963037 9584
908351 8852
984596 6160
959792 9846
952663 7448
924854 5317
903167 9958
953820 6842
944341 2805
995353 7535
927732 1946
960373 646
944768 4550
978675 4435
955622 5123
976255 5117
932658 7333
904697 2850
942705 3885
999730 1220
900081 9747
983456 4094
952761 4296
989822 2187
906159 2282
959566 8568
996526 6674
929330 2931
907677 728
905597 9279
988943 272
922908 4119
970331 1255
937640 6181
928046 9636
992521 9947
986151 9400
922297 9999
987929 5174
981810 1596
924577 1746
904276 3726
983595 1090
918048 9436
957591 4912
994490 9697
933175 2399
980785 9455
917083 9810
955218 8243
938619 2611
925967 7099
930674 5773
924790 7492
945873 9479
972893 7592
961846 2591
936081 4354
918371 9981
953075 9895
943038 9649
945460 1448
946628 7276
956701 2160
991355 9938
922759 2932
990160 7284
943158 3498
912773 4988
971414 2116
936179 2065
934488 1138
970400 6191
942142 6455
910652 9592
954045 9750
937888 9518
966321 3169
985489 9689
902550 5955
960967 1076
981291 9893
907422 3836
961070 6575
959884 7028
945287 5228
980060 5509
942424 9969
918654 3498
986465 3698
939842 9970
975880 1809
958267 7312
993614 9384
912356 8218
996912 6968
942501 3692
981651 7210
968039 3950
903755 3724
932674 1951
982935 1256
948723 588
932645 5474
986284 7740
992527 9770
943141 9881
921302 8364
975302 9211
904133 7482
982278 9790
942587 6243
981933 7956
910392 9127
967777 6669
906444 8824
905850 8240
960746 2533
966549 4983
981546 855
904053 8683
910005 3898
932322 1748
977784 9248
915445 7703
963949 1591
906321 5645
993201 9216
963407 6753
981660 9499
935682 1841
926672 3379
901327 2826
948682 570
957169 9969
922877 7656
963141 4930
930654 1487
967413 2818
923282 2550
963417 9757
903815 6835
936327 1322
924907 6785
954194 864
921805 8059
986249 5273
902031 2391
903572 6236
988337 9910
942831 5322
936116 2094
940758 6256
965150 7532
981706 185
972635 5926
979976 1476
946941 2681
964622 73
980672 2114
984163 654
902446 1712
965552 2552
937094 4919
939861 8910
907994 4395
994119 100
991243 1343
959847 1995
912038 5404
904372 2525
930962 6877
954137 9997
982848 6356
968805 4245
944152 3014
949774 9594
995360 7793
981336 9995
931091 9392
913247 3529
991373 867
904451 3097
999241 1146
963685 9969
936182 7276
973266 196
965442 8666
920616 2693
968946 6302
901795 9981
926899 7381
939743 4696
919946 3356
922263 7759
966144 3160
996892 7719
975755 3709
968236 8603
979824 2693
911340 5912
920665 6254
907069 5954
999210 1647
992278 2365
913809 9684
985184 3872
930319 979
992186 3931
994475 2657
964506 4805
999849 1419
953960 3823
912972 6447
916642 6580
936726 4390
912907 2399
927461 9899
998722 3634
938626 2147
940043 7631
955732 5200
953546 9869
944053 1972
971524 7411
908590 5729
995484 7673
967328 9776
958665 6063
992457 3968
900776 5064
974483 5652
916758 6541
953791 8988
954177 5077
981570 7274
962002 3920
964152 66
993569 5984
903725 84
955077 6639
961957 7261
992313 7911
957410 465
942072 9394
907455 1254
999459 2810
958108 9358
915547 2292
979981 9837
941569 2279
978788 3612
936209 8063
902966 1744
937503 8139
966452 9981
928133 6682
940842 2957
966617 5911
996178 2335
956431 6987
924469 8766
907850 9273
931087 8645
909888 5312
927896 7490
951086 4914
951713 8577
902399 257
944084 2509
995937 8572
975892 5670
958574 1785
903180 3815
994901 9798
984869 561
996740 9797
984776 1262
900833 9718
942349 6312
927493 2041
974358 7776
946098 6039
906859 9357
934293 8217
973183 3502
967462 9177
945080 1696
929580 281
977518 9986
930859 1056
977996 3663
937325 7854
912295 7692
911422 2436
906462 5291
963819 7248
991741 180
989049 3482
964481 8641
904168 159
976611 8774
957246 4065
915271 7168
955776 2547
958693 8087
949208 3415
985090 9176
977455 6466
902410 6787
989812 8446
919919 9168
911329 5597
934036 9727
964357 7640
956524 1143
918921 1033
980661 4794
920547 4477
979722 7577
933219 4553
907971 2701
976766 268
977719 689
900954 9136
953339 370
939645 9912
987869 9485
905571 4923
964635 1998
983177 3399
926421 2575
911793 4651
979513 9976
961552 4956
929372 7061
960965 7538
931360 4051
915709 9927
940717 8825
979616 945
943103 1614
978959 9938
911833 9847
983461 8291
982205 6884
900611 7056
992342 1055
930826 9156
949369 5633
960821 2838
904138 9560
950252 9261
903547 4408
916422 1122
937624 2173
990869 2605
958562 6569
948922 9948
903310 9963
912141 3726
967097 5255
978804 2610
956963 1261
924717 9726
954125 9162
957556 4551
900469 9789
981662 8839
929218 1777
985204 3602
973832 5869
966065 1802
988552 1551
987681 4987
977261 2138
958741 5209
903737 4189
932307 2526
912804 9535
995981 9989
971299 3082
902344 2363
960074 9578
989697 5912
929660 9292
938290 5868
968668 4316
924047 7166
982940 9080
924888 4055
948977 8346
933031 9588
938764 4426
904992 4145
918282 7945
915952 6967
957708 9979
909936 3067
907134 7234
991678 9450
970277 9962
902348 6387
952299 1884
935494 244
930084 8501
956406 9971
944782 402
900561 8227
968359 3263
921984 2617
993881 4276
928432 3058
926546 7682
994439 9819
932574 8698
980428 4920
924740 5070
970182 7251
994232 9893
995349 7687
975511 6237
987834 9805
942406 2425
911065 59
968192 9835
960980 8385
989813 6961
933668 4148
945228 6531
959757 595
932584 9832
905667 6105
915322 7436
937238 595
991111 7485
930032 9363
930650 9808
928249 1566
989627 1506
948719 2572
922319 8864
946581 5300
972854 3320
904144 9467
924818 9976
950110 7831
984454 3874
913052 9737
939869 3396
918680 1514
965427 7541
955599 678
928259 6994
974237 5331
917268 8910
954095 852
996984 4023
915022 5485
951464 20
921281 9581
929259 9949
985408 9750
961363 4100
971793 9482
909082 9770
962266 7281
973369 9944
945230 8933
944484 4844
978617 4058
977977 771
965262 2023
961217 8332
994142 3022
989205 6067
930567 9702
949346 4539
978578 8476
901867 9967
967745 2724
917159 3660
930926 1436
971605 9606
932066 8468
949357 7145
985468 1708
971816 7322
906256 9964
931279 5044
976420 6798
989340 4187
943889 2534
926906 9391
935715 9956
935055 3055
944014 9703
942298 1748
988467 2465
958781 928
923508 2787
984480 9909
941383 5860
990905 6788
930526 464
963120 9095
956286 840
999462 7789
920222 5761
937552 4664
929213 9878
908064 623
996664 6500
900559 9499
947361 3879
984268 9466
971234 8405
903871 679
990798 5178
953516 9995
955164 20
984562 7869
933597 2153
950001 5098
939256 9725
962922 8162
998696 9231
979674 8613
924387 688
917112 9884
947395 1361
975608 928
956236 7332
919742 969
900477 8512
920311 6039
961927 166
901423 7937
901339 9131
966108 2175
938838 9259
974541 4142
981496 1031
943392 7644
957936 5280
990962 6210
938978 9776
977110 2796
922713 7895
921298 8225
919960 5210
908766 1047
929947 9396
946734 6065
975651 7247
903126 1834
920053 6110
984468 1187
955931 9810
907642 672
917471 4126
913358 5515
922667 7438
981669 5284
902940 9478
907084 3560
933289 6018
984856 4704
924104 8530
986281 2289
977630 7688
917950 9202
901478 5160
909408 9652
972384 5719
984065 5863
979834 2830
989287 485
906460 4818
979894 7043
983392 9211
978516 9298
994943 6136
970727 9569
952378 2538
967208 6181
913895 602
939458 1594
950917 70
907458 7621
936370 1693
957220 8077
947798 5115
944997 6017
918090 1036
993397 5980
908075 796
959303 7594
942554 459
935619 9524
973471 9884
983270 5034
930586 7594
938937 9374
922671 1780
969115 9975
999374 6563
999388 4404
994113 4956
996267 3618
956430 3238
910160 5560
946117 3284
990940 4045
976267 3941
958040 84
934412 9939
997203 9981
911613 4012
994832 3593
948503 310
930019 4483
919869 757
971749 9544
955850 3029
971927 8206
983009 5494
906858 1604
941370 8504
924183 9822
930957 7474
983353 1050
911632 2686
901972 8891
975733 206
925512 1749
986804 9743
902020 6358
981956 4799
989012 9635
944923 2438
954718 2816
986764 2758
979484 610
963462 4163
978906 9900
946463 1640
948701 1446
905536 9977
972873 9162
933702 4984
937122 2574
977536 5964
944724 638
998807 3997
940148 4589
913791 9998
953779 7934
937817 1188
957330 8973
901692 6084
928482 5131
985301 32
900782 605
993906 4872
945645 7157
931934 8824
995369 9905
914128 9984
915576 9994
971558 9649
934799 9998
940729 6543
909530 1638
927103 4022
967892 6639
941168 875
998164 9907
941277 4292
990103 2958
962216 2233
921792 5090
941526 951
933579 5438
905161 1085
943877 7985
995218 2275
908994 9979
916365 9051
994062 1649
991568 4846
969008 4703
986802 3024
923952 2018
985331 2641
966571 9317
967151 1736
944465 9224
982698 4768
974413 8028
992531 6761
930685 7813
915528 4666
962079 1566
910015 635
981038 4806
939771 9130
966356 9850
972190 2989
977452 3364
941349 6016
929681 9513
995068 7420
950293 812
942657 6292
960851 8069
944817 3115
938752 9119
945535 267
984264 5392
984172 9863
995753 9877
910891 3999
990954 1809
984584 7894
934327 3931
904359 9205
964767 3644
971135 6811
929756 9834
973888 7192
955484 4704
983282 8282
942967 9672
981630 3392
908104 816
925210 251
983494 8272
939973 9510
908809 8590
953358 9904
919628 2934
972677 5224
959515 2595
912615 3800
905694 780
944164 6669
920123 7969
959789 6599
925985 9963
945458 6032
930858 7650
976045 6696
971167 9616
924805 5004
937787 8905
976819 2682
973113 8959
973933 7089
956364 350
953256 9721
952530 9379
952006 1779
925169 3704
951157 3251
969650 861
997647 5289
997811 7825
961714 1602
902592 8799
918220 3683
923226 3719
915391 4967
981474 7749
945846 4639
940875 1050
989017 5047
906734 873
913360 3394
962623 7813
