2000 2000 2000
999675 79 7607
997429 72 4869
995830 69 4208
998409 40 1685
994932 24 6058
998614 87 9277
992152 79 653
997728 5 9672
997525 16 1892
998668 68 5001
998337 19 3301
991310 100 5931
990457 98 1092
995164 23 7404
993159 27 6502
990403 61 4251
992590 22 9534
990031 37 6917
990530 8 8964
998955 76 7310
999123 59 5680
994325 98 3119
990195 12 3517
997518 26 2227
997304 82 8960
998518 10 6741
999163 70 8868
996547 1 4302
998119 7 7899
995392 44 8594
993570 49 4452
990602 50 7146
990951 85 8172
997091 33 9273
990086 84 7200
993407 28 1991
994618 80 3678
997514 65 1416
997110 45 7734
992131 12 3773
996764 3 2095
998628 30 2068
991905 56 9635
993173 43 712
994356 72 8980
995727 26 8509
994311 14 3946
990539 80 4044
994421 91 5059
990471 17 1267
993748 58 4910
993462 54 7347
992832 42 9001
998308 62 3007
993049 35 6204
999368 36 8594
990070 72 5977
993030 51 3173
990121 27 9418
990830 10 2135
997816 33 7193
994517 60 5803
990645 7 1193
996191 86 5794
996887 16 1849
999490 99 3674
995973 97 5258
999958 86 8513
990016 38 374
995950 80 3167
997799 51 6289
996242 56 7012
995375 89 9973
993308 48 5989
992201 54 3989
996324 23 365
996364 76 5673
994567 22 6302
995666 81 5056
995758 1 1783
997217 37 7845
994749 47 5157
991355 51 4337
999008 73 7274
999164 15 8407
993846 2 8003
992580 45 1462
994945 74 6736
997910 59 2731
997843 75 5467
997668 98 603
991721 49 144
998173 51 2102
999385 52 9228
993893 32 2455
990194 78 9540
999647 17 231
992077 50 8661
997847 44 3952
992036 45 9693
998247 60 5364
994021 45 7722
990862 48 4264
995427 32 3126
991912 54 5465
995048 26 2258
998924 63 9629
997718 32 2752
990977 9 5334
994487 64 4531
994011 52 2582
997196 27 4275
992363 29 2542
996789 69 7766
991685 49 992
999516 72 4371
993690 47 2992
996174 34 1478
999753 75 3197
994112 64 5107
994971 95 8887
999126 78 9780
999371 20 4131
993467 31 8714
994960 6 7163
994891 40 8412
995570 98 5840
997881 85 5644
992277 63 2661
999038 97 4675
991300 47 122
991351 9 4165
993888 56 8371
991188 73 7558
994266 98 9263
991504 71 8823
996836 93 4479
998389 13 8626
997355 21 4921
998601 92 7564
994009 15 6764
991870 16 2874
992596 42 4150
998688 55 7698
992496 4 9950
997714 60 3059
990472 98 9611
991443 23 8725
992829 13 6036
991385 30 9581
993866 23 9439
997726 57 1222
998681 16 2309
998522 74 9049
995004 86 9395
996326 95 7932
998567 5 1954
995130 99 5695
990065 44 7324
991715 14 3774
991948 19 9383
998380 97 552
991227 18 2940
999793 4 4042
996213 98 678
990226 22 1572
999591 12 1246
996033 50 7211
996621 30 5792
996813 69 6631
999032 69 4746
997883 13 8975
997882 24 6839
992737 12 327
998796 59 6106
992969 14 6684
995720 81 2873
991749 84 3922
995627 48 1426
993205 53 5112
992351 63 9688
991391 17 1518
994340 18 6106
999767 23 3127
998237 5 4150
991533 67 3893
991108 96 125
999677 44 3220
999078 40 4094
999734 24 9142
998631 37 8496
991556 26 8059
990817 53 9412
995465 16 9666
992844 50 2405
994624 62 4479
997157 99 9328
995154 37 5082
999861 24 8651
991367 82 7102
991520 13 3390
999338 77 482
990728 53 375
994845 11 8034
995081 54 4995
997344 71 1269
990589 19 3992
996031 97 1956
995351 91 3613
998329 86 5128
995136 38 9039
998184 35 3849
997233 88 9974
992931 54 7098
991280 49 3396
992918 68 382
991369 58 7376
990207 37 8040
991242 34 6479
996185 96 8574
996570 72 9117
995674 81 2972
993957 58 6540
993758 71 5946
992232 70 5838
995050 17 7269
992303 33 595
999389 35 2534
998245 99 305
991971 88 9712
999070 77 6538
997190 95 3917
999145 47 3498
997183 18 1206
995680 92 7270
991682 37 5112
993423 69 2622
993919 32 8791
992333 81 4098
993520 80 7805
999798 28 646
991716 76 4461
991839 79 8748
994331 64 7246
998818 66 8355
992054 9 5663
992138 95 9503
993211 1 6263
992028 77 1423
996201 90 1484
993000 67 7993
997815 6 9376
998042 31 6493
999960 56 4904
995792 63 3597
995142 79 3785
997241 46 8323
992548 37 8358
998223 61 868
998349 9 941
994247 45 9815
995929 64 5793
990368 81 1242
994508 72 9972
998274 25 380
996358 16 255
990126 70 9316
991191 15 8479
994549 48 2140
996139 38 7910
993699 66 8849
992555 50 7928
999336 16 9877
998256 77 3751
993418 80 1793
999581 28 6038
999660 88 460
991609 93 379
991935 14 3004
990843 26 5737
993480 10 5923
995228 47 3597
995554 81 43
991467 25 9119
991026 86 2315
991699 51 8140
990202 71 3475
997899 43 5692
992813 2 5843
995320 34 2643
990355 25 7521
998560 84 5751
994716 27 9061
997757 20 4456
999101 77 5125
998926 91 3776
991253 88 6830
995678 97 6585
993433 3 2429
993536 11 5214
990159 30 2974
994791 77 7916
994916 25 6696
998298 80 4560
990325 84 531
995324 17 4517
995986 78 8020
997359 14 2925
996356 54 6283
993048 60 2378
996938 26 6731
993832 80 7624
996863 89 7560
993983 76 7628
995933 9 7396
994705 83 9998
991444 90 9853
998517 3 662
992913 36 9447
998961 26 3568
997909 50 4027
997088 70 3490
991600 96 6287
993040 44 5302
992666 87 6360
991027 5 1468
997656 24 7329
997104 97 3164
999695 40 4353
990821 96 1209
998972 92 812
990483 95 9275
995620 1 7408
999889 99 5180
992651 64 397
994101 65 9550
999285 31 2046
999952 19 449
994216 10 9019
995840 9 4744
994620 1 925
990201 89 132
993186 34 6763
994896 53 6577
998305 29 3278
998476 66 2653
999903 48 8038
993738 73 6579
999985 90 3043
998971 22 5116
994883 28 9891
997389 70 6701
990680 39 7571
994933 24 4498
998822 58 941
999900 16 5290
994317 1 1906
996081 19 4957
995628 34 9278
999227 84 2820
992817 86 5603
990060 68 9222
991964 88 3400
999004 11 9640
991963 5 4110
991375 46 7543
994958 88 890
990310 96 9715
995650 32 2682
993288 61 5770
990611 29 3987
997148 56 2789
994655 70 2879
998430 55 6833
996684 87 4803
994805 95 5005
996928 44 4671
994499 89 9623
994554 53 7656
991381 26 7823
998005 100 2611
992110 3 5988
996005 6 2698
991755 70 1199
993658 57 6221
992346 38 8851
999526 40 8997
996686 17 5540
992087 51 2902
998936 5 5246
992687 12 8254
991689 95 4465
999322 5 9799
990323 25 1360
990562 81 4075
992347 38 9208
990810 10 8125
992234 26 8436
996262 64 2227
990823 40 402
997818 79 7115
994877 77 579
996715 50 2596
994807 70 3499
991043 95 2965
992020 64 7959
991168 26 7295
992963 29 271
994240 92 1745
996231 43 9278
998745 15 2724
994137 70 1026
997385 42 8065
993789 19 9238
994100 92 9214
999350 9 317
990613 79 371
996612 32 5418
996444 27 1895
997303 30 465
991410 38 378
994501 16 4129
998720 31 9997
999274 12 1092
995815 87 1008
991119 79 8035
998629 1 2627
998671 8 6354
990837 19 7200
997102 71 3924
996892 71 7308
993672 59 1876
997462 42 1292
996530 10 5891
999820 43 7207
998912 63 6224
990324 48 1859
991422 93 3664
994741 81 5220
998201 51 5188
991029 13 3729
994222 34 521
990095 72 1501
991546 37 6486
997767 68 6998
991332 8 1563
995335 24 1595
996654 90 4791
993463 13 5931
998347 20 3267
998189 80 6485
996964 31 8410
991707 84 2718
994942 63 786
990011 55 4127
992396 46 2749
992032 77 8929
993931 41 8368
998579 24 3120
997563 12 3575
996506 97 548
997395 63 9297
992855 31 9051
997647 93 6264
992254 98 7806
994781 49 7841
995936 5 670
995121 91 8849
994866 33 7345
991209 12 8379
990248 36 5003
996674 59 4548
994717 14 5858
992309 98 8894
997678 95 9221
994024 82 8444
998524 12 8685
992477 49 8397
996394 87 4976
999732 17 8785
997999 36 2806
990669 71 8953
997913 52 5549
993368 48 6267
994589 21 8908
999024 94 2665
995528 89 93
996080 14 9087
993129 29 6738
996488 82 700
992606 22 9290
993452 89 6236
996058 37 7009
999144 12 2140
995184 57 2163
998144 58 269
993018 39 6528
992191 64 4497
993662 87 2593
991301 31 4413
991402 75 3827
999396 94 8420
991729 90 6332
996983 11 7964
993889 72 9608
994425 27 8036
994849 50 2255
994305 67 1991
994151 81 5553
990644 53 3006
998549 68 680
990596 56 9823
992853 56 6625
991694 39 3103
995860 68 9517
990036 19 5204
998640 51 8794
996987 71 6769
996842 56 5839
996437 69 6330
996396 46 8411
996969 22 6171
991138 70 9677
990536 17 8647
990451 49 8181
992213 57 6804
998749 77 6437
992753 81 305
994719 100 9644
990802 24 7013
993765 2 4858
996495 99 1061
997529 47 8530
994000 2 5912
998182 100 8624
990380 37 8455
999907 28 1315
998386 96 8892
999945 11 7686
996030 77 1872
999114 17 2058
994621 47 1707
990291 69 3306
993768 42 2896
996369 51 5626
993732 14 5579
993469 57 3717
992472 84 5648
994373 82 8785
991045 89 248
990605 49 4888
998322 64 7546
998785 21 8569
998457 88 310
995490 34 7318
998480 1 685
994259 5 7075
998320 24 8927
991158 99 7847
998427 40 4657
998497 34 7486
997949 91 6246
995245 96 2806
991906 15 9263
990776 77 8395
997150 55 457
997976 44 8070
994485 57 9221
995157 74 885
999370 44 8407
996815 74 436
991795 43 253
999474 69 4197
996596 89 5614
990778 93 6098
994107 13 7696
996323 48 8413
996253 33 6849
998697 58 250
997546 79 8712
994281 97 1328
993938 66 9290
995434 3 1413
992372 76 9720
998467 96 5020
999496 4 5772
999510 97 9335
991359 1 2788
992394 45 1160
992094 56 9260
998653 89 8921
997570 37 6846
991801 48 9761
991017 50 352
994533 47 7757
993380 69 4283
994122 56 8639
992000 2 7986
997982 96 9322
994186 45 9446
991175 1 3134
992400 86 8341
999326 47 160
995111 69 4122
999025 79 9640
993033 84 6500
993951 1 5881
992485 64 3705
992978 98 9804
994435 7 6330
996507 35 4296
992524 42 5309
992975 68 8592
992718 10 5120
991901 87 7272
995789 25 4836
993769 71 8678
995887 75 3846
993864 75 6899
992780 22 6654
992417 100 1404
997984 64 8233
994096 79 3424
999597 39 1467
997848 96 4668
996906 16 3597
990460 92 8369
994164 23 1436
994988 55 2355
999067 21 6725
999155 86 6133
991452 62 4555
992814 53 818
996526 59 8477
992516 64 7551
996780 25 8045
994445 93 4132
991824 60 3692
991805 30 9196
999800 67 4334
997569 96 720
992971 93 719
994050 24 8307
992534 49 5736
993445 40 188
995175 95 53
996248 16 6692
991514 89 4832
998248 26 7688
994713 32 4767
991711 80 6005
994841 21 2522
992828 2 709
992010 38 8238
992027 94 6381
994701 59 9160
997476 25 569
990627 11 6373
992116 21 3443
998117 71 3822
998051 54 6628
991373 46 2446
996866 48 1051
993152 90 520
999625 32 5198
990171 35 1034
997971 62 786
994129 11 8119
993388 2 5131
997890 10 7186
994177 7 9965
992433 47 1897
993911 8 1925
992236 68 9522
996916 11 1087
995242 96 9692
995464 6 6896
992473 36 3025
997659 61 2220
993122 59 7188
997861 77 3060
994168 20 4251
997409 26 4055
993183 100 5025
990480 27 1951
995131 6 7956
995022 88 6902
999115 10 4715
995520 56 6380
998741 24 8971
999448 91 3420
996762 82 7217
997199 34 5803
997595 73 4877
997717 15 5558
996422 80 5945
993105 25 6992
998452 87 5638
993819 55 572
991274 100 9731
996744 35 660
996770 3 6673
998980 90 9445
993074 7 5461
995319 13 6632
995276 17 829
999759 11 7806
997030 12 320
992173 100 6634
990610 54 5105
992998 77 1741
993635 71 9789
994253 90 4681
991798 97 6633
994436 15 4509
996101 71 9660
999785 91 7570
999258 2 8945
995186 66 6535
991394 73 3963
992553 91 6963
990146 39 5184
999869 2 2425
995926 38 8699
999429 44 8942
998550 31 3266
990559 43 9015
999539 68 4658
999236 44 1221
992772 62 3079
994979 70 6668
990162 100 9523
991527 19 7591
990459 18 7162
991413 27 7355
998400 84 3798
991217 97 2492
999784 62 2711
998165 42 603
992715 15 1246
993367 72 4880
995352 19 8557
993402 94 4037
995777 64 614
996411 87 3358
995865 46 8638
990152 38 5784
995116 60 7074
999944 28 9897
996737 1 4640
990938 20 1410
992151 94 4924
990349 3 9284
990237 99 5701
997347 4 2060
994329 98 7126
998725 28 6898
996693 41 1780
990400 11 9248
997372 67 2844
996567 35 2886
991031 71 9831
990332 73 6709
999267 5 5101
993344 1 2417
990319 14 1370
992377 1 6739
997130 47 6277
994709 10 2397
996677 77 7447
996170 1 4225
997894 49 6304
997878 14 84
990742 5 4564
996051 57 80
999801 90 4855
999578 29 1803
997863 16 1271
996103 67 4840
990114 8 2268
993294 24 3804
994829 45 8314
992379 12 8208
991324 21 1127
999288 41 2693
991752 43 1447
993755 71 8813
999931 20 2279
995281 16 4869
991674 44 5581
994644 4 6166
996388 90 9496
991873 74 1386
990167 32 8559
998706 32 6799
996052 50 1157
999681 62 4347
991134 50 3605
992940 27 3963
996361 58 8073
994801 10 5181
991362 42 2942
992416 28 4949
999458 97 5542
993296 69 8800
990424 13 4312
997768 6 7283
999933 100 7000
999404 31 4546
995899 58 3408
993325 9 8054
993077 74 1072
990197 83 4464
992422 68 4472
992412 51 2324
990475 21 2615
997527 15 4220
992862 11 9960
997510 88 1468
992438 81 4943
992769 71 6766
999348 91 7969
999092 44 4806
996415 31 6966
995582 67 670
993950 82 2229
998238 19 2410
991000 44 8711
996941 10 7125
990565 69 1191
994069 97 7862
991224 35 9226
995256 13 1185
993921 27 5859
999555 34 3426
991878 8 6950
990990 64 7926
991756 78 3268
998760 8 5490
997969 92 4893
999096 66 6665
994354 83 8346
998031 72 2303
993856 59 6505
995060 35 3714
999812 63 3932
991626 9 385
993539 19 2602
991907 97 5588
996613 37 746
995939 55 8019
995849 49 7944
998154 79 8875
991477 43 6603
992287 83 5193
992124 96 7834
998991 94 1196
993041 81 200
992797 84 2479
999308 76 8172
991999 3 6443
991076 66 265
998981 47 5649
994608 24 4704
992053 21 2641
996147 90 3526
992133 69 3450
992734 82 6929
995147 64 8634
998039 13 3998
993161 10 2325
990623 73 3166
991790 43 6640
999888 41 8023
997106 65 8427
992633 59 6911
995584 61 552
997601 100 1556
990370 47 1929
992268 21 5293
996376 45 942
991885 99 7376
993665 12 2267
997906 43 2540
997014 84 2419
996436 20 9970
997383 4 8084
990523 73 5119
990106 47 3163
994430 29 3830
998100 85 7254
998744 66 4040
993198 83 1336
999059 88 2785
993234 92 3436
997747 27 6649
992730 95 245
993740 7 2328
992290 5 612
995437 37 7
991594 55 2013
990598 8 2362
992757 92 1885
995481 86 8139
995531 61 4708
992771 99 5167
993015 56 3710
997484 96 5942
993495 48 2840
990072 38 4691
996316 17 6062
998021 5 8422
994654 65 3021
992656 59 9670
998174 24 9159
995966 46 2099
993967 1 6057
995332 68 1956
995640 37 2870
999640 78 8838
995964 65 6782
996589 48 285
992017 41 4845
996925 29 8408
992833 63 772
996128 7 6
995559 39 3043
992809 69 8783
990966 86 5468
999386 79 4867
990953 44 1994
997493 1 6687
999431 10 9150
997958 19 3079
995959 81 6324
999948 7 4337
996414 8 733
996532 49 6196
991472 78 556
998485 27 7708
993225 79 7582
993973 74 9836
995756 81 6260
992926 56 6089
999789 53 9671
996619 11 8541
994214 97 3035
993687 96 5847
992573 32 8256
990099 60 1171
992877 26 978
999847 65 9392
991006 97 2430
995193 91 4716
990752 55 6114
994183 43 9495
994785 81 6079
994893 45 3040
995361 24 4443
995421 69 2088
992845 74 2875
994768 22 1423
991619 99 1205
993416 70 6603
998444 10 1050
992635 30 8255
999980 29 6437
997972 2 8218
999814 98 7536
993793 44 2988
992629 74 7295
994473 16 5200
992117 79 176
994527 1 178
997180 28 492
992660 28 965
997844 22 783
999817 70 5276
998471 52 1876
993311 94 2447
996093 28 1210
991206 23 8872
992819 10 1322
999256 77 8570
992948 51 9082
991384 13 5261
999692 62 5482
994238 5 3532
997920 4 1132
990721 86 5992
997758 36 9065
994231 36 768
996548 23 6266
999300 89 2852
993083 83 1611
996289 65 3769
995941 7 5622
990209 34 7197
993471 48 6831
999702 67 6327
995166 76 9366
996587 71 3815
990856 77 5075
993581 29 4015
990716 43 1971
996796 88 9554
990884 20 7841
994382 46 6549
996908 30 2018
990790 9 6956
991365 64 1995
996953 84 4057
997677 26 4316
998976 20 3772
998460 25 331
992937 61 3773
993345 66 9081
993637 35 4194
998931 24 342
990347 11 6619
999883 30 2917
995448 86 7140
990676 81 5742
995827 66 2759
990875 89 4225
993946 87 2979
993845 38 608
990492 24 3906
992448 88 3367
990984 93 118
991681 3 1401
999594 7 2561
996277 85 247
992791 3 9074
992055 23 144
994446 6 1945
999317 5 2264
999410 92 9846
991220 87 4130
993389 92 4061
990520 5 7716
996496 67 8970
997291 78 6133
992113 88 2649
991489 96 6716
996384 67 8031
992721 36 4964
991321 92 3785
990215 73 6660
994138 53 4422
992015 5 1027
990374 27 432
995083 33 3756
993113 51 9102
991251 56 9249
993525 45 5315
991528 39 1178
997671 56 5699
996347 44 6721
990601 56 1413
992824 38 4469
991179 9 5735
994661 66 338
993283 4 3912
990534 54 7378
992777 36 4389
990376 55 8944
993333 23 8362
992264 9 2526
999764 9 7600
996067 19 3045
996184 7 3577
991615 29 6252
993269 97 8248
998164 55 5389
997519 97 5939
994542 1 5870
990034 87 9749
998096 77 7285
999668 43 5585
998860 41 8259
995624 78 2090
995463 79 1815
997142 94 2591
993063 3 5718
997158 21 5978
990030 47 477
990063 99 9551
997092 22 7281
996891 19 854
994858 95 4989
990851 98 8632
994637 79 1186
998547 53 326
991897 20 3268
990511 29 8594
993841 20 9432
995024 58 7768
993189 47 5863
998168 6 2478
996555 33 3010
990616 76 8972
997146 58 6148
993028 31 4465
994102 52 9299
997399 56 1737
993419 16 1482
990816 90 8367
994299 88 4948
999603 44 5413
994182 15 5996
995336 83 2175
994681 54 4838
995278 83 314
992393 99 3666
993736 66 8330
996251 85 3797
999990 61 200
993055 93 5076
992820 17 38
991005 84 5003
997947 46 3715
996720 11 7929
996399 90 4703
993896 72 6286
993141 46 2710
991995 24 1600
990659 27 2470
995223 81 613
998018 49 3584
995984 40 1394
991931 11 8177
998285 42 1320
998870 43 276
997188 38 6396
999936 30 9100
993155 33 4823
996345 36 308
991833 43 5420
991207 67 7610
994134 58 9924
994111 44 7450
997812 41 6982
993231 37 7969
995074 49 368
997459 98 2269
990818 98 8162
998732 26 1797
990708 58 3707
994072 31 8785
997464 25 545
998263 64 3902
998515 12 1330
993898 1 2609
991058 6 6010
990809 40 8050
996909 50 4253
998032 1 8936
991509 22 5697
991257 10 9340
997955 82 9113
993766 42 4482
996064 12 8481
994392 62 9932
993529 47 5301
994438 93 3973
998797 57 9689
992088 7 60
992156 81 2579
996266 47 346
996624 44 4299
998492 69 7002
995403 56 7212
995369 24 9706
997961 17 5119
999993 60 1916
997596 42 6087
993916 94 9411
993126 35 9732
990701 87 1229
990088 88 5745
993221 72 3521
993580 100 1411
999493 61 5935
992121 39 5637
997208 59 8325
997305 38 9554
997080 87 8881
992952 82 5257
992398 66 5826
993970 19 3458
997696 16 8831
992582 42 6397
999450 58 8155
997661 67 6600
992591 65 1031
997888 49 6509
998052 29 1129
995579 82 4182
996721 78 4941
994846 13 8908
999776 48 6225
992923 50 5184
998587 27 7273
996222 42 176
995327 22 4343
994546 34 3421
994220 36 5989
990097 21 7480
991210 57 3872
996871 16 4102
995646 65 9118
997074 66 7250
999959 91 1733
997032 18 4041
996115 39 3465
998360 23 8140
991486 91 2
992006 92 4320
995106 15 1897
995451 59 7015
990101 55 1239
992994 81 1581
993547 32 6842
990703 97 8502
993076 53 8724
994778 81 9823
994109 96 6487
990444 94 6141
998765 94 2988
991512 86 3445
997895 60 5812
992123 16 4078
992488 49 9809
996782 100 6260
995985 59 3105
995917 47 4382
994954 77 1143
998049 77 3897
994448 3 8458
995855 36 2097
990606 81 8971
992449 96 7579
992080 100 4084
998081 97 2763
994513 26 4405
992642 55 3012
997370 21 7996
998537 67 5886
993775 67 4096
999213 59 7975
994905 11 6692
996704 42 5102
998463 7 7927
994428 26 7238
992983 74 7782
991941 77 616
995905 89 2764
996717 5 6958
995195 5 9000
991614 88 6971
993472 36 7662
998141 27 262
994090 57 378
995667 30 7736
991491 60 1862
992428 10 8379
999441 3 884
998205 61 7529
994839 39 1312
997787 99 8426
994341 79 4425
997112 29 894
996202 57 6082
996246 97 9060
991414 98 6809
995672 96 9919
997688 89 7790
999782 47 4060
995548 23 4258
993334 97 4789
992792 48 5388
992030 23 4290
992750 65 6790
996656 85 6454
995455 87 2216
995689 25 9476
994898 24 3964
996725 35 7463
999855 59 7866
998992 99 8086
990751 43 3660
993250 74 6010
992280 43 668
990188 45 4428
992840 39 7169
992732 51 6256
996517 16 6927
999998 88 1166
999540 36 8761
993833 63 9979
990479 34 9070
994617 82 8054
997380 6 9467
999239 61 4060
992909 67 6506
998811 11 9837
990059 54 7202
990240 71 4210
996366 40 5689
995262 51 388
998987 43 9750
993865 24 5709
996913 49 5240
995125 51 3906
998616 41 3377
993906 26 6657
990402 54 2275
998129 27 4659
996271 16 1934
991100 42 8364
995029 54 3523
993909 40 7124
998871 43 5037
997738 54 1513
997988 58 766
990433 21 3632
998110 32 1129
998834 74 8099
996694 49 728
993915 90 7840
993886 72 5520
996661 3 7618
990103 49 6674
994148 95 2025
999645 94 5166
999136 20 8480
993995 58 6275
998923 88 9601
990677 3 138
990006 32 186
995044 37 1253
993853 76 7688
990231 46 2037
992325 12 6851
992955 25 3397
999937 2 8824
997171 39 8984
992413 7 8630
996343 50 1073
991631 60 5525
993709 76 2288
998104 67 3577
992562 28 9890
991423 54 3493
997435 86 6857
991574 57 8592
992420 32 1205
991116 12 9344
992047 43 7746
990170 20 9987
995821 62 3775
994094 48 3548
993831 44 5333
990833 85 2098
997125 33 590
994606 62 7178
991542 52 2602
994469 3 323
999963 16 8333
998890 77 6356
990105 39 2183
997886 95 4431
991341 46 135
992500 88 2579
999045 50 684
995133 10 9205
998140 87 7720
993597 48 1821
993432 63 2553
996701 12 9264
994049 98 309
995429 93 4966
994300 85 195
998296 39 2966
995493 48 2667
999279 76 8235
996947 81 2948
995976 2 3717
992399 11 6420
998287 91 3970
993849 46 6260
991854 25 6611
991012 80 938
995180 84 5063
999602 44 367
999219 97 1001
998493 4 1998
997877 84 9966
995049 48 9268
998682 15 9760
998275 56 9947
992962 62 9107
997964 6 7624
993415 59 8960
993213 18 9035
991195 56 4748
998244 14 6551
993561 46 2237
992424 97 5335
994474 18 2266
996494 44 5688
998873 59 4833
990242 30 3381
990808 71 4991
996446 86 3281
997779 78 7185
997722 33 19
998705 91 2805
995639 68 1923
990301 69 5598
997975 1 6308
993446 79 2727
994978 25 8213
993303 13 556
996825 69 5235
993696 3 2196
992622 77 4659
997147 22 1605
991816 89 9932
996943 42 6631
994298 42 9279
996763 58 5347
995304 88 6355
997277 55 6484
998606 71 597
990621 30 1610
994777 81 3302
997077 64 1598
994497 52 7297
993787 36 2726
994402 95 9115
996100 59 7746
993566 45 4750
990891 68 9773
990235 24 902
994827 46 556
995285 20 9041
999780 24 1083
996749 96 6005
998333 72 1123
990922 98 6472
999161 38 2069
998108 97 498
998966 23 3145
995343 56 7505
991292 36 5148
994319 10 5023
998157 41 6436
998710 48 2255
994627 38 5045
995416 13 9409
994660 96 2102
999033 34 8376
991713 65 2848
995740 50 9890
999306 81 1770
992863 12 8927
999620 46 7212
990156 30 9919
993689 88 5430
991623 90 1422
990860 5 5978
995314 80 5768
994225 86 1363
993707 75 5924
998764 87 8376
996518 29 874
998648 76 5122
997755 35 3813
995370 21 9173
992378 27 6939
993138 99 1113
997100 76 5541
994051 6 2576
990267 28 7615
998730 64 9123
998187 7 4950
996967 61 3813
999643 88 3285
999247 68 7307
990264 95 5287
994659 87 7552
994123 38 3675
991437 65 8388
996158 77 9073
996163 86 7331
993971 49 7263
992676 23 242
993892 90 6703
993022 15 5896
994824 22 2781
991252 59 4201
990419 12 7544
991593 18 4089
994914 9 7940
993069 20 4965
992650 35 7910
993611 56 372
993451 27 6124
998079 44 8018
999696 81 6444
995095 39 5772
994946 82 4903
990342 17 7418
999860 78 4846
995630 87 6391
990987 18 5528
993046 90 8568
991451 79 7604
995187 38 5503
999506 43 592
998986 58 3066
998091 61 208
999877 27 8977
990573 18 5442
991328 84 2960
996227 40 3887
995776 9 910
996565 94 6166
992760 5 1709
996086 14 2719
991153 96 9787
991156 53 7117
995292 69 4268
991318 81 683
991481 35 5269
998068 30 4015
993253 33 1586
995574 26 408
996134 73 2913
996131 97 6975
994166 95 6279
998638 59 7315
991409 76 1742
998314 3 6367
990366 63 2369
990412 56 2755
997669 6 5655
993801 78 9026
992468 18 5956
997314 63 210
993180 5 6537
999552 81 5488
994844 69 9469
993987 27 4321
991549 42 949
995445 25 5215
995834 78 9608
993414 37 8706
996432 77 6078
996930 4 2730
993513 89 5917
997716 16 1897
994423 26 3334
997700 39 2255
991236 46 3959
998566 92 3438
998334 48 9150
998225 58 78
997396 90 2523
998294 79 2194
997128 9 2769
994913 81 8431
996166 50 1607
994630 42 933
999950 80 8136
995853 3 5437
991293 81 1142
991579 8 6883
995232 88 502
993020 40 5224
999459 84 3586
992722 95 5864
991695 3 9082
997149 66 7244
997246 65 4252
994876 60 7148
996695 23 3179
997797 81 2529
996544 88 7450
997288 3 4401
995491 58 420
993762 78 7642
995376 93 1337
993004 15 1337
997811 30 5569
996997 6 7878
998083 12 8101
998545 45 5125
991718 15 5997
990944 31 2082
994964 32 1642
994541 68 3794
996018 9 6585
992795 62 7520
997485 9 5836
996453 47 6764
995093 54 5142
991476 91 8366
995759 49 9809
996885 31 7426
997187 65 9753
996429 62 2568
992174 58 7950
990465 34 6439
993493 64 6830
991831 40 2505
997572 41 1362
993821 87 952
992924 7 1724
991137 39 3141
997742 48 7632
996826 73 685
999437 18 9954
994668 10 4875
991810 36 1195
992260 5 8345
999381 92 2276
993587 9 3162
991656 5 5401
993354 100 143
990770 97 9533
999250 38 293
999721 100 2268
991806 73 6620
997477 1 2063
999749 81 6986
993763 96 3641
998325 80 4300
993178 63 3787
996872 2 5140
996424 25 5824
990309 58 4516
997749 63 2494
996063 29 6438
993966 47 3413
997290 68 8094
991019 37 1352
994664 76 5541
991273 74 9659
996209 77 3220
999333 80 4265
991984 96 7833
997915 40 9904
992021 22 2084
999042 46 8943
992904 11 4486
999158 85 5191
993552 26 7831
996259 12 3473
991122 77 34
993698 69 2481
991131 100 4836
997422 1 8169
997708 88 8323
996074 94 6622
990485 28 9643
993741 69 7304
995061 94 8562
991395 73 2202
990723 30 2334
999796 38 7402
995710 35 7516
990550 21 2519
991917 86 9463
998306 3 2808
996467 49 8601
996187 43 2650
999218 57 1149
993088 99 4510
997528 26 7993
995675 58 1348
998694 37 1790
991001 98 8128
999781 25 6766
991099 46 7814
994948 11 8422
991393 82 5926
995120 66 1274
997875 80 6327
998814 30 1922
993996 94 1976
996729 23 1655
993139 44 3373
997381 38 974
998599 5 2305
999636 96 6930
994649 36 568
993885 79 1850
996848 77 269
994990 65 8537
995008 73 8710
991867 49 1275
996647 68 4762
995102 30 5933
996325 17 3341
995021 79 6121
990038 45 4456
993677 19 3302
999110 37 4015
999924 52 2882
993803 30 3881
992223 49 5848
992818 25 2762
998742 43 1056
991847 29 346
991836 99 5132
998124 85 8681
994488 83 9783
999171 27 7139
999016 17 2955
993912 6 3713
992210 20 7769
995225 51 1954
990494 22 310
993422 47 3759
991687 80 8815
990618 14 1019
992731 77 9465
990532 81 4016
993507 83 4898
996659 22 1983
990896 64 3838
992454 95 8188
999201 85 9761
997469 83 9959
992644 86 6874
994333 1 1478
992193 7 3759
992271 7 7698
997254 47 3715
993192 61 1150
997270 53 8604
995512 23 8478
994674 25 6083
998963 63 5598
994302 63 7731
998625 72 1247
995059 57 6373
992307 72 4419
991067 85 9458
994449 75 3704
997993 64 5746
995144 37 8109
998210 85 3386
994648 11 8037
990205 71 5264
991199 15 4215
992334 11 9765
996464 74 5038
999423 39 9314
996133 20 4545
992677 76 9934
994604 82 6185
996374 87 1918
998074 94 1578
997831 96 5200
990910 35 3159
994245 10 3411
991708 78 7663
994475 64 5078
999466 3 3441
993998 55 3110
997047 84 2468
992068 10 6089
997707 21 1216
999064 99 7064
999720 10 6966
991136 87 6950
998793 42 1914
995241 15 3857
994669 94 3866
994068 80 7395
990019 15 4779
995068 1 9869
996099 74 6349
996753 6 9039
996844 5 7178
993068 16 8877
993734 87 1838
996921 12 5230
991863 58 5377
994278 18 8112
997727 34 2186
999299 2 6245
995591 64 3829
995569 84 3300
990557 41 6946
991225 62 488
997783 77 5075
993056 38 5654
994516 23 8234
998281 64 4700
994923 41 8897
999010 82 8162
994143 66 6721
999205 13 6127
995859 52 528
999162 19 6501
995079 83 734
994966 29 3750
995749 36 5658
992029 11 9357
995793 43 656
990245 85 8785
990022 38 118
998387 12 9230
994075 3 3580
996711 97 3175
999428 97 9270
991063 62 1624
997491 1 8553
994037 24 7093
999623 30 3659
993806 93 2695
993719 15 3915
993305 76 8734
996478 26 7116
993401 77 7496
997575 2 6220
998738 29 7948
996707 5 4651
992492 65 909
998734 44 4854
993625 47 8528
997794 38 3483
997740 58 4710
997959 28 4678
999972 96 5341
994355 52 5651
998794 55 8335
994503 30 5511
993794 94 424
995027 69 5593
993209 32 8415
992439 88 113
999679 71 1335
992683 42 3671
999762 20 2639
997055 23 6524
993364 39 8923
992540 64 6151
995608 14 9164
996010 37 4237
991632 92 7803
997041 68 1694
993887 26 3594
998503 87 7629
994059 90 2270
999052 75 3675
999100 10 3719
990330 90 9116
998035 71 5772
997498 48 195
996787 17 7619
990308 31 37
994249 59 8967
997156 1 161
997523 62 2106
994405 11 297
992371 67 710
995299 80 8410
999823 45 5454
992720 88 9625
995246 82 9516
992084 43 9040
992429 66 9125
995866 60 4373
994863 27 7676
999186 63 246
996910 58 1957
993780 79 8657
996618 99 4153
991874 43 2663
993750 22 9267
992640 95 5392
992889 22 4394
992353 65 8365
992781 74 6816
993992 47 7409
999892 82 3912
997454 86 4442
993541 8 2702
992035 58 5107
990454 19 756
995033 62 4455
992057 74 707
998176 23 4276
990145 62 5436
995052 19 3464
997905 93 1506
993900 84 2631
998261 7 9525
991955 48 7153
996710 50 2588
991115 2 683
993764 15 5243
994506 100 4407
996874 74 4611
995578 41 6854
992950 38 8684
998899 88 1828
996675 98 5996
990660 22 9992
993667 61 4952
995682 23 2422
996084 54 1964
993429 7 8018
998613 32 2956
991650 39 3649
993331 99 1177
992959 91 5015
990794 71 1688
993320 59 3673
999748 98 3715
993757 100 1273
995334 97 1679
996196 25 4829
998719 85 6177
990051 13 3333
996442 68 7294
995323 63 6641
991757 20 6577
997160 83 9036
992411 92 6647
994545 73 9541
999829 14 2988
990104 37 1735
991412 43 8455
994377 49 4957
993245 88 4322
992275 65 5283
993346 61 8707
992902 37 1520
990346 11 2789
997538 19 9345
997170 88 2289
995562 77 187
992380 8 2451
999159 59 1826
993400 15 3953
992418 53 8453
994707 33 8440
992765 95 7206
990995 57 8528
992278 60 680
995162 26 1274
995034 96 3231
999633 43 6130
994662 91 2214
994008 74 9524
995748 14 6495
997933 6 4002
997194 50 9539
992240 47 8736
995367 53 8797
996502 40 290
994158 95 2588
997838 46 719
997551 90 1217
992507 35 4544
991871 66 7603
997932 12 8956
999891 18 8819
990646 4 8012
993880 33 6555
999554 3 5302
998609 66 7232
996899 1 2750
998010 56 2159
992728 18 6720
999436 19 9116
991211 21 2228
991135 86 8743
998893 32 2483
995407 5 2738
991487 9 2874
990440 39 4737
998620 1 4344
994957 35 9230
992603 39 5682
998896 53 4024
997229 87 3149
994378 82 6242
990055 14 2567
997851 21 627
999754 86 904
996835 54 6203
999366 14 2474
992645 10 4360
992980 71 7918
994694 47 7624
993431 79 5053
996362 98 4115
991638 91 1886
992981 29 3856
992459 13 4192
998605 68 9618
999272 72 7914
996714 76 3027
993929 94 7944
998228 38 4907
997641 73 846
997012 36 4043
993771 57 9460
997283 54 6761
990116 8 4699
993249 34 2483
999976 41 5131
997577 20 7594
991272 57 9233
993824 79 9425
992106 65 8499
992064 21 7006
994078 33 1048
994651 34 4331
999204 51 5009
993101 30 7207
997352 84 6051
996118 86 5650
996595 83 1044
997428 11 3277
992848 4 6917
992767 86 3080
990547 54 3500
990679 80 8755
998964 39 1653
998523 91 2755
996108 64 8183
992270 9 9243
990812 3 8641
991855 20 5711
994450 85 3916
995844 15 2941
990914 26 1394
998354 27 2145
999607 51 3810
993759 90 7805
992273 73 774
994189 70 898
993618 85 6543
999442 55 6915
990873 18 9742
990962 40 4550
992103 21 4331
991868 50 2257
993882 50 4024
992341 42 884
994600 27 7819
997250 11 7620
995006 18 426
994817 35 2294
998316 2 5161
995910 62 876
994204 28 8336
998399 22 927
990337 60 1982
990183 77 3937
993084 10 5679
996697 57 4140
991570 1 6165
998949 26 5219
999840 17 1219
999294 98 9861
990595 89 3921
995264 67 7522
995069 66 5646
994999 67 5094
992431 76 344
997480 96 2170
996428 100 1197
993555 11 3380
995583 26 8837
995386 45 90
994593 90 9134
997473 94 1607
998297 97 8164
992003 80 6535
990719 85 9003
995858 99 1949
996640 16 5544
997597 40 4757
994016 28 2144
990502 55 5725
998128 22 2353
992675 72 4476
998528 65 2042
990144 2 3145
996279 65 7653
995962 49 9606
994761 90 5639
990090 8 6840
995509 89 8367
993302 62 4009
997501 1 6582
998885 90 2030
992205 99 3851
999280 7 951
992365 97 2225
992570 74 839
991244 9 997
998563 28 5142
996439 80 5239
996514 71 1628
993514 90 3687
996528 16 7871
995845 46 8067
994703 53 3150
992993 49 9745
990058 98 2181
994972 3 2855
996610 95 4007
990892 59 1685
996387 61 1553
995764 32 8851
994456 48 7766
999005 52 3245
995636 55 5861
999752 55 8003
993663 41 4196
994027 74 6869
993372 28 3034
994063 29 2112
991794 24 8874
994390 9 7474
994208 16 8854
991992 75 9290
991929 72 5380
996508 46 8620
998543 2 5934
998462 32 1788
993341 26 8943
993243 3 7023
998519 24 6610
993162 39 1799
998994 68 6391
995718 23 8009
995178 98 3784
993473 69 4355
991190 34 9658
995864 53 2208
996798 7 5132
990500 19 9296
991214 13 2592
997591 37 6624
997692 24 1122
998847 49 8118
994899 55 2600
994055 82 2767
996746 2 8297
990443 1 2952
990314 41 1365
998953 100 8281
999558 22 595
994639 81 8366
994843 90 9711
993218 54 6257
999142 17 1834
991338 2 6425
995934 10 3720
995019 86 5449
994375 23 3989
999969 100 515
997261 78 3266
995450 62 1562
992667 91 4363
997916 15 7422
997578 84 8112
992992 75 4932
993812 19 4838
997827 57 5819
998817 62 2915
997725 42 8098
991925 22 2934
991089 92 6399
992312 71 4399
997391 99 1767
995207 68 2640
995971 44 1923
996553 71 6856
993382 94 732
992168 76 7820
993643 4 7737
992641 91 4617
995731 26 9281
999500 12 6486
997341 22 7999
997423 9 8356
997338 59 430
990161 15 6666
996989 42 9390
997805 24 3809
995742 56 5041
993673 59 6017
993976 43 2801
991668 24 7659
998581 30 21
992321 96 8287
992579 86 6369
993177 77 358
990108 60 5220
998819 19 7085
990112 12 3467
993236 31 3757
997279 18 8538
994347 80 1728
996949 5 5602
990425 39 7467
998130 70 3273
999242 34 7228
992419 55 7035
993044 43 8524
992143 22 6607
996942 68 7501
991949 99 433
992544 66 9743
994772 68 6294
999181 46 2067
995839 8 2236
995190 63 398
990945 40 129
994580 2 4291
992045 95 1408
990271 48 1038
994076 13 4825
993093 39 9819
992759 84 4046
994743 85 213
993061 17 6345
996408 85 8326
994759 77 7664
994949 17 3232
990304 84 7644
990066 2 2014
999919 38 4776
992639 34 8977
999102 70 6590
998909 54 8069
994560 68 2776
996313 25 2917
993784 12 4281
997561 87 6831
995011 74 8859
990930 62 9693
992267 36 374
991624 64 1967
991582 16 6679
990937 67 4998
996691 30 9076
998795 87 1629
997548 79 5814
993530 60 4130
995169 100 1526
994915 97 7596
998967 38 2953
999133 78 6531
993952 22 1153
996427 62 3913
998807 50 140
995902 64 9715
992657 37 7968
996605 76 495
999502 29 1244
991976 72 2593
997215 90 1876
996775 81 3591
997560 60 3431
995656 20 407
993224 66 5691
991965 97 7903
995529 35 9846
997505 62 3838
998092 74 6519
992162 81 2603
994399 8 4724
994496 79 481
993809 22 3689
997443 12 3510
990372 37 9932
996307 49 8242
997068 26 1642
990461 57 6022
990113 64 1332
994528 12 5127
994530 34 6637
993313 74 2447
998004 69 8419
999174 13 1451
997494 53 1759
992041 65 7314
998929 19 1882
998676 3 4447
990282 15 7376
998830 93 2417
999544 5 7872
995716 24 3691
995903 19 8520
991977 23 1749
994175 48 1323
996173 80 8722
999486 76 7073
993965 74 913
991295 80 1441
990361 67 2772
996968 14 9453
996705 55 6331
990674 95 7414
997197 25 8506
999301 54 5873
997330 25 1702
999030 24 3762
992310 24 2975
991245 7 9115
996846 35 3945
993657 21 7171
990717 22 5659
998693 79 1753
998377 16 3588
993017 5 1089
991024 58 9897
996195 90 6189
996838 58 808
998510 80 9628
994223 62 7729
993576 57 5063
995637 83 151
992615 89 799
998047 43 6812
994414 21 8192
990587 10 3587
992878 81 7831
997833 16 8524
991589 88 9681
999505 34 846
999622 29 6838
994690 81 5726
994566 17 4545
992566 62 8514
999257 90 3765
993408 85 1488
991680 53 5431
994795 73 9152
994810 89 4728
998938 53 1848
998357 23 5610
999689 97 7905
993510 55 3393
992528 8 764
999020 95 626
996534 74 8686
992688 75 5671
998418 33 607
995884 56 2508
990252 23 9582
995458 9 6555
992896 58 9137
990757 29 7337
990260 27 2890
992927 52 1587
992197 15 2259
990092 98 7786
996927 59 4015
995867 52 9353
999184 52 1837
999374 70 3121
990518 63 7022
991704 14 6483
996692 41 5366
999824 44 1207
999543 58 4701
991923 40 7804
997835 66 955
994002 9 6772
995055 89 1328
998739 26 5224
998192 42 5637
992707 17 4526
990132 99 3959
992880 29 2245
990744 61 53
997524 10 1774
990416 18 7482
995371 65 406
999167 91 634
991804 43 1347
992256 38 2504
999746 21 1129
998340 1 7236
993783 73 1764
992938 23 1518
993521 58 4279
994154 11 9347
991117 98 3094
995265 72 6752
996645 51 417
999832 72 813
997921 80 14
998236 33 3180
995313 76 1980
994320 17 9343
994393 34 5652
995937 53 4972
990224 9 764
997586 1 4666
995302 1 3241
991322 92 7408
992585 69 6012
997242 76 3908
996687 12 4782
991248 88 7451
990652 27 4011
995090 17 6331
996146 77 5755
990761 52 4938
991893 5 1610
994728 60 2658
999715 73 6891
991850 51 1868
994557 4 6307
990478 21 339
993756 15 4126
994559 62 5765
990872 34 4354
992887 60 2161
990352 45 4586
990838 4 4479
994132 18 7821
998107 75 1113
996622 57 9480
998862 70 4842
990189 58 7881
999830 27 9452
990603 53 6073
996822 10 8241
991532 83 3375
996172 79 6214
999916 17 1546
994642 72 3138
990155 34 1190
990295 50 2650
993487 6 3874
993609 58 8335
993982 40 6312
999941 31 179
996740 91 483
992935 68 6000
990897 46 9803
995586 53 3256
990988 65 5429
997759 39 4007
992610 71 3578
994821 52 6798
992430 79 6433
990316 37 7388
992366 100 7037
997333 9 6646
990713 42 4879
994280 16 1467
990725 5 5732
996895 52 369
990256 13 546
991028 46 9368
993350 59 6978
991998 79 9245
992248 24 9265
995067 69 8755
996954 85 9756
990357 17 741
995539 58 3326
991692 66 291
997141 53 505
997613 17 2685
990931 4 4142
991655 62 6328
996060 8 6023
999198 41 3091
992458 22 1978
991285 47 8584
994667 19 8602
991485 32 930
991889 63 9682
995626 96 1280
995301 41 7173
995938 21 5045
990664 67 2882
993353 63 2504
992895 49 2510
998152 85 2701
991194 67 5005
997232 50 5489
994963 90 1246
991684 28 5053
999693 53 3159
998602 6 9079
997653 89 5906
997798 37 8867
993248 34 8654
995508 2 1540
991686 50 3010
997038 66 4820
996877 59 7206
998002 95 933
997386 77 1484
992452 44 2341
996923 36 9935
990052 63 772
995363 32 5231
996076 76 4301
995515 9 8390
995168 89 6275
996742 12 6588
993688 97 7852
993834 97 6400
996718 92 1835
990850 45 3190
999349 7 4937
997830 47 2320
990789 79 9685
992146 91 9794
995747 75 3534
994779 22 7813
993941 63 5366
990083 34 3677
999687 20 3635
992387 94 4760
997719 38 8739
992056 19 7295
990234 44 4033
990870 42 9720
990025 63 7716
996799 39 4664
998338 51 8465
990754 25 8110
994633 37 5642
997101 31 1780
999342 58 4560
998406 69 8073
998063 49 6927
998038 81 6347
994140 23 6579
995617 61 8051
992402 27 8791
998774 9 4411
992812 25 2370
990169 18 1178
991750 25 7102
993121 72 6756
991780 85 8900
994722 51 3833
997795 42 8928
995043 6 7390
995469 13 3976
996211 58 5338
993413 57 104
998424 66 3221
996878 86 7606
995025 76 7697
998904 53 9100
993478 37 402
991539 70 7945
992128 15 5611
990410 49 5816
995191 23 1763
999571 51 7908
991449 46 7182
998362 35 9663
990636 79 3976
992451 10 6752
998933 59 2330
993361 44 6488
991159 100 9657
990032 26 293
998809 25 8316
994173 50 8535
994086 20 8703
991151 62 2816
994590 88 4861
990571 85 999
992754 68 4495
996068 24 838
999293 2 1759
992499 16 7081
990299 54 127
997940 57 9658
993406 96 6770
990835 76 3204
992339 91 868
993492 32 8290
998872 14 8683
994635 62 9988
997103 1 1105
999608 17 1679
994626 47 8701
992127 60 4193
997448 90 5195
999846 69 3214
995745 71 6545
994295 100 1842
998496 7 5381
992536 99 6007
994865 12 3244
990788 75 4894
996513 43 4627
998913 71 1831
993081 99 8659
995516 82 2320
999864 16 6002
998781 21 4041
996516 98 7818
992360 4 6694
990453 78 9611
992092 18 4829
997942 5 1886
994289 81 6364
998446 74 121
998326 62 9034
992738 54 9045
995820 64 4040
997367 99 6522
992134 77 8836
997144 65 2298
998122 31 6608
992710 71 3165
996543 35 2465
998699 1 4771
997950 87 7083
994176 9 7174
991331 67 3295
997319 26 7117
994970 97 8527
993937 46 7193
999739 49 809
994562 72 7710
996644 98 9129
997079 61 3725
996996 46 5114
998580 14 3043
998696 32 3995
991465 60 6979
994737 80 9215
996165 99 1045
993252 54 5981
993420 13 9057
990585 50 119
998832 30 7236
999818 60 8726
994910 80 4762
995942 90 6974
990378 5 9840
997467 24 9398
992203 79 4567
991111 11 8593
990582 98 8019
998680 73 9884
991406 21 7476
996867 85 167
991083 47 7418
996009 25 7917
999048 18 6215
991706 24 2048
998848 21 5237
990958 22 6048
999706 56 5345
991515 32 344
992989 86 7638
990734 57 1038
992599 20 2698
992114 93 759
990567 9 4413
991008 93 5403
993291 16 8661
999652 25 9324
994679 51 7286
996955 66 4184
998278 6 3520
992770 35 3414
996474 82 8367
992493 52 123
997143 62 7961
991902 25 4315
994426 18 3766
997437 50 3541
995599 15 9263
990320 93 9840
991569 43 7845
993648 33 6482
997457 54 6113
992747 67 7252
992063 38 6200
991169 54 7780
998984 55 6254
993298 86 3678
991688 68 9784
999773 61 4797
993588 12 5029
995456 26 6265
995661 33 5610
991536 91 3339
990586 66 3330
993254 22 174
994738 34 9675
995444 5 7089
990663 38 6220
992988 55 6018
993621 28 7685
991952 11 2881
994548 21 6826
990779 77 7649
990745 36 2761
997145 22 4671
991312 7 4464
997587 71 1170
992535 17 8912
996706 23 1596
999452 12 8140
997172 89 440
996013 28 5059
994387 21 2119
993339 85 952
995691 47 1969
995039 76 8597
994692 61 8153
995909 60 8398
996339 19 426
999217 68 4601
999714 39 1449
995280 64 3244
992947 36 684
993147 98 5140
993579 89 6261
993729 5 380
990213 69 918
994120 98 1937
999786 14 631
993404 37 7524
995295 86 1787
990832 51 3335
997179 12 8105
999862 81 4006
996956 10 4888
992179 19 912
998777 83 1972
997315 52 192
993060 96 9000
999173 27 7116
994406 16 8573
996562 12 9603
990974 99 7544
994921 20 3916
995549 94 3316
990449 80 7757
992178 93 9246
999813 43 5788
999857 30 33
992497 48 6001
998535 56 280
999747 53 6007
994284 4 6221
999584 9 1937
996546 55 5477
996490 20 1642
997213 45 3169
999567 42 6983
991510 39 4556
993837 87 1128
999632 41 1869
994514 12 2155
994613 74 9441
997603 36 4399
996240 75 5146
999093 70 7702
994258 62 2046
991474 77 570
998726 74 5035
997780 55 8619
997635 27 1995
997312 47 7847
991358 44 5834
990907 63 5183
992469 69 4718
992567 63 7247
997986 42 7728
998277 87 8868
991892 51 3312
995310 58 1612
990344 12 2031
999565 4 998
995183 45 9652
998652 25 813
993208 42 7239
991288 59 400
997837 48 1260
996047 1 2880
995303 6 1470
998950 76 2089
997946 30 4928
990672 12 9742
990521 81 3046
996224 32 9593
997206 33 8
999470 17 7874
998942 57 611
990290 36 1924
998965 97 5044
994105 61 8170
991764 25 6141
996808 49 2686
995269 40 399
999834 79 3925
997876 80 4128
994065 97 3163
996650 43 4479
999579 17 7977
997974 38 8076
990773 64 2638
998526 21 4236
990735 49 9486
996265 19 4745
990564 62 2535
990694 33 610
990265 42 4783
993424 13 7789
998786 97 1758
996218 39 4284
997390 76 6855
991622 1 5340
994048 29 4203
994296 46 274
990607 47 1069
994304 87 691
994832 93 2050
994684 15 9016
991347 68 7646
994989 43 5681
996914 45 1282
990107 78 6237
997089 43 1281
993427 98 1148
999222 95 119
999614 60 4052
999478 94 4043
995577 33 246
995415 7 5867
992190 25 9888
991846 3 9756
995848 60 5192
992076 43 127
998221 37 6440
997126 41 612
994064 11 778
992852 29 8163
992802 61 48
997177 13 3511
990765 13 8103
996375 89 1370
994935 41 936
994804 27 5072
994067 49 710
995071 72 7607
991317 87 9594
998149 59 9097
994584 77 7002
998037 32 6034
999407 22 9238
994370 14 8918
996136 2 5481
995220 5 7780
995194 81 4555
993220 6 6756
997724 74 3827
999185 64 332
994482 97 4519
993039 44 5175
996810 12 4148
992004 87 4379
998659 11 6948
996087 76 9310
991679 26 9293
991496 66 3906
999261 33 1027
999816 37 4709
993073 59 7260
991734 79 1711
991164 4 7873
999575 91 7161
991634 4 2628
992549 31 6759
996845 16 4305
996778 47 7838
998200 30 9029
993606 73 9134
993304 83 8724
991534 68 3472
998311 46 9234
995284 80 7092
994268 15 4319
993306 92 4666
999580 74 7220
995980 76 4924
991875 12 4767
991808 27 6375
999318 30 791
991741 98 5156
991731 52 4605
995296 74 7030
990396 89 7180
999982 98 6549
992822 91 9643
990640 47 2188
998667 50 1874
998191 33 9084
992512 45 7925
991062 11 9360
996911 37 3190
996026 12 5911
995951 88 9807
999074 3 4775
998356 48 5221
999335 85 4513
997113 96 708
998985 86 469
993310 92 4504
990289 25 2609
993903 97 4067
994504 25 10
995722 57 2439
994127 6 2899
992144 71 9403
993232 15 5058
996379 91 7440
997478 32 3834
997954 51 283
998375 90 5799
994060 60 1492
995800 56 509
999563 70 7358
996311 54 410
994293 92 7030
997870 70 4573
994006 80 2122
997715 24 5323
994271 76 8360
999611 11 9660
997562 27 8103
998382 74 6569
997387 12 6580
993538 84 3001
995611 12 7658
994308 77 2810
994362 24 4975
997952 45 2208
993430 65 9399
997750 8 3229
990834 79 7276
995254 100 7289
998095 67 2495
990438 18 6621
990246 28 5181
999411 13 6211
997411 92 6884
995185 69 6238
998458 4 4301
992685 10 8465
990604 73 1122
997670 93 2157
994969 52 741
992976 35 2148
996171 52 444
993259 7 4332
991535 86 6290
990432 38 3457
994261 10 6657
994586 85 8305
997090 30 9365
991201 90 4942
991636 16 81
997730 38 5088
999287 18 1324
996110 88 2320
996456 23 6227
998800 48 9622
994886 35 8515
997075 41 4587
994364 68 2650
992794 32 2498
993649 46 3903
993717 79 8485
991052 20 4299
990696 34 1183
993870 77 9056
996604 19 9679
990727 90 8744
999890 76 1045
993705 66 5914
990305 60 3460
995595 12 1377
991308 35 2032
996667 3 8601
999472 81 9397
993550 51 9938
996199 84 7048
990881 95 9912
999053 85 8351
995305 31 7328
991828 42 1691
997405 87 9645
991587 97 3284
999021 11 7199
993778 47 9143
992018 87 5991
995571 93 1784
996304 53 5004
997334 97 6883
990187 46 4261
996048 7 9761
993989 96 2519
997468 14 9312
995606 41 3317
991817 28 435
991748 76 9899
999001 33 6687
996492 51 1326
998474 67 1623
997887 10 4115
994369 2 3599
992716 94 3334
990829 90 5974
991812 50 4360
993197 74 3210
995391 83 2550
990336 91 7692
997107 53 6295
991714 2 4596
992446 62 517
999191 3 9850
992830 3 7595
991793 34 7083
996381 20 3711
997111 9 8394
995097 84 2929
994327 18 1044
991105 6 4275
998292 91 3077
990211 58 6752
994401 53 3040
993457 8 612
991478 71 5643
991243 92 4485
992031 10 5178
995053 31 4453
992099 56 7600
999137 76 5079
992550 89 2273
995982 27 2475
998027 41 9462
990075 5 8561
991744 100 4428
991161 66 9624
998858 2 5388
992614 34 3816
991604 9 1557
995217 76 9846
995826 24 5990
997256 11 8763
995527 27 7868
992972 60 9290
995761 43 6421
993387 47 2088
995208 49 6078
993773 91 3391
993465 55 4172
994973 98 5794
991928 35 6293
997539 57 1533
990566 76 3231
991287 88 1223
994363 44 7766
995555 1 3888
993067 2 8997
991575 48 2596
992388 44 8904
994912 69 6492
997752 31 6014
993409 45 1042
996671 64 5969
999996 46 4109
998679 40 1732
993969 45 1196
992265 91 8447
990199 47 5239
991876 36 2402
995103 61 9648
990867 75 2991
992510 67 1789
992107 30 9870
997096 26 5516
996111 63 444
997009 41 7284
993918 85 5141
990970 88 7413
999548 55 3835
993949 25 4345
995244 77 5568
997495 96 2399
999244 42 3691
998317 46 9112
993436 58 722
997897 2 2976
998469 67 3900
994895 37 7033
994597 93 8856
995946 45 9561
996662 62 767
993410 24 4199
992789 9 6544
994228 80 9522
991813 35 2547
999203 38 2098
990890 63 2523
996988 69 2892
991299 27 3394
990924 97 8749
990014 75 1357
999373 3 4010
995654 32 2477
990269 13 1091
994457 79 705
998632 25 1664
992768 48 5500
991927 8 8966
994248 47 3428
994142 36 2648
996673 36 8840
999659 63 1045
999901 59 8824
998327 55 4102
998442 69 8756
993553 21 8159
995537 94 5606
992659 93 8741
996389 67 265
992798 27 3593
992725 10 2393
992999 67 2067
990111 62 1453
992323 23 2541
996236 54 7106
996818 5 1026
998767 65 8711
998440 81 8445
998363 47 830
995990 51 268
990389 48 3148
991160 52 1869
997737 67 7535
996594 69 800
996520 13 8766
992194 23 2606
998148 96 3165
997879 41 8905
991197 97 713
997765 40 4618
995809 46 4890
998230 80 8269
999031 86 1822
997025 15 8683
996903 37 1544
999179 55 6527
999130 88 8904
998344 76 7900
993922 9 6612
997593 21 4219
990212 29 5820
995300 4 4056
999568 51 6222
995993 81 5604
995798 48 8045
998321 75 820
995924 27 2783
996070 70 9499
991497 72 5806
993528 57 8000
999122 79 6020
991038 55 8848
992291 51 6853
991913 86 2582
992293 44 132
991800 85 3063
995128 80 8793
999930 29 8502
993204 70 3361
990715 1 3268
996008 50 9329
996574 16 9733
994224 75 6969
990364 34 7698
994556 12 6304
999742 60 2054
998542 63 5857
998708 77 7951
995013 51 7174
996272 73 7150
993829 14 5297
997934 35 9209
993384 35 1755
997284 93 317
990593 47 7560
992340 98 9700
992518 42 7926
996143 92 7725
992408 16 7422
991507 18 22
992985 8 5209
991911 2 6302
996541 59 2642
992529 81 6271
995056 94 4590
997931 31 4768
997317 34 5984
998266 89 7367
993796 90 9017
995514 98 7354
994908 71 7612
990004 63 3353
993940 13 8369
992692 91 1593
991050 60 7079
992531 13 8638
997681 69 1891
993021 12 332
993363 86 1034
990388 73 9840
994773 14 2926
991073 7 2118
998805 74 3364
995366 55 6166
990394 79 5899
994368 61 6685
991996 34 474
996646 73 4953
990284 8 4895
994907 63 1401
992617 61 3590
990406 86 1482
997856 77 277
994665 51 999
991842 89 4078
990076 73 9055
996993 39 7260
993923 75 8699
992154 75 4822
991047 24 2184
996590 94 1657
995714 78 7095
993505 100 9333
995707 18 1077
993682 63 3980
992960 90 22
998331 11 8925
992703 70 9821
993985 87 9722
990175 1 2245
998069 67 4016
991765 9 8182
996670 5 3766
999615 76 6776
995475 35 6116
999997 34 8224
996859 54 6875
997371 7 8490
997175 41 6764
991740 96 7550
996586 41 5766
995406 39 2128
995089 49 3119
994671 37 3473
993549 94 2169
991407 69 6158
999226 12 4048
999443 75 4818
997019 23 3037
990542 58 5301
994547 68 281
993712 61 2661
999262 81 6122
997901 63 3549
991994 79 6320
995272 92 9485
995503 50 6241
991291 54 7291
995119 7 2000
999940 62 6144
991722 2 3234
994780 86 893
990262 71 3299
991132 42 8137
994653 20 9870
999046 39 1475
996286 38 7644
995051 46 1493
999044 39 9939
996748 68 1659
998020 65 3605
995230 29 5488
997733 63 9990
990024 40 157
993394 61 5780
997421 100 5519
998142 93 6278
995828 62 1313
991838 25 8246
995219 85 7236
999483 31 5886
990964 3 5234
996472 19 7358
996861 33 8017
995653 19 6149
999929 88 3416
995765 84 8421
995721 76 8457
992081 82 5000
991658 95 7414
991596 43 5034
995843 27 7668
992708 20 9017
997566 26 3565
991717 35 8836
996287 4 3992
995378 79 4037
990157 59 5673
996512 26 1546
992785 73 64
996475 42 6123
999872 79 1540
998058 65 51
992965 19 2879
992825 43 5109
997223 15 8881
995788 3 2773
990706 16 803
996351 5 7121
995811 40 2676
996309 28 3520
996632 33 7433
992958 9 364
996113 43 7508
991030 13 1579
999737 70 104
996320 98 1387
991475 96 1953
992696 37 7354
991872 63 5707
995354 43 3177
998690 25 3292
995431 55 8363
992598 97 1150
999006 65 2813
995556 95 461
995322 83 874
990552 66 1820
999582 97 198
999738 70 1800
991540 14 7910
994332 47 4162
994787 13 9299
995418 53 1360
999992 28 1368
998695 8 7906
999723 60 8396
998995 76 7974
993257 44 7605
999392 68 6323
996611 69 4001
990592 39 6608
997944 11 1356
995046 96 7041
990239 37 1413
992436 67 2059
990541 6 416
995862 84 91
998509 88 2625
999039 72 247
993943 19 7536
997374 15 7063
996689 18 1170
997775 55 3152
996138 76 1915
998956 100 4664
992513 55 8702
995870 70 8223
991621 99 948
997889 35 1789
994070 38 8319
994955 84 4388
991200 6 2752
998282 27 2651
998366 100 9254
993140 71 1067
998792 48 1084
997502 100 3622
997531 19 4521
993860 34 3081
999320 9 442
996980 8 7386
995388 50 7019
999387 28 3933
992358 9 114
996628 65 5365
999828 28 7366
999360 44 1621
993136 100 2462
999583 37 8424
995726 7 1176
996592 12 5408
996556 79 5553
994968 52 7920
991344 71 6528
999246 92 9870
994350 13 212
994536 27 2295
998761 21 8594
993835 16 6624
990961 62 2405
996973 90 6938
991447 28 7372
992631 76 992
995874 30 4643
997628 95 4321
994539 97 5612
996354 14 1102
998780 95 5299
996870 70 5032
998889 19 723
996152 28 2398
997922 36 9161
992807 13 3587
990062 89 6741
995333 97 4734
993332 37 9422
993449 72 4027
996194 44 5847
998627 25 7823
997138 90 7861
997366 56 3998
995856 24 3839
997854 56 746
995659 92 1787
990900 93 8201
998249 90 4319
990386 62 4009
993697 96 5125
995784 60 3128
991879 53 1640
995794 42 5954
995433 50 1151
998441 91 605
998151 83 6279
991003 90 8961
995315 97 932
991651 87 7012
990109 43 6697
991085 5 3483
999417 99 6049
997335 56 813
996635 88 4104
996998 60 9347
998158 42 9097
992136 4 9428
990786 92 8329
991490 91 9000
990035 6 1599
991463 66 966
991518 47 3504
991110 55 9174
995927 93 7356
994523 96 6186
999561 33 6887
994312 91 6121
992383 9 2343
997001 36 2492
998195 44 1969
990755 82 915
997293 71 9757
993683 79 8047
992040 41 1234
991763 1 9093
996122 47 2128
996410 52 9063
994019 69 4772
996059 16 4198
992949 36 561
997939 11 5618
997027 52 9506
999799 41 1739
998621 99 5148
999099 57 9153
997397 16 5846
993137 33 1844
997543 46 1630
995399 91 6363
994889 38 8188
991260 34 6574
992481 50 8558
995372 17 9958
992274 2 9322
996449 98 4310
993297 65 4917
990801 1 6263
992600 56 9739
990895 36 3234
998134 36 8883
993638 66 4835
999599 19 803
998646 87 3002
997711 24 3878
991154 60 7480
999419 36 4306
991304 31 5096
997069 14 6199
997427 15 135
996869 47 9181
993582 95 3099
993614 30 8367
994145 50 9998
998443 74 961
994041 1 7909
996812 90 7623
998969 54 4679
992501 45 4953
990436 93 3996
992530 43 9621
998468 71 1531
997868 91 5953
990739 20 4369
994774 36 9349
998657 16 7615
993723 30 5444
992050 28 9058
997517 34 9044
995076 73 8724
997059 22 8334
993174 89 3083
995816 21 2830
992859 71 8148
993358 80 3175
994998 83 7346
997690 39 7428
994184 79 3157
997249 99 6146
997004 20 4815
995998 13 7849
998456 68 5583
990722 4 9781
992475 9 6327
999665 41 4079
991095 48 8339
991724 1 508
999166 44 7907
996521 19 1427
999886 7 1035
997960 75 1333
995598 91 4505
994502 25 9957
993551 37 5761
997567 78 789
998769 20 3950
991075 77 4102
996660 49 2788
990125 96 9776
994056 46 9571
994578 12 3286
998798 16 6709
996750 12 9795
990883 4 4925
993934 14 2222
993050 48 5691
995218 79 7792
999189 71 1898
990468 53 2431
994108 4 1942
995594 85 5865
998571 23 6070
997253 65 5949
999835 49 4220
998163 2 6667
998365 38 2470
998568 4 7849
996629 85 8746
990629 54 9334
995996 66 8659
994046 32 6762
990813 7 6132
997040 50 3164
998498 84 3944
990991 87 4691
999525 37 3310
995546 24 5980
992070 62 4190
994156 55 9627
996577 46 2386
995825 23 7376
996333 63 495
997444 96 619
999390 27 751
999744 93 3271
996065 67 2168
992281 17 3001
991758 76 4708
995511 56 7251
994192 16 940
995960 83 3082
995023 68 8455
991036 71 1991
992816 86 9087
994169 70 5777
999576 16 5911
994227 12 1673
993133 42 8362
991693 58 5212
991908 59 8213
998901 60 7193
998684 87 888
999456 18 1806
991766 69 9985
998816 4 8434
997482 67 2599
994919 7 7679
992608 14 1184
998678 4 9779
994460 2 870
992108 44 2518
995880 7 5975
991048 29 6754
995715 62 2559
995290 46 5520
999015 93 7620
996566 30 5590
994420 84 3351
996226 18 9008
999106 61 452
992444 2 2733
998506 78 4671
996875 51 3470
995679 92 2657
998447 9 6201
998078 95 8240
999090 94 3493
990501 100 1050
994465 5 1949
995210 76 7337
998783 90 7859
993244 67 4980
996235 92 1269
994339 77 8245
993013 89 4924
990333 34 9471
995970 36 9468
999065 79 6259
994023 62 7758
999797 85 3282
996186 100 8378
999195 99 4282
994535 97 4568
993070 51 2584
997192 89 1715
990023 84 8530
998525 42 6035
995696 86 7740
996806 27 5833
996300 59 7089
991553 60 2285
993195 90 5711
995098 67 313
993008 73 7358
998147 64 843
996771 30 441
991174 55 2355
993947 92 8431
991113 31 2102
996682 36 5134
998748 97 5499
999210 46 9721
991133 3 8904
990915 84 5528
995177 62 4304
992898 12 9621
999406 73 4382
999152 25 4895
991145 92 206
995553 68 4661
990280 28 494
994113 10 4163
998660 45 6958
990223 34 9692
992008 81 4654
999716 89 6118
993454 1 8087
997093 50 710
998828 26 2716
996403 72 682
994551 44 2009
990805 54 9861
991661 53 5685
997398 5 4667
990625 25 9902
994383 53 1528
994900 32 5118
998844 8 9537
990250 79 7926
999310 87 8742
992695 62 1123
993961 81 2818
994400 72 8221
992821 60 9221
997662 63 514
992967 8 8829
998911 75 6376
997683 58 1083
995411 2 7691
991730 17 603
999942 62 7379
999188 35 4976
997350 16 651
992786 61 3294
994198 71 9716
991246 19 6650
999806 23 4245
999080 76 6963
995739 44 1301
993792 11 4915
994110 3 3291
996168 76 7790
993474 30 1218
997550 9 7585
990885 94 3247
995426 48 6258
996244 57 7467
995263 14 9575
994447 42 1369
998925 50 7150
991578 75 4197
995698 67 6113
996023 43 8698
999766 54 1566
996214 3 7832
996515 83 2288
992724 11 7134
994389 36 5469
993737 36 8245
997734 22 473
990949 1 1572
999918 19 6276
997860 63 3258
998943 56 7190
991743 25 4184
999515 58 650
991932 42 6095
999225 26 6618
991791 81 5102
998827 9 712
992335 77 4222
997369 26 1470
994288 83 8820
994619 25 6739
996200 39 4048
991398 66 1420
992560 1 2692
997874 98 3444
995165 29 2399
995240 22 9850
998939 21 5368
997841 55 5839
990154 27 2205
994909 70 1708
992434 18 2020
993897 44 3964
994251 75 4444
997936 65 5044
999669 50 3832
990555 12 7056
992568 45 1196
990886 78 7331
998661 75 9453
992188 17 9813
994316 79 8011
995126 44 8480
990335 68 5901
991183 17 1616
999253 57 9970
994505 24 7676
994218 96 7968
995652 90 8287
997486 34 1028
993675 92 6632
993342 90 3963
992090 96 8606
996445 30 7514
999825 11 1207
994256 18 3568
999863 37 1052
998898 21 2424
991254 95 9191
997426 43 5609
996040 37 5292
999967 25 7827
995114 61 695
997650 52 5611
998754 93 4800
995534 71 5526
999321 90 9647
991186 21 2079
994607 70 7387
990493 1 9137
993163 85 9616
999935 5 2354
999148 2 7445
997300 6 4351
996984 8 3946
998097 76 6931
990578 3 6069
997237 92 7022
997588 17 2654
995854 64 9198
999453 45 9568
998908 42 2996
991770 25 9251
990880 40 6552
991184 43 2099
998070 17 4694
997845 62 3340
993171 43 4015
995155 5 4006
992907 33 5375
999344 17 9770
999091 66 238
994856 48 9071
995385 1 5607
995694 36 6759
993064 33 6442
996819 45 7162
998529 60 4926
997840 61 628
990005 55 7922
995085 13 5172
996500 55 749
998198 62 5935
993045 61 5734
993761 78 5574
994822 28 4430
990050 88 5707
996179 25 8096
998958 6 6875
993917 33 8059
998751 59 1481
998407 92 1187
999187 36 737
995337 53 6910
991434 49 9103
995094 66 957
998988 27 1440
999445 31 139
998592 98 3055
999530 26 8382
996180 89 8516
996095 76 1175
998445 20 3316
993112 49 4135
995316 93 3220
991667 79 3233
990110 31 5052
995755 94 2639
995440 95 762
995037 39 9274
997403 47 479
996426 47 4095
999731 92 3327
997615 65 7242
994887 90 7324
991864 27 3019
992733 97 8010
995441 15 3693
997322 71 4789
991969 32 447
998403 86 9844
996759 46 6199
990642 41 7041
998813 6 1078
990270 19 2308
998234 78 6172
995693 19 3776
993881 19 6487
995007 89 5324
999853 23 8190
996724 47 7036
998397 52 8133
992463 17 7728
991690 69 4207
990278 79 4302
998381 79 2690
999934 12 34
995148 28 718
999619 98 3559
991185 35 8326
995607 55 9428
998003 37 974
990690 88 8164
992663 24 9640
993351 1 6944
999475 4 5956
990228 66 3859
996391 81 5848
999966 15 3261
999628 30 4353
990178 63 2464
994211 24 3274
998914 13 5261
995565 26 6498
998299 70 6817
995275 82 2132
993001 73 7395
990037 35 3695
993894 59 7893
992112 35 8437
990142 40 7735
995032 27 2295
997643 96 1800
995170 20 6180
997109 4 1572
998276 35 1689
993722 83 3032
990249 43 9508
994180 51 1662
996811 6 8640
996765 41 2853
998177 52 4667
997400 30 685
993515 88 6725
994444 44 8607
994344 72 7244
991958 5 1410
995084 6 2700
998589 81 9673
997224 61 4319
990917 92 2892
995471 16 6904
991954 63 4969
992105 3 1897
996182 6 8541
998062 10 795
995200 13 6967
997062 3 9184
998438 73 1383
998239 38 6245
994422 23 9214
993317 4 2687
990799 73 7556
995273 31 6878
990855 85 8202
991129 71 4014
996633 78 7817
993779 46 2496
996951 72 6231
994837 59 9049
998415 44 365
991815 76 9456
997557 70 6069
998088 83 5971
997021 80 5472
997873 47 5311
997297 19 5557
991710 45 4242
998401 19 3467
995468 48 588
994335 22 3983
992899 28 9839
992243 59 9982
998802 26 871
992224 68 8005
999073 99 7735
996155 75 2855
990845 73 6196
997665 41 5986
990279 41 2209
992356 36 8224
999617 74 5844
993160 1 964
991865 88 2197
996066 65 7865
993124 90 5790
990949 6916
996430 9071
991683 411
999939 8613
992400 4170
994000 6986
997883 6525
998835 4743
997798 760
995624 8510
994977 8971
998878 8712
993025 6284
990913 1762
994509 9973
991508 9482
997134 304
991189 640
996733 2412
992758 5746
995043 282
991034 8954
992853 9970
994221 3393
990548 82
990891 5352
999358 7314
993060 7953
992478 3615
993851 5456
997302 1427
992833 3848
995961 9289
991978 3886
992215 4645
998773 8849
996786 2980
993905 4265
990214 2335
997708 2167
996894 535
991053 2578
995501 1520
996945 4241
991042 418
990703 8835
995762 8026
995451 2831
995036 1850
995187 6668
994706 7116
997837 9553
999324 3954
991803 8174
999004 9377
994133 1662
994260 8473
993829 3942
995416 4170
997593 5166
998184 5413
998808 4341
995649 6382
998879 8205
993089 9919
997221 7008
998846 9799
994994 5745
996944 5898
994139 9853
990013 3372
999174 1388
994703 6563
992509 1740
992129 1845
996463 2584
992641 2548
999313 4849
994986 3475
990021 5423
992181 5875
990305 1712
995890 8901
996799 7977
990337 2121
994705 9998
996915 4818
998259 133
998823 1127
996595 3884
992469 2634
992892 9145
995691 376
996384 2577
991275 8448
996209 6517
998317 4276
992842 9604
991805 9990
996308 1285
998361 3953
992105 135
999535 7436
997419 2781
999716 7386
997873 9761
994798 4990
998634 7157
999402 2165
990722 5573
990718 5046
998701 2020
993564 1406
995123 6655
991875 9295
996351 6369
996869 7207
992067 7632
990152 8938
999778 3302
995490 6468
990449 4180
992385 7311
994627 1170
993625 6513
994767 2251
992836 7235
990072 6674
999429 4469
991013 2876
993539 3207
998227 1233
993249 9334
996457 8077
998243 9983
993843 3940
991250 7138
998532 196
992668 2818
995789 2490
992601 9764
994237 7074
991881 9692
999657 8108
995726 2856
997892 6157
993751 3562
994357 1991
991771 9980
997203 2779
993431 2658
992672 9212
993211 6212
999136 5402
994984 3023
996748 8071
991395 900
996272 1601
999273 6112
997340 4965
993674 9945
999658 154
997543 9058
991029 8469
999428 5542
995719 7473
997342 6353
994802 7552
999665 4512
999885 5651
999587 9237
993288 71
992775 1041
990453 2208
999858 3994
993474 1367
993871 8958
991835 7938
998314 4067
997841 8768
993212 6128
995199 9628
990823 7546
994423 7742
995385 5500
992078 2735
990685 7940
994952 4483
997002 6501
992486 9998
995836 3758
991625 9688
997777 7974
991587 4518
990318 9024
999329 6230
999409 7433
990068 4042
995247 9183
992256 7360
997490 1758
991480 2812
999359 9024
999493 31
991278 6572
992885 231
992040 4305
994759 3235
993711 7033
998470 6895
993928 4103
994110 8566
995555 7645
992661 7125
994585 7835
990377 4646
993813 9599
998287 4809
996315 7754
991590 4352
999713 6118
994728 1457
992866 4178
991159 2658
998911 8924
991646 5621
993123 1174
990952 1161
992664 1855
994931 2481
991711 1140
997094 9490
999936 9956
993122 5045
992837 3648
996098 6467
998510 9519
991509 945
996426 1237
990544 8618
994928 2688
997044 9863
999808 3589
998246 3381
996898 9888
994151 4761
999255 2227
997495 1078
993667 2554
992532 8
998149 5669
999441 9977
993764 7575
995258 1868
998971 809
990391 390
990085 4789
997307 4568
994796 6790
994964 5043
991529 1393
993687 7838
998548 9595
992576 5693
999027 4645
991746 310
994282 4796
995709 2414
992744 602
993917 9745
996461 9812
991919 59
995556 4253
995654 6336
993050 8528
990402 3664
997200 5864
996473 2180
996212 8628
998477 7998
998888 9416
992216 7063
990704 968
991406 3782
995713 1143
990680 9218
993438 1529
992553 507
990208 2072
999034 8055
992327 7908
999706 3937
999284 1820
997603 9815
994534 6947
995832 4915
990882 14
996422 8431
999476 6242
993654 3281
990746 5212
996861 9956
998075 3762
994410 9041
993680 7191
993209 2706
994932 3851
999074 1621
996935 9976
999691 9420
997275 3181
994863 8804
990538 6081
998970 9705
994271 8526
996658 2063
996752 4368
991051 4318
994160 6647
997497 8126
990127 9028
998964 5744
999647 5971
992498 6899
995277 9752
995845 9699
995442 6093
991787 1152
991693 3806
990631 9910
994220 9962
991264 1333
996370 3666
991866 3013
996601 8954
992345 4638
990058 3960
995436 5345
993037 3103
999556 6795
999949 8011
999676 3164
992097 3764
993639 529
994411 1569
991360 5612
990242 9643
995446 5191
999320 6478
994618 8189
999356 6136
999475 6511
996061 7137
991023 2211
993895 1950
998920 1944
997403 5986
998417 2588
998479 8874
999129 2926
991339 7060
990822 442
998104 297
990637 248
995488 8671
992179 5499
991049 4675
996089 8704
992161 9840
999364 2893
998790 1466
991741 1754
990626 5186
998822 74
994149 8300
997458 9996
996407 3649
991471 6092
998549 9459
994563 1162
993768 2351
996029 6359
992249 3981
990415 4419
993977 7048
992039 5521
997103 709
990962 7403
991286 3111
997867 580
998693 9744
996176 8133
993637 4130
995390 9860
993097 5640
997504 8626
995588 6579
997819 6438
993573 227
992669 759
997542 2275
992173 3340
990385 4779
998315 761
995401 7263
997441 3631
993617 1939
999819 8134
994838 3786
994254 9703
991004 2675
994539 4471
997394 1997
998572 3556
990202 7131
991132 7937
993866 3254
996803 3319
992766 6794
992796 5897
990227 6084
992700 9985
997509 3037
993072 3718
990106 3613
993695 6438
990154 7454
995892 5434
990388 6195
992227 9198
992113 1350
996539 2233
990605 1217
995552 7863
995170 9551
997826 4789
993766 228
996772 9972
998012 748
991502 9917
992199 3012
998459 3090
992522 8803
996512 816
990200 155
995432 7524
996524 6687
995950 9204
993666 4656
991490 1800
999799 4411
990944 6561
992149 8899
991399 3316
998206 401
992755 7319
997657 8405
990366 3918
997734 8010
993119 8919
990558 2468
991386 3154
999677 4619
996535 4376
993878 2964
991217 9921
997355 6171
997925 3296
990313 3505
993783 5511
991817 3104
996714 8049
990341 684
998445 5057
990991 2390
990720 8812
993136 7221
990604 785
995995 2177
992355 5230
999978 9460
993091 7136
991650 1485
994742 329
994088 9559
997907 6609
994565 7678
993117 6489
997879 6474
997548 7792
997806 330
998865 3432
993174 5085
997929 1146
994135 3727
995914 6906
999589 3102
990254 3574
995213 2932
991759 9994
996694 9748
996055 6725
992728 9848
998212 8117
993233 8726
995407 7464
998110 4875
995485 7592
996502 2372
995412 1373
999538 9341
995370 9988
993139 7352
995029 3367
993933 3611
996197 5142
997491 2134
990295 5278
999118 5552
991540 1862
991403 3958
996437 9987
994170 5783
991332 343
999077 1367
994959 1676
997913 765
999002 3032
994175 9992
999544 8514
997184 9879
993950 9172
990880 4794
996320 3150
991971 5089
999625 1414
997457 7986
999018 4058
998285 7254
999008 1361
996560 2314
990883 9848
997143 8937
991237 4476
990961 7062
996885 8824
993784 2513
995933 2967
999466 3767
990760 2918
996335 4950
991969 484
993646 5919
996562 7602
998675 9047
992088 2569
997928 2568
991025 5616
993267 6893
991033 2347
999135 3962
996533 8792
997487 5727
996557 1608
990941 6841
993769 7874
992598 2735
994935 9420
995745 6470
996939 2725
997752 6558
999488 2578
995377 7240
993997 8723
994325 8604
997531 7482
993930 7958
995825 9858
991276 9813
992730 992
991233 5232
999085 6470
993925 9945
999893 2945
997655 2565
995585 2423
990411 3499
999287 9639
994535 1450
995994 8659
996051 2088
994793 225
998720 9997
990523 7519
999220 6842
999800 4936
994384 4516
995030 9478
992188 3596
998916 7304
998203 9976
998065 6736
995596 2717
994179 745
992007 6044
992764 2007
995254 831
996152 5533
997125 7102
995694 1399
993548 6919
991277 4020
992969 210
995852 6794
994382 8350
990140 8694
999043 9941
994263 720
993582 6136
997485 2712
998429 9836
996137 5837
990569 7292
990414 6313
996334 8505
990197 7818
992629 3089
997376 4209
999101 3393
998225 8541
999275 7382
997897 9941
993473 3218
994916 4906
990546 4909
996244 7799
993572 6334
998003 5117
991868 6367
997195 8164
991636 6413
993417 7692
996957 4556
991054 9997
994583 8581
998097 9957
993971 3837
997025 1194
995530 7712
991196 9659
994944 2945
997962 1956
996563 4565
992302 6124
994543 8250
995201 3925
995019 9922
994658 9861
999245 1288
993906 8012
991690 8581
990945 1486
997090 4003
990777 1465
999796 2085
996918 4255
991617 4728
994552 4589
990606 4495
999613 3803
993428 76
995882 11
995778 5049
993714 395
999021 9018
993230 3351
994729 610
990221 1562
993656 5810
996479 1040
996831 8190
998455 6388
991171 9248
993872 8542
990424 3885
997675 3982
994915 2813
998434 5545
991168 7692
996508 586
996053 6974
997977 866
996934 3281
998620 6884
998338 9951
992801 8490
999246 7343
990840 2934
992458 3207
993841 8547
991265 8245
999337 6772
997411 6491
995534 6780
992092 6836
997399 2448
995388 4549
992612 3330
995712 3287
998732 7290
993172 3200
992133 4747
991731 8333
993792 9516
991908 8317
990728 9690
996930 1202
991586 4787
990175 9786
995926 4622
998745 750
990270 9718
998625 2810
993495 6224
993010 8031
992191 638
991698 7825
994268 9223
998278 9648
992455 3237
991632 1273
994023 2118
992180 2274
999920 2704
993127 2295
997567 7482
996746 7682
991301 5977
999042 5229
999448 3860
997005 7118
994890 979
990761 4285
999316 9961
998940 5247
994611 1863
994013 2826
996253 822
992477 6901
995138 1270
999882 9545
994073 3721
994950 421
992731 1557
997538 3834
998422 2117
994376 8424
997408 2329
998501 873
992411 6615
992860 5495
998978 2575
991722 1540
997651 2846
994028 19
995757 7045
990768 6259
998977 4594
993158 4190
999868 2742
996764 4503
994388 5431
991311 4387
990250 3497
991098 2917
991742 6499
999961 5458
998392 1376
990590 8386
998439 6096
999057 4529
992808 9985
996290 2408
994015 7649
990340 6478
991701 5085
997013 5878
995705 8758
999884 8438
995249 9643
994003 8740
997373 3545
991781 9676
996462 1869
996352 2808
993860 2204
991246 4711
991240 8756
999194 1690
993848 238
992916 3526
995157 3327
994050 8755
994402 3671
993698 8405
993284 1301
997565 8739
995169 5902
998032 6615
998364 3537
997818 7333
996109 7397
999983 415
990380 7697
997550 1067
998696 4240
998028 956
999773 5528
991823 6753
997442 8051
991411 9153
991263 1141
998155 7505
999299 9681
995434 4278
992684 1140
999553 1791
997424 1495
995881 2688
999468 3301
991377 7470
996572 7813
993372 7409
996310 1157
994883 1646
998599 5234
992751 1862
991428 7126
990936 3359
998735 1117
995834 3542
999528 8693
998827 6998
990595 3156
990368 4950
993782 4683
993574 193
990178 6991
999187 8427
998030 3626
999193 5930
996135 4757
993550 9268
993470 3631
992317 5119
994387 6597
994090 4739
991063 3933
993581 6010
994397 45
992081 3238
990689 1457
995923 9962
993440 144
990607 8097
999644 857
997808 2635
993856 4975
994361 3361
990421 3988
998347 7807
992841 908
990660 9997
993849 1267
995387 460
997970 7909
993006 8564
998222 6681
990971 7460
990828 4842
994854 9575
997856 4624
997359 2326
991944 5417
990530 6552
999484 4177
996683 6293
997061 2602
999667 7971
999821 4228
992696 8496
999511 8741
999209 7310
991012 317
992719 1730
991598 2588
994352 1283
999757 6162
990171 9990
991281 9901
998376 6813
992663 5747
999805 8585
998054 1889
996582 8033
990075 3739
995204 8559
999548 7809
995710 2926
993579 8567
998421 4814
999142 8121
994771 3981
992419 17
997060 5594
990034 4830
993113 432
995647 1187
993242 1070
996986 9209
992550 2331
994186 1482
999503 85
992453 6166
991361 4325
995016 754
994419 3077
995124 2337
993193 723
993496 5077
992050 2543
993555 9943
997295 9945
990603 8716
992426 5685
994176 4094
990461 1107
995841 5120
994454 1882
990890 5289
997361 3898
992045 8716
991256 980
996440 9669
997245 6873
998901 2503
991438 8182
991853 8445
999073 9802
999094 311
992368 549
999159 1063
993926 2453
991170 2094
990235 3329
995348 3155
998975 8078
999323 9080
997506 5887
992831 5191
993633 3780
991687 6727
991543 9529
997050 2482
991770 2783
997249 4161
992274 3887
997561 1657
998132 7051
996713 1802
991843 8336
990669 4872
995068 6653
994205 5549
992206 6573
999197 3239
990647 98
998854 2310
990888 5361
991495 904
999087 6448
993454 9816
996942 5167
998958 2974
996763 9049
994288 5450
999108 6402
999748 415
990187 487
991977 2714
993601 9835
998382 1730
999305 5327
990895 3710
992381 9171
995450 4393
994396 8739
999602 4073
993339 7351
997158 4149
996880 1810
993041 6026
990317 7126
993328 9876
996323 9283
991492 9411
992450 6848
995571 3700
995672 1230
998659 6724
994209 6891
995595 8245
995643 2614
992566 239
998863 9980
990179 3316
996206 1189
996780 1624
993995 183
994042 8401
995026 7928
999290 7954
998476 6973
998963 6530
990323 6444
997066 9152
996721 2144
998805 1705
996607 6703
994855 2069
995237 7282
998705 6158
998665 4021
992618 7061
991913 9778
994827 7584
990930 1853
994929 6351
996874 3201
999709 1943
998095 5570
992568 764
991297 7544
999064 7170
999701 7502
990371 9947
998672 2086
993411 8405
990133 6077
999392 446
999950 5981
998947 3231
995614 9632
999581 4774
997661 7481
995224 9857
990056 4128
994182 3110
996651 2271
991955 5367
998578 2811
994560 8872
999559 6256
997164 3453
996024 9189
999040 5057
994769 5841
996035 5520
999219 9600
999599 5226
998597 8354
992213 3801
994395 9943
993096 9413
996702 5778
994792 1462
997942 671
993075 9366
993563 9166
995982 5423
993593 4862
996318 1691
997812 5461
991963 3459
993834 9843
993184 685
996007 1265
996178 9496
996569 3159
996460 5420
998064 9469
995774 9755
996561 4553
990736 6515
992877 2889
993966 5711
998007 9097
997241 4954
990386 4498
997045 6205
999156 6622
996530 4167
992371 2680
991623 4664
999717 1716
997505 4218
994276 9493
993437 2954
990442 16
997887 6408
997896 927
999237 7364
990035 2532
995306 9635
997142 3979
998818 6125
995676 8326
998538 2404
991202 9065
997602 3781
991245 784
994576 7347
996735 5217
997311 6080
991037 4050
998982 4396
998169 6171
999127 8904
999438 4910
995483 6
996791 7318
999938 8826
993446 4413
999688 4285
993456 7820
996619 7754
999295 991
994763 1329
999783 1774
997309 2649
995031 9376
990141 916
996400 5615
992142 6270
999512 1191
994687 1096
995418 7716
990510 850
993029 6804
990156 963
995932 9009
990624 506
992898 9851
998008 5504
997821 6968
992802 7641
995792 694
997731 701
994632 8918
998460 7056
992897 5954
992152 898
994925 5352
992937 7461
994486 1470
991645 8903
992341 3958
999822 2623
991038 4604
996499 7140
997900 9989
990218 7606
990973 9556
990811 3194
998493 1574
991808 5847
991862 1100
998892 5874
996909 7133
995476 3247
993832 9983
993707 8290
999953 9801
997435 1119
994515 1582
990338 5954
997437 9935
997736 9995
997979 4627
992565 5093
999843 1074
997186 9462
996439 773
994431 4636
999923 7173
995803 5997
995600 5994
996196 8644
994313 2256
996883 101
998450 6877
997886 9983
990479 2707
999777 8308
991869 8261
994134 2421
996415 9564
995849 3152
998869 4248
999490 6897
994252 6531
993004 49
997562 9984
992642 6335
997112 2407
994695 1851
998717 894
997150 7878
992183 9660
999325 659
992891 39
991696 4348
993462 7879
997260 1769
990398 7775
993424 1072
994685 6439
999904 1292
991166 7
992810 8471
993644 3038
991376 7819
992231 9996
995858 7366
990806 4900
997699 9574
991734 9626
996615 1526
997042 7572
998945 1616
997205 8338
995919 7248
998882 9321
991253 3520
996050 7295
994267 7811
993641 371
999624 8942
990560 4488
995782 8718
991462 4847
996926 260
997596 3869
996521 9222
990830 1832
999257 9794
998979 8958
993558 1114
995787 290
993177 3221
996841 7955
994169 8718
991433 2984
994851 3801
999619 1317
992573 3544
996121 2250
990536 1145
993008 1915
996505 6263
995682 5349
994503 7574
997697 8264
990528 308
996910 4493
991190 6187
990201 3730
994975 2201
995141 7423
995603 797
992923 5294
994836 2299
992309 6965
995855 5238
996217 2273
996305 4095
995263 4042
999176 1728
998224 1519
993181 5891
993105 7295
999869 7345
992276 7461
999415 3720
991106 3694
996065 9013
998320 2637
991045 8798
994951 5234
996340 4182
993964 9319
990730 1493
997129 9852
999161 4272
991779 5392
990708 9969
995567 8556
996980 7441
993889 4118
997243 4639
991911 2342
997202 100
994992 9115
998797 2301
994320 3494
995009 677
991524 1446
996269 8657
993976 354
997634 2693
997233 9974
990045 1310
992659 9699
991057 9522
997192 3079
990812 5345
995987 8096
995976 9050
994553 968
995311 1578
994011 6763
993838 4434
996757 9195
996468 2772
991754 5011
991896 7616
997714 545
990063 1836
992457 8061
994965 6468
991211 4520
995301 6077
991550 1125
997494 6755
994669 5221
998631 328
994309 6133
995057 6392
993580 4713
993559 4396
997817 122
999145 8988
995609 104
993359 2719
990541 9076
995382 84
999987 5975
997773 196
995220 3770
999350 8368
994112 5180
995830 5328
991592 8324
997223 724
999842 6442
992356 1059
997133 4568
995282 9180
993888 3068
996045 5790
996328 2975
991973 6885
996836 2763
993279 9803
994642 8903
998591 9312
993961 1905
995395 8769
996257 3889
992004 1279
993916 3068
992189 8139
993532 7048
990850 2963
997289 3306
997099 7345
995518 3234
991016 9499
997385 2688
996210 4503
993210 4106
998674 4968
998709 5276
991611 3220
998079 7850
999749 9842
994202 1605
995423 2817
991143 7199
996204 184
999980 7372
999276 9382
999483 5725
997146 8933
997450 2034
995738 9735
993012 247
995414 6634
993684 2795
997318 4092
996078 6112
993847 2657
996951 8046
995266 9597
990455 9963
991763 3241
999925 1126
998612 4565
995109 9999
999880 1122
991110 295
993921 891
998505 2651
990113 4273
993989 8454
997606 4906
995592 1547
994327 4914
995771 8164
992262 1100
990196 3129
992698 8734
993650 9495
992158 8226
999044 4178
996258 9339
997599 6857
991838 6105
996260 8085
998358 9347
999462 9429
993146 2473
993599 1252
997546 8295
996040 921
990139 692
995024 7518
995003 6077
992190 9898
994881 8820
998984 6057
994876 3711
995145 7111
996846 3718
998000 4473
990328 1906
997065 4644
998669 576
992508 9606
997520 6588
990256 519
999191 9521
990173 135
991443 9866
991186 4180
992600 5654
999632 7220
998849 5814
999738 2692
999318 6578
994623 5083
992156 4489
996596 124
995822 5274
998961 818
995449 1611
997866 4163
995725 2665
994743 9403
992454 406
995158 4427
993919 9930
995481 530
990621 5713
999398 9371
990320 163
993323 8957
993946 3935
994997 8034
997344 7935
998820 3727
994697 6087
996095 6910
999139 2023
998935 7232
990065 7972
999119 1039
990809 8255
994358 6358
992221 209
990420 8467
990988 1155
991826 2180
994937 8911
995392 8257
998839 6612
991677 2737
997985 9603
996327 9614
991785 2115
995458 1975
997588 4508
995380 5582
999241 3547
992995 349
992293 7639
997741 5571
990814 9835
992195 5391
990881 9912
990580 6544
990008 4911
995097 8993
995127 798
997267 1957
991610 358
994225 785
998600 6351
996548 9925
997948 2576
999964 5994
992534 6060
999302 8032
999731 5679
994784 6538
994613 2281
993540 3393
991703 8113
991027 507
995523 542
993038 54
999751 5840
996648 3749
991208 3700
999951 9633
993689 1270
997453 9806
998119 7016
991218 7335
993858 2215
995334 5588
995625 7785
998614 1964
994496 3302
996640 5866
998571 3724
999262 911
993353 7024
996355 1004
998848 3768
996663 6171
992080 8643
993622 5613
996120 1262
995291 9918
996366 3469
993528 1931
994698 2424
997449 874
991355 3284
998601 7822
992306 1100
992561 5571
998037 5723
993700 5979
994751 7496
991442 4254
998418 3298
999684 8572
994019 313
994692 8305
994857 8519
997043 6570
991363 8336
995657 675
995972 7047
995999 8711
999516 1922
993511 9811
996235 5520
992280 537
994494 9969
992625 3066
999311 4651
998782 3672
996429 1396
991829 6130
993735 6713
994098 9376
995889 722
992673 6803
999963 6832
998214 6229
999221 3064
994159 9596
995856 7732
998100 9604
998275 8424
998670 6330
999979 8492
998238 4680
998273 3457
995946 9362
991762 3436
992988 3346
998481 8872
998355 7436
995997 466
998099 2088
995728 9558
990451 5091
998034 4356
991424 907
994756 2477
997843 9697
996730 4819
996286 5715
992435 6350
995692 9951
999839 207
990383 6710
992487 5495
992633 3509
990061 3078
998295 9109
996755 6486
997564 3786
998529 6624
994823 8314
992480 6890
995747 9988
991407 5661
990937 1255
992070 7796
990245 4329
998150 4267
995393 2587
991198 8776
995386 9678
997627 7565
992344 3218
993828 7536
998137 1699
994004 7354
990521 3300
990554 7171
991756 1613
998787 8021
996488 6115
993756 9545
992237 1916
992506 1514
993325 5291
992617 1427
990259 3651
991965 9755
997219 9985
995947 2050
993018 431
997315 1637
992151 562
991174 9059
992543 3088
993760 2070
993863 115
996782 6760
990634 2565
999672 7791
998381 1005
995102 5360
998089 8323
990049 5033
998136 7703
998010 8802
991405 1360
996259 6888
994760 7455
996321 443
992056 7734
993631 617
994621 1973
994337 4992
990946 4209
993039 5914
997934 9169
991575 7989
996231 8587
993535 7341
993497 591
990018 9704
993669 8509
994086 2947
991469 105
997722 6559
991032 8732
991662 5931
992555 5074
991872 6064
996704 4242
991109 1297
995740 8111
995651 9681
994514 692
994719 7545
990757 6765
990261 4853
999234 3618
991569 7030
991104 7315
993597 1261
992238 7571
994144 9999
993546 7120
995032 1357
998403 9845
993759 1842
997711 601
990084 951
997981 7405
995906 412
998655 8108
996708 285
997162 6913
992398 287
995750 872
997778 3222
993819 9717
992493 6930
996013 8388
997807 7835
994328 6413
995887 1908
994339 7912
991350 9295
995101 1972
997786 7101
997386 7465
995184 5776
991876 7513
998040 6214
992786 6278
994234 9907
991727 9088
991506 6961
998181 2956
999661 3477
997139 1820
994456 7388
997187 6023
996509 3285
996787 8075
993395 4316
991296 3085
998902 8643
999782 5859
997930 1961
999826 2554
993390 4268
997966 4611
994433 126
995958 9828
999775 3361
990430 8307
995813 7086
994122 7073
997106 9866
994061 1687
992575 9344
995508 7155
991797 2485
999453 950
996655 3051
993672 5754
991924 2091
998161 1737
995317 3472
999090 7651
998734 5106
993078 9992
992184 7405
998590 5669
995075 2149
999725 9614
993502 913
992636 9303
996865 8641
992914 2486
990802 7005
991994 4351
998883 7753
998130 7525
998221 3889
996783 6206
994317 8261
998151 5735
995153 7612
990627 8557
992759 6161
996932 5845
991676 6022
998016 7580
998926 8341
991821 9341
991103 4411
991207 313
999736 9558
999015 9443
994475 5289
997474 3766
994680 3688
993409 6202
992443 3148
999626 2159
996353 4000
998552 3561
993333 9125
999984 7465
991151 6293
999410 6773
995343 2674
992365 4841
999247 9978
999069 9948
995459 3999
994765 7827
991725 5993
997999 6437
999386 7092
998208 3633
998154 9429
994525 4381
996879 5463
995397 980
997341 9852
996236 5058
998832 7103
992754 8899
990897 4421
992011 1431
990667 3841
996096 7350
993852 2820
994589 5383
999876 4207
990238 3161
994595 9276
998550 9163
990561 3088
991010 8119
994933 7155
993106 1905
997997 7281
998432 4717
992854 1456
997163 1315
993915 4515
997785 9299
994190 7801
997228 5039
997944 1100
994224 9410
995478 9791
991753 6510
992117 5888
996470 2147
995810 1025
992857 8442
996006 4478
997893 1566
998207 3018
992138 7996
996324 6651
992470 1523
997940 1774
998587 9354
997257 599
998098 327
990291 182
994988 9800
993239 4251
994364 6243
990115 3013
996811 4421
992950 5833
999205 9930
999930 7286
991457 7520
997009 5647
994629 1336
993200 4855
999533 5350
994810 9104
993996 8194
994643 9999
996211 1103
999532 3437
999472 2702
993232 688
993059 9221
994522 3160
993444 4671
995662 4020
995674 1141
992121 8172
990327 6510
996608 3160
999985 8109
999331 8726
991740 3127
995378 7955
992432 1935
998513 4070
991537 4547
995302 9906
990350 9320
994379 6264
994813 9980
993936 5381
991609 6949
998890 9931
996472 3139
993461 4746
991526 2872
999969 4980
992956 5723
990924 690
995560 4399
997410 35
998530 1418
990396 6339
996113 8941
995235 5328
991905 1472
993388 7079
990517 6812
995940 153
996620 3758
998173 8532
994062 8014
999990 9200
992518 7014
996189 2100
995616 2739
994934 4258
997552 5999
997227 4749
992329 3738
996186 9910
994291 1969
994659 3694
997479 652
993615 5179
995484 3136
996849 6864
991095 9042
997443 9210
997224 8401
992644 2162
992233 1025
999437 6711
998039 1356
997847 5532
993356 8843
992911 4359
994913 9508
994724 3882
998733 7180
998537 1571
995696 9274
990907 3379
995373 9971
997304 8315
991521 3773
995532 7447
994780 2221
996363 408
995526 9853
991135 4575
993744 7406
998144 5213
990412 5587
991589 7001
993567 1883
997865 2391
995497 5724
994129 6387
999595 912
991273 8651
992405 7594
994868 2109
