2000 2000 2000
999305 10 116
995890 45 8442
990537 100 1241
997052 100 5671
997910 23 636
992501 49 1581
999567 59 5148
991061 33 9306
999090 96 6033
995833 19 8700
992674 81 1417
990332 99 4895
998047 13 8742
995246 19 9986
996136 8 131
993367 80 4168
998985 71 1296
991815 21 1774
991451 66 7761
991509 42 1849
994901 14 2254
991525 49 65
994718 33 759
999792 100 7915
996370 47 9901
992274 18 1331
992824 24 4616
990920 44 5696
994525 19 3574
999969 11 1744
993835 4 7051
997423 7 4477
993923 86 7482
998138 18 7185
992302 71 9586
991972 87 5419
992976 49 3013
995008 55 1247
994799 97 2549
993124 50 5392
999875 90 1688
996550 10 2528
997686 92 8773
995652 33 9421
997856 70 9155
999102 44 9451
994794 91 9705
995158 79 6225
991100 96 3210
990577 16 3035
998465 62 8261
994053 89 3739
999386 56 4813
991683 5 7128
992189 81 9399
997138 78 907
998832 92 9891
990766 17 1951
994447 21 8321
992917 78 8589
991132 76 7200
993174 41 9268
999538 51 6317
993122 84 9643
996787 21 1830
994445 74 5257
996753 48 1910
999043 30 5584
998599 48 3179
996018 2 4980
993860 39 3174
998312 23 2503
996545 49 1182
997760 92 8694
999566 35 1090
998969 83 631
996130 22 9947
999189 30 7747
992856 51 220
993695 10 6669
994992 11 7588
995385 29 8784
997394 89 5649
997659 38 6994
997330 31 2262
995589 54 7406
996514 50 7684
996429 38 8323
991788 40 7903
994319 30 402
991186 47 180
990179 44 5648
993056 51 5206
993353 65 8189
993074 57 5081
993802 40 2942
994952 28 1819
997044 48 6214
993043 58 6236
992676 74 1228
998675 44 4293
997004 63 8177
995212 9 5700
996972 17 5119
997284 77 9270
994182 24 9788
999332 78 3093
996952 72 6469
997100 90 4967
991890 13 742
998613 85 797
998988 68 4297
997412 33 8292
998734 44 4977
993931 52 5442
992456 2 7076
995045 49 4028
996925 42 993
992361 92 2073
992611 33 1458
994845 94 3882
998145 98 3837
992552 11 1769
997530 27 2306
995651 51 7376
995981 84 8868
999334 72 3244
991485 84 9991
997565 38 5967
992384 12 6709
999322 51 5259
997362 45 418
992451 2 6143
998007 19 1077
990811 29 8789
999674 63 6397
993298 50 2465
997450 93 4759
992621 43 8783
993715 80 4519
996697 80 6695
994578 55 3464
990213 4 7565
992961 40 2854
990400 13 6042
990911 46 299
997061 45 1897
995004 3 6339
998630 81 3625
991796 95 283
993294 12 7472
995960 31 5092
994144 90 4738
998621 57 7607
994574 16 781
997734 2 1813
992972 76 5004
996628 10 1407
991181 39 6437
999571 67 7044
990343 59 8341
994651 62 7272
997260 82 9301
992090 3 2910
991978 65 119
990917 35 1728
990364 22 778
994994 33 2437
995098 15 4369
996962 85 5330
990038 3 8073
998711 81 1863
994220 20 3772
992010 31 5806
997413 87 1168
993400 36 3506
998139 17 6028
994459 34 7545
997326 51 948
994590 34 7184
991955 1 2414
999625 86 8001
999607 3 6866
994848 13 9455
990019 23 6334
999280 25 9262
994509 35 2710
999795 14 7977
992246 13 5026
998906 46 4895
991551 39 9358
991431 8 3875
991634 1 1379
999764 61 6960
997509 100 9508
995934 15 6804
996344 100 955
996292 61 7448
998360 58 4368
993552 84 2717
993257 16 9245
999072 7 3447
990486 78 4773
993607 40 6542
992853 61 2727
990995 13 6738
997346 6 3225
995006 7 5
992233 32 3362
994429 60 1320
990831 39 1585
990035 29 6207
999817 55 9501
991643 98 6002
991026 95 4723
994347 24 8229
991939 19 9044
996386 97 205
995812 35 713
991834 27 4832
994699 15 1885
998342 7 268
996079 21 889
998049 56 3273
999041 13 2755
999648 11 667
991677 48 9659
994402 93 9132
990464 46 3912
990134 49 3644
993581 7 2723
993911 13 1067
992757 93 5630
991295 71 1203
995759 70 7483
994484 10 466
990782 79 7806
996762 24 6921
990449 48 5157
998751 97 7005
997424 6 559
995297 15 668
996945 87 770
996818 52 7248
998431 80 462
992862 32 5137
995340 35 7549
999874 39 8438
996405 73 4467
991681 19 5857
997434 7 8647
992692 9 152
992934 48 7572
993625 52 537
992265 50 6951
993803 15 5246
997121 8 586
997329 5 4334
995662 38 9893
992469 31 3131
994599 28 5480
994624 3 612
995697 17 571
998044 93 3869
996823 9 9885
990319 54 3163
997141 11 1544
995465 51 7526
999092 95 4729
992591 8 2107
995691 91 8765
999445 66 8127
994241 10 8054
993275 24 5739
997186 44 784
994627 3 3477
992838 3 8556
999198 79 5377
992191 76 2835
996783 93 6568
994410 33 7210
992152 60 2524
995379 41 4431
999626 97 4171
998811 21 9879
997898 42 5544
997520 2 8941
999794 66 353
995830 33 6633
997634 66 1307
999027 96 9523
996711 66 2311
995353 51 514
992441 49 3396
996189 97 163
995315 69 8897
990519 78 1172
993325 85 9211
998005 28 7865
992583 86 8437
994417 20 3819
998231 95 17
997615 93 4612
994869 64 2864
990777 14 2559
995899 100 3432
997783 37 815
993005 55 2899
990755 21 9940
993736 98 3690
992214 34 6042
992085 34 9995
994637 84 8318
998152 8 5327
995984 81 8133
997491 30 265
990730 95 5051
998497 46 355
991057 52 8345
998986 22 3318
996750 95 6821
995143 55 385
992767 81 4474
995065 79 4846
990954 43 4696
993269 58 1719
994812 64 4591
999787 40 5131
996744 58 8730
996777 28 7576
993121 6 754
993318 25 7970
999303 12 9918
996128 3 3648
991084 70 860
995809 23 4891
997764 78 4140
990893 2 7492
997043 33 7911
994430 25 9557
995483 24 3514
991213 86 9057
991458 40 8713
998859 13 4603
990791 30 5773
991424 83 5703
999620 65 6637
996490 15 6664
999601 14 7970
991908 63 3040
998502 99 6244
997189 17 4985
996577 57 5871
995206 24 8945
999082 9 80
999243 35 2327
995366 62 150
998909 49 8424
991291 82 3383
999539 18 2352
999128 68 3068
998576 25 578
999337 24 8432
990432 19 7394
992820 37 4138
995436 81 3697
997770 25 5278
990754 53 9132
996239 53 2591
999252 18 8055
991127 23 8883
995038 19 1725
998893 86 5910
991482 34 1641
993626 27 3957
991156 77 4630
991648 55 6200
992632 35 229
997175 17 3489
999720 5 7087
992238 74 2847
990107 4 9798
997633 53 2267
998847 36 4384
991536 13 331
992554 43 8866
991385 90 6596
997934 18 9931
991853 40 1907
994335 21 9068
998083 56 667
991486 44 9102
995621 25 2593
996885 15 7259
995722 96 3357
998660 75 4168
995428 40 3296
995391 88 99
994057 47 5200
995644 43 1323
998905 62 6511
991587 16 2057
994991 2 496
994471 21 1339
999133 15 1350
993272 70 5502
998477 52 8341
997236 15 5573
995288 44 7852
990743 25 1157
996345 69 568
998347 64 4614
996964 94 4744
993698 93 7673
998488 5 3380
993743 93 1125
999924 27 9140
996934 38 9516
995857 43 2633
997019 5 6504
990419 70 5538
994989 66 2430
994469 62 3320
992166 95 5335
995201 27 6363
993732 31 9957
996501 64 8170
998065 21 8770
994174 66 510
990960 66 4623
998276 96 6472
995848 65 496
996841 72 3941
993519 21 6522
998673 45 6344
990489 5 7297
996718 12 2459
992675 7 5421
992890 11 3199
994150 8 7452
996181 40 6391
994009 95 4205
995540 60 1187
994842 74 3464
994291 92 9217
997806 69 3514
995661 40 6019
990389 57 7870
992254 82 3396
992101 53 1224
992123 21 7012
997183 86 2066
997585 81 2419
999678 48 7005
997541 76 5157
992599 9 5377
993155 29 8958
996625 61 2691
991473 57 3449
992639 40 7766
994211 88 3709
993907 38 309
993180 43 4732
991886 44 5121
996191 38 6123
995675 30 7352
990869 26 4858
995488 61 9920
990930 91 1908
994248 90 6041
992508 12 8345
998601 54 69
990307 54 1296
994568 14 408
998968 59 652
993212 40 2700
998099 50 8374
992379 41 3932
992186 59 4342
993030 38 6177
993949 22 9214
996708 7 9828
994400 29 1715
998543 94 3058
999156 50 9949
996224 62 9019
991933 86 5049
990075 68 7947
997495 45 2317
997525 39 1673
991807 13 7574
991083 16 6554
993509 7 118
993344 19 7695
994352 62 9697
992533 67 7967
998725 77 765
997751 88 2683
993721 83 4204
994415 45 732
992980 33 2570
998919 24 994
995289 82 4471
994498 68 5214
996318 78 984
996602 48 7224
996348 79 1912
992940 23 614
995059 43 2557
990034 22 5476
997948 83 6033
998595 14 8108
994682 6 3554
994238 52 7046
992453 76 8415
993430 89 6927
995811 24 9691
994398 69 2640
996393 24 2869
997465 27 3900
993157 33 6762
995586 25 3375
996993 6 297
993562 87 1367
997791 46 4397
999882 53 4137
991993 9 8593
995243 46 3714
994996 29 4248
997287 100 4274
990317 21 3244
998962 1 7462
998434 48 592
991772 42 1749
995914 83 1193
997552 13 1239
991827 18 3803
999685 16 2102
997765 75 9161
997261 20 7729
993506 11 5506
991727 10 9592
996269 34 8879
998337 69 6741
997721 20 6698
993309 76 2135
996915 88 311
993060 34 1020
997501 9 9644
994255 92 8386
994758 90 9243
999289 36 7566
994609 75 1422
995689 54 9358
999328 21 2119
994102 75 3088
995603 7 5319
996457 41 8175
999473 86 5937
995973 34 1453
999498 45 7687
994425 92 8724
999913 72 9340
998681 38 6679
990328 96 5193
999500 67 3177
991219 36 396
997440 67 5311
994303 89 4329
997356 42 6216
996875 40 557
990383 1 6089
993504 5 7971
998016 18 5280
990901 85 7615
993423 72 6269
995422 72 2140
997022 4 1021
990567 2 6062
996541 95 551
994224 60 1336
998381 9 1653
995123 57 3950
993010 31 1518
994571 87 2582
999888 79 2021
997233 29 884
992073 44 469
991900 54 4140
992405 45 1418
999887 46 5396
999827 22 8689
998517 36 663
997278 58 9638
990298 99 5682
990650 95 5373
991317 63 4655
992065 23 6038
993661 39 7609
996327 15 203
994706 21 3751
999076 72 5332
998663 33 9448
995895 62 9330
992070 46 4013
990882 68 5021
997867 19 1099
990015 38 4975
998631 89 3921
999556 8 4280
997534 56 5145
993268 15 3519
990921 48 9019
996950 1 199
991514 89 524
992376 97 9757
994727 65 3198
997662 70 6758
993413 49 2057
998659 42 4111
990554 93 7243
993775 67 2552
993830 50 8612
994876 16 8600
994375 41 3748
992266 44 718
999263 3 8733
998478 9 6368
995405 33 4520
993895 40 2649
993142 52 2761
993067 35 5965
997638 38 8492
994106 13 3254
994911 17 392
991905 81 8256
998752 6 7686
998987 79 8067
992494 24 5790
993657 68 4947
999802 6 5765
996071 95 9653
990582 98 1528
995204 52 4428
990812 50 3314
990916 13 58
998908 15 7391
999574 30 8747
999034 46 497
998024 61 5899
994010 85 9136
997392 47 4264
992505 42 8749
992282 99 9036
997859 86 8440
997046 60 164
996493 94 3152
997579 93 1424
995775 40 7066
996943 41 6370
991226 7 1436
995975 6 4774
994976 52 127
994858 93 9148
990556 81 1389
998537 19 9422
999354 63 9169
994997 94 9649
990455 40 2128
992000 20 6504
994978 40 1543
992559 65 4982
992144 2 6914
990991 64 1886
993841 100 9704
998178 49 5961
992534 36 6868
999147 91 5450
997724 10 1408
994497 44 9788
992662 51 7554
991822 56 5770
995694 6 6100
994790 73 4318
994001 56 363
998153 81 2714
998799 92 9268
992851 79 5082
994131 84 5643
994522 22 6636
998127 73 7579
997047 72 260
990056 1 6693
992818 2 3199
996994 74 9894
990848 2 9755
993877 92 9945
998116 18 4839
990816 78 1751
992164 95 788
996884 56 7269
991036 72 7171
997063 74 6482
994653 57 2182
999510 63 6710
995196 12 4960
994855 38 759
994673 88 3417
992468 39 6930
996258 95 9059
998782 73 7437
991350 3 5947
993546 91 9379
995463 23 2020
996077 26 1268
999318 13 8833
992547 88 7879
992196 36 4871
990168 52 3814
999333 87 5222
998238 34 752
991159 67 4261
990793 89 1309
991915 4 8619
990818 6 3122
993597 26 8870
999585 66 4585
995242 78 1843
998566 1 8339
996027 3 8630
994180 58 9095
995312 53 9146
991099 90 4297
993388 55 5293
994641 8 4678
995885 54 105
990981 65 6825
990510 5 9312
993680 96 2441
998886 51 5101
991411 61 7461
999752 12 3919
995513 17 7772
997929 24 6163
999544 34 6419
993846 78 2326
995769 14 4733
998852 72 4477
996681 28 3205
999419 33 8349
990296 14 3749
993480 49 3286
992504 55 6789
996505 93 1518
996547 68 5757
992997 12 8499
991570 49 8388
997802 12 9728
991269 83 8072
991633 56 1420
990530 37 7338
997776 29 2079
994841 22 6633
992023 46 7636
993052 33 362
997908 11 5099
990839 89 6397
992659 55 8817
997923 5 7611
999916 69 4025
998473 1 559
996977 69 3173
990951 22 1686
999184 73 2942
994608 13 4441
994114 55 7862
994601 71 5160
997227 30 2316
996476 56 7354
990366 81 3669
991527 9 6962
995785 76 9586
992445 81 4827
992776 68 210
990681 93 3277
997942 62 370
992558 61 8679
998506 19 4644
999534 29 2227
997102 96 4480
999239 78 991
992631 34 405
996100 56 8503
992787 65 3690
997994 70 7122
997989 98 306
997369 44 6995
990758 69 9236
999389 67 2022
992048 30 8550
997766 82 6241
990320 68 8472
999886 34 2167
995267 95 5119
993357 81 7694
994406 25 4807
999782 41 40
993266 47 1572
996363 61 2255
993814 100 2231
990581 92 173
997999 77 1565
992162 41 5614
992857 51 833
996576 96 4315
996587 81 2685
991953 92 209
994090 33 4187
991644 32 9294
994466 28 5245
990984 4 3186
990947 96 5429
991801 93 3744
994784 36 4427
990262 7 856
998284 58 3284
996713 15 7521
995533 72 5088
995016 87 3484
990698 60 6820
995061 42 3506
999032 16 8124
998335 25 1027
994004 59 1194
996938 54 2309
994664 42 5326
993021 40 6326
996491 65 1348
999016 55 8920
998323 16 9690
996982 45 9347
997336 98 727
992971 18 497
996281 30 5329
995398 90 2601
995125 63 935
992333 58 5487
991097 16 8240
990012 22 1015
996740 36 7230
990263 81 7583
997171 13 6874
990665 1 723
992754 49 2137
996528 92 4449
998309 2 3960
992693 37 2684
999091 27 3416
996979 52 8140
991273 18 2393
991031 30 8870
995991 75 6349
992257 81 472
999158 98 6801
990074 61 9640
990324 29 7241
996178 72 1077
992364 9 6779
999053 43 1581
995765 15 3988
992905 74 9320
998580 79 1835
993602 58 1535
990666 58 9486
994681 89 7963
992278 18 2024
998513 35 7497
999085 18 3466
999823 98 401
992592 49 2780
990511 38 6645
991704 22 7867
991925 30 7499
999699 6 8916
998333 36 1793
991211 8 6942
992877 26 4214
990410 27 3613
993243 37 9386
991820 13 7278
998245 99 6147
993242 3 8705
992925 95 1981
990744 71 4605
999293 95 9447
999339 67 6895
995251 87 396
995780 91 5341
996788 32 2020
990790 35 8821
995035 51 622
994990 52 2141
990051 42 7035
991033 6 8976
994713 42 9481
994120 67 4454
998747 28 1768
996710 43 5656
998314 2 4171
994494 87 6377
992344 17 898
994373 91 8422
999680 1 7058
992871 30 1955
994884 61 8469
998960 5 6773
990318 63 1220
996707 52 4607
990966 18 8330
998548 39 2441
997763 51 1502
997781 8 5498
991830 90 8486
993465 35 3292
993347 56 1112
999716 6 2591
997280 1 4587
994647 1 9154
997761 64 7883
997198 81 5384
999011 40 840
994191 75 1326
994023 60 8859
997304 22 9198
990030 6 6085
993702 93 327
998020 83 2740
992430 93 2930
998187 69 4229
994294 52 7148
998730 95 6201
996243 41 3045
995746 11 3232
992112 6 4668
994913 76 8164
997120 44 2694
998644 92 6725
996057 39 8428
991997 25 3731
992817 91 3461
998639 77 2058
990060 75 5840
998721 1 3620
991671 4 9998
993623 7 3551
990353 5 7695
995847 32 8996
990792 95 322
998112 8 2397
994499 88 2093
994138 6 7372
999470 47 111
991044 48 7563
993216 39 921
998695 7 9544
997455 6 4083
994100 23 4453
991724 77 4394
991695 85 7509
997097 17 1917
993320 73 7689
995852 78 3409
994392 79 1529
992212 72 5468
997800 3 4789
991811 28 9165
991720 43 8235
998808 83 2589
996371 83 3786
996842 86 1170
992013 87 6150
997317 87 9827
995743 35 4854
996784 38 8053
995197 76 3951
998708 22 5393
990344 2 3070
992054 39 8744
993756 73 4054
997778 22 9741
995258 97 6792
997939 77 4487
996073 23 4620
998895 10 4867
992636 31 5917
990770 99 4139
993161 52 1077
992891 84 2740
991215 5 8492
991747 21 9037
995228 39 1855
998706 36 2911
996026 82 1975
991194 48 4729
997966 15 223
993740 98 1667
990161 77 3348
993321 97 3247
991735 61 1593
992472 15 4704
994513 37 2000
992408 53 2141
999526 90 5071
995402 98 5686
993764 13 2169
995360 60 5952
995030 13 3321
994051 82 7727
996215 69 2649
990392 78 5108
998010 7 1735
999348 54 8770
999946 18 8843
997177 4 9140
990501 62 5929
999884 90 8559
993076 23 2401
996729 13 8685
991845 75 1664
996552 52 9192
993167 24 2033
991052 96 7670
990891 5 6077
993987 65 1872
995245 89 5829
998713 79 545
997962 15 3220
997498 86 3115
994983 58 8569
996049 58 764
997007 76 4654
998584 65 9427
999621 8 4735
994237 54 8447
997554 53 997
996999 1 4946
990266 93 9022
991168 35 5381
999623 54 8399
991874 74 1380
992385 74 7014
994503 29 1006
995745 53 1198
996631 92 3586
995104 90 5761
991129 84 2925
997169 54 4874
998833 5 3435
997535 30 8311
995665 72 8681
997051 84 8660
990939 36 1858
997606 86 758
995438 89 7720
994172 66 1360
996985 83 9147
993924 61 2058
995912 38 6766
994139 57 6198
990186 37 3098
999220 71 7794
994721 98 7655
995605 29 5098
994661 27 1969
994670 24 1889
993414 89 2741
990398 65 8527
992793 44 7197
993213 6 3426
995778 30 6585
999810 64 2992
996007 45 6507
999670 97 5466
994231 43 5577
991631 49 4331
994890 55 4927
994234 22 115
992067 9 3063
995647 9 6895
999684 27 5825
992024 31 1674
998137 35 9614
992215 1 1711
995139 38 3341
997470 27 1359
999598 65 9048
996192 72 127
999540 83 3674
992107 6 4494
995409 86 5680
993305 22 463
994189 27 8633
992903 33 5950
999215 46 7717
996837 10 7739
993759 100 823
990131 96 524
995673 39 6027
996741 19 9747
996448 61 9672
991250 55 679
990177 38 7133
998446 62 402
996764 71 4340
991806 30 6058
993515 30 9540
991368 74 4168
997000 64 4849
997351 89 4865
996349 1 6235
994564 9 7310
995876 60 8798
991500 44 4487
991813 73 8262
991757 100 1827
993979 72 4418
994736 67 2642
990373 95 8429
996005 59 2076
992163 37 318
997395 70 408
991963 85 7709
996021 41 3238
994265 91 9513
993855 77 6623
995256 75 4751
990028 93 5560
993673 67 6657
998147 46 9657
990121 35 1969
998310 66 8022
996084 34 2063
997429 83 6579
991816 89 3977
995440 58 7758
996050 92 9538
998248 85 208
991243 97 6848
993810 89 6121
992581 21 3380
995901 23 8517
996127 65 3606
997584 42 2319
993484 57 8451
991019 19 4236
995829 37 4017
991994 56 1057
993831 77 9158
999813 64 6329
997375 57 9247
993800 51 9474
993730 57 5177
990173 3 981
999045 91 811
998367 66 6557
999450 36 972
996352 26 4293
991562 89 8116
997262 24 6634
992712 10 2266
996970 9 6348
999766 31 9015
992695 14 5062
998816 35 4683
991763 97 4967
992644 93 7941
991032 7 7569
992210 43 7290
993714 6 8949
998806 93 8659
999397 36 6677
994343 57 3466
998272 71 8641
991667 75 1802
997626 74 7424
993253 62 2924
995298 43 2021
990825 52 9574
995911 60 7645
997624 6 3218
999345 87 3792
994037 40 9018
990268 76 3148
994524 67 9257
991373 41 5343
997955 19 9262
995283 29 8362
998749 46 7982
999767 60 1229
995777 78 354
993398 38 4335
998551 42 7711
991564 87 1747
990590 61 4212
996052 59 3206
990130 69 4272
999733 54 9783
997903 85 2972
990491 6 933
994072 25 4187
998899 67 9264
991034 4 1328
999074 2 521
997272 29 4566
995819 92 9424
995868 25 4368
991974 48 1685
994228 76 3480
997002 7 9773
994444 53 8858
995776 60 2129
994649 9 8344
990048 87 1345
992850 92 810
998285 41 6687
992965 48 4171
994227 45 625
991146 61 4269
993551 54 5431
993921 6 7946
992681 10 2958
993360 15 8734
995604 9 2195
990963 47 5639
999230 13 6096
994955 56 1779
997444 56 1625
995441 87 13
999424 10 6454
990513 74 3037
994663 52 8394
996906 19 8716
997598 97 6453
999259 57 6661
990923 76 2886
994971 83 4655
996796 82 7786
993922 30 835
991435 58 7969
992657 62 4905
996217 80 5080
999204 63 5791
992184 53 5224
990257 70 1600
996078 41 2635
994193 14 9007
994527 48 5872
995114 74 9950
994621 18 1158
996087 80 4312
991729 37 2314
995235 42 3274
999501 36 7173
996834 86 9166
995985 11 258
996035 83 3256
997529 86 3138
993044 50 3686
997604 49 6050
994560 66 8671
998868 20 4323
991694 17 339
990933 23 3444
993672 9 6446
994426 20 3475
999073 94 3403
998922 96 3571
992540 8 9728
994954 19 4199
998217 11 4618
997682 66 42
999986 94 7156
997689 25 3839
991434 68 5884
997793 14 2250
990097 94 3361
991753 88 5778
996118 17 6412
995302 8 1040
993767 2 8054
992080 74 454
998850 89 1388
996008 19 6779
997285 64 9766
995113 88 7357
991840 77 6926
995881 96 194
990330 94 1768
991519 58 8116
998120 77 7399
993722 58 615
991495 34 8149
990215 14 426
999632 65 9874
994448 83 5538
990925 65 7960
997958 82 769
990549 84 9142
991765 31 2543
997558 4 287
993441 32 5507
995874 41 3134
990385 68 7310
992973 25 2018
994300 16 4248
997382 89 7028
993363 65 1980
995234 89 8026
997837 79 285
995317 54 6651
998202 90 9383
994875 23 9071
996876 40 5425
996973 30 3238
999454 10 784
996940 45 8500
995839 51 709
990024 36 1160
995286 4 3471
997300 13 7323
998160 5 2614
999015 31 6451
993154 75 5318
993148 12 2367
998979 59 6817
990076 20 2397
992446 12 7137
997070 41 7015
990125 16 3920
992206 80 5362
998581 18 7115
994249 8 4106
995853 82 7572
995757 30 3861
996289 100 6080
994985 65 7291
999209 31 1766
994639 84 8699
998976 20 6870
998773 34 1665
999977 96 7343
996679 95 9480
994096 88 1969
997246 58 2454
993447 35 7740
995617 72 5052
998530 67 4684
999940 45 6126
994135 41 1603
992124 30 3681
991407 38 5337
999784 88 4602
998261 48 8160
991903 75 8934
993311 13 4144
997486 23 6203
994737 80 6851
991344 25 1676
994187 91 4634
997421 64 3801
994176 12 737
990841 70 5650
990704 57 7904
995082 68 8101
992482 20 3933
994388 53 7754
998567 29 6084
993637 19 3050
991315 7 2105
992548 68 1281
997179 99 5906
995493 23 3863
999049 39 8128
995337 17 7592
997756 4 7644
997519 31 5076
994556 39 4414
993654 60 3285
999036 70 7443
990734 54 8703
998070 57 9493
998810 100 2847
998961 21 8836
993327 30 6750
999975 60 6130
997220 11 455
990274 10 7389
990603 23 9260
999464 94 5091
996094 20 8226
998588 38 2430
999141 49 278
991328 47 5983
996500 14 9687
993206 23 1772
992836 58 9490
993356 3 997
994048 59 7653
998175 63 2548
996074 69 3209
995046 11 8007
990823 91 50
999509 42 4708
998527 58 5083
996420 37 8764
991808 76 4569
991899 6 8921
995509 71 3073
996967 91 8144
991445 65 5795
998617 24 4824
997973 95 9003
992565 91 8294
992848 16 7415
997610 95 2901
993380 81 9345
999902 19 5783
996247 15 7706
993368 66 3412
997018 4 6760
994479 12 765
997244 65 2644
994919 100 8872
991750 61 3263
998898 59 441
994382 73 2701
999822 62 8244
991603 72 7295
999372 82 970
998683 65 6588
992489 21 7396
993692 83 847
994084 5 572
995429 22 3526
997884 43 4096
994019 49 1765
998789 44 5954
993735 98 81
992727 71 1463
991412 34 7869
992985 59 4111
995988 76 466
997427 30 9711
995528 84 332
997510 23 5670
999211 64 8182
996434 45 4849
997071 13 929
997072 70 1142
999560 14 9841
998174 80 4298
991928 95 792
998211 32 9430
994015 21 8854
994921 75 5958
999336 34 9438
997577 37 8890
998665 81 2884
995896 45 9877
991090 61 7716
995643 55 4203
996717 11 6848
999238 57 1373
997355 36 795
995325 37 3433
991478 41 8193
993050 7 1834
994898 12 974
999511 7 9589
995121 5 4591
996060 96 8476
999527 77 1138
991510 58 8102
996205 74 9660
993638 40 8579
999212 64 8376
999459 34 3650
994970 25 5101
998820 26 973
992434 3 7920
990010 93 5903
991859 30 5806
990092 33 9873
997402 34 5870
992455 7 1671
992398 13 1772
999236 32 6796
997205 51 9934
992859 49 1849
997960 68 1420
994957 7 226
998424 16 5624
991957 36 1478
998878 26 7044
998228 90 2936
992799 63 1839
994606 57 2760
990229 77 4561
993806 9 6196
997448 39 2319
996083 77 665
998492 3 6908
996356 52 4096
991646 90 629
992604 94 9835
999050 23 7382
998849 74 3710
999622 100 8760
992145 15 5882
999811 80 1232
993751 32 8359
994707 61 7565
992929 30 8798
993966 45 1411
998235 79 828
991934 60 2651
998900 76 9441
994865 30 3844
997264 89 5680
991472 61 7036
998408 74 6343
991873 78 3198
994683 9 7375
990061 14 8377
994212 25 8897
994364 88 6557
998280 12 3906
999976 27 9236
999593 72 4745
993524 100 4773
997737 75 7988
996199 38 6279
992334 38 5828
998892 55 8038
990824 7 795
994242 24 5408
993640 14 6828
997301 67 4548
996520 78 8344
990708 86 3412
992006 42 9869
994553 16 402
997229 87 9688
999844 39 3289
998122 19 7818
994012 73 3686
993241 75 3209
990855 97 2984
990854 39 8303
991144 31 5320
999548 37 2387
997263 79 2158
997276 78 6311
995116 59 3723
998568 50 1668
997566 9 6581
991819 10 5757
990560 7 980
991152 93 3674
998481 15 7359
999841 21 8732
991304 19 6988
998472 13 5378
995349 32 3634
997865 47 8300
997428 26 194
998605 45 4916
999412 94 4672
990471 73 7674
994362 46 431
991327 66 6441
995976 73 1388
993317 73 7046
997875 39 9064
994306 26 4442
999899 69 7834
994516 28 5446
997479 16 9503
991598 51 9080
999245 29 2210
992298 11 9086
996001 57 427
996123 57 7102
993034 73 6300
996968 70 6374
995518 70 910
993645 32 184
997931 39 6713
991274 91 980
995654 45 2193
995451 65 901
990133 92 4948
999435 85 1
995482 99 1194
995799 75 1534
999029 33 7479
998804 67 4553
996254 72 6206
992478 32 4957
999726 6 3420
999423 68 1418
993554 23 5069
994778 55 4253
998487 43 6181
990723 50 3899
990363 31 5111
999568 31 3198
995576 71 2248
995840 26 8907
992128 70 182
993022 94 8078
999193 32 3643
990598 31 8243
999468 46 708
997281 57 3131
996627 86 6584
991596 38 5160
997026 82 6135
997081 47 6677
995962 79 82
992466 17 3600
999870 81 2209
997983 73 2104
993925 40 1777
998964 1 9860
998994 89 1853
995181 50 8663
993359 20 205
996724 28 2091
996603 100 6861
998913 5 6955
990116 17 6882
994722 63 7615
994124 66 9961
995044 80 4042
990619 93 6970
996961 79 4712
996194 89 5172
996048 78 4804
999004 1 6430
999096 78 3902
992567 73 6140
997383 45 3563
992788 85 7568
997794 88 7597
996453 43 1067
994413 95 1950
993297 50 3647
991898 91 2269
999484 1 3851
999253 23 8224
990786 39 4686
999377 87 9128
990275 36 3798
995303 68 2813
993833 25 4102
990778 21 994
993808 20 5681
997533 82 3346
995007 17 1538
991167 61 8303
997919 54 8221
996826 64 149
996927 61 3229
996023 26 3570
990085 12 3067
996421 96 7895
997981 84 9555
994482 36 2294
991397 51 963
996499 97 3376
997852 64 512
998941 43 7684
995761 64 4173
995639 94 3052
994852 83 7371
998119 14 9334
990846 92 6855
997106 3 440
994282 97 4681
991969 13 5111
999288 32 1525
999127 49 3864
995200 76 5953
998610 65 5149
999207 55 2889
999966 76 9382
990716 2 1320
991257 14 5030
990631 79 8132
999628 91 9805
995021 8 8767
992075 74 8012
996316 79 7869
997180 75 1123
999983 67 7802
990614 78 2538
997148 10 9586
998803 1 4890
995968 6 2373
995608 50 6078
999353 87 6107
995523 48 8235
998699 83 3356
994391 80 2987
996756 97 6101
995469 63 934
996798 2 4810
999796 84 8647
994492 72 294
998425 85 9605
998357 85 7377
994774 35 7926
990942 11 5671
991469 51 4660
990435 75 5298
995420 84 3827
995983 32 5200
990401 78 2658
995959 60 2894
993762 55 3778
994449 17 7807
997826 27 8015
998545 58 4004
994407 4 8456
991854 80 5134
991355 44 8490
990637 3 7716
990434 3 4125
994368 10 624
990604 45 4103
993663 47 9506
999025 70 2981
990282 16 9105
990390 32 1338
997040 36 735
992578 76 602
996858 18 634
993550 91 59
998564 71 5018
999513 51 4378
991443 74 2881
991252 54 6866
993007 32 8535
993153 64 3558
997288 69 7781
993377 37 5866
998947 68 9238
994974 52 4382
996013 68 9324
995233 97 9227
999177 7 3360
994379 94 9908
999168 52 9345
999203 89 3655
991881 41 1162
997092 29 9950
993063 90 2941
996908 25 5925
995801 64 3604
990608 82 5385
998857 67 7010
997863 78 8777
995489 29 175
994225 6 1253
999652 81 433
992188 12 1800
992150 41 8314
997639 17 1168
993804 87 10000
991604 10 9176
995012 29 2307
998984 51 3053
998807 22 6587
996829 20 6834
996660 16 5606
997873 71 3056
992912 73 6984
998520 28 7006
993281 83 3309
995987 43 1059
998690 26 2880
994690 91 9240
993996 65 8
990193 70 9199
997086 5 2298
991348 38 4515
998945 91 4100
995711 87 775
998521 84 7142
993189 96 6646
992147 44 3154
991272 60 70
994671 82 5248
997113 33 9848
992894 54 5550
992234 15 1696
990943 26 2256
994190 3 1767
995384 90 8
995099 46 9493
999414 15 2401
999624 61 1267
990527 7 9160
997688 78 3612
993095 52 1768
992821 36 3227
993992 84 9450
999739 95 5435
991682 7 2618
997349 78 8342
993828 30 1429
994829 11 9857
991087 1 6404
993770 10 563
995134 7 6722
993031 4 175
996557 81 57
998596 83 3413
995164 7 212
998938 64 4815
996605 9 3391
990182 39 8901
990358 79 7637
999935 53 7886
994619 34 9092
993794 88 8366
998800 17 5599
999087 54 5478
996388 69 3916
992499 87 8865
992284 5 204
996859 72 4651
990813 90 727
996987 10 7972
999914 96 3380
993412 96 6154
998356 69 4315
991778 79 1278
995592 100 3321
996096 89 8989
993355 26 7238
993919 38 2832
993384 12 2155
997335 86 5413
993246 22 3663
996398 96 3654
998035 24 4647
993099 57 7469
993842 60 1802
991494 4 3212
996509 81 8920
991296 40 88
992440 68 4478
995054 97 587
995443 59 9202
996910 43 2033
993862 46 1201
999854 73 8356
993905 11 8330
997637 24 2569
992716 88 8585
995904 23 2850
990880 13 5859
997833 80 8425
994478 25 2314
996654 77 9291
991714 1 4224
996355 86 7640
991542 39 589
991623 49 4863
994669 20 87
996869 50 1565
998076 39 8684
996277 17 1344
997666 11 3288
998028 74 4741
999110 32 5945
999542 53 9988
990814 21 8254
999524 45 8435
990944 73 4486
990334 81 8127
999272 82 1362
991277 90 6078
996617 17 1926
993421 26 7264
992108 43 3825
995862 64 4188
990988 55 4660
990544 87 6825
995179 93 5517
998292 82 7390
997906 82 9042
993611 67 4213
993947 85 8034
996887 56 666
990356 19 4560
998438 7 2897
995656 99 2534
993807 29 449
995910 26 5535
993510 94 7038
997155 53 5571
991948 96 1647
999321 34 9472
998655 11 4644
999613 27 566
992728 40 9526
995897 98 4383
990413 25 2488
993296 5 2014
998791 23 3754
995818 42 6124
992438 23 177
999362 34 690
998004 35 2704
998450 72 5157
992781 54 5971
993575 50 574
997466 14 9221
992623 14 3910
998089 87 4175
995635 57 3596
995712 73 6269
990378 9 873
997932 82 5177
999528 99 8489
993440 92 5373
990424 63 7802
991117 56 838
990667 79 2756
994977 65 3273
996609 88 6095
998080 32 3688
999630 53 3505
991878 8 1729
996703 67 7561
991708 31 5282
996641 63 6098
996871 2 4179
993064 13 6209
996579 8 3691
990959 67 5802
998963 85 4317
997664 93 2864
993565 56 2389
996996 19 3401
992156 23 2967
990068 29 9706
996849 25 5250
997388 13 2336
995260 62 6718
991367 36 1222
995583 99 8302
990415 27 3353
993456 65 7073
995932 9 6174
996548 28 7415
998793 85 9310
997657 16 4182
992380 81 430
996460 38 3642
999258 83 6101
997274 98 984
994393 22 2727
996203 2 9671
997703 60 9569
999069 10 1895
997422 13 6014
992975 83 6339
997995 23 1125
990703 21 6055
1000000 2 3857
990676 17 8662
995174 100 4407
998740 98 821
990341 62 781
999138 96 3311
998416 71 7773
993798 29 6123
994399 13 5952
990080 43 3829
993742 22 5864
994085 39 613
998163 47 5860
997725 92 9637
999438 8 350
992719 98 5817
999599 22 8673
996329 24 1141
990499 5 6780
997038 31 7709
996502 69 2118
991024 94 5265
992518 60 2723
995272 10 3480
996368 60 9543
995161 93 9075
994804 86 1536
996342 69 9704
997143 93 3004
997235 23 1109
993231 26 6382
995865 87 3594
993845 35 7388
996957 58 8150
996865 87 9604
996748 18 4341
997816 55 838
998449 60 1482
997194 86 6739
999058 70 4985
995855 46 8526
999018 67 9809
997629 11 2094
996320 28 7200
990529 26 6967
993485 7 6898
999519 34 9004
995457 94 4473
991590 28 6724
991516 24 810
992571 75 3928
994818 84 6833
997230 66 702
994318 72 1318
990895 17 7772
995963 75 2505
999878 56 5480
999706 68 8226
991541 39 2903
998704 81 8468
992423 27 6338
990054 60 1404
991464 18 5449
997672 85 2453
999179 67 1036
996164 34 5929
990975 28 9050
999751 32 5412
998514 20 813
993652 97 7778
992363 36 374
995933 20 2341
999319 18 2821
998885 25 6478
991717 83 5787
992094 45 849
997613 69 5036
998029 74 4721
999998 18 4301
992789 78 9660
998180 14 7535
991556 74 5989
993372 68 2577
994777 14 3261
995173 49 2383
996396 96 9
995808 70 6020
993302 3 6229
991668 54 5155
997608 48 1713
996639 46 2705
996580 6 9381
991225 23 7333
992012 88 9659
996124 22 7510
995582 13 9621
993902 58 7631
993205 73 5407
995367 49 3619
990209 26 3651
997277 39 8893
997111 14 1647
995382 7 3840
991091 49 9021
991823 31 7995
997463 94 6195
999281 65 259
995028 98 3600
998754 37 9179
998890 39 3028
999723 4 890
993500 32 4698
991229 84 4852
994520 6 4202
991261 69 5191
995020 36 6622
996407 54 128
995525 1 2684
999775 13 9422
991191 8 2529
991420 98 776
993945 28 5510
999714 15 2570
991552 12 3812
992672 89 728
999113 48 5590
999197 82 2595
998351 31 4122
997208 7 8557
999994 97 4578
991433 73 5879
996581 64 9265
999338 87 8334
991520 64 8085
994665 1 8950
995696 54 6383
994879 16 3200
998626 87 9259
994835 14 9850
992487 59 5263
993648 46 1409
998115 10 8693
992049 85 3067
990807 81 4470
992452 79 8498
993544 72 5698
990191 71 93
990740 18 661
992280 8 4342
999504 3 7501
990873 64 18
999233 28 3357
994219 52 7009
994589 41 1217
994376 4 1986
994093 77 668
993405 56 9513
993691 73 1633
999928 67 7864
995449 33 8403
997834 59 9534
992490 35 6324
991038 41 7699
990909 7 8648
994316 36 9843
995247 4 3312
993382 83 3788
998538 15 957
993789 47 363
999808 46 7990
996271 96 5415
996494 59 3341
994299 80 956
992005 68 3039
997527 10 1822
999365 1 9946
998181 25 3650
992293 28 3006
994501 74 7579
999277 81 9973
992810 27 8720
998896 30 5069
995725 23 8416
993093 82 1781
991102 38 105
999619 97 5215
993760 62 6268
995856 54 4512
990767 50 5462
999554 13 7
997771 65 2906
992460 61 6056
999915 1 7514
994700 9 1653
997484 67 4847
996919 67 3100
992680 39 4664
995619 45 5256
994535 14 9588
991615 60 884
990553 52 7274
994158 16 9191
996896 16 7725
993534 68 9995
992044 33 2380
996222 42 4135
994283 34 3532
997068 17 2981
990408 65 8318
992526 34 3359
990706 59 7725
996024 40 811
997984 86 1277
993260 93 8037
996275 23 6910
991065 21 7460
998266 98 6562
998084 78 634
996778 92 4021
999151 66 2064
990625 24 8983
998018 13 8119
993107 51 9699
998591 18 9786
992226 75 6437
998176 60 4809
990628 10 9426
991906 93 7568
990896 37 295
992772 21 6601
995943 66 639
994077 35 5360
994165 13 8597
990258 60 9554
997777 41 5551
991832 47 4778
997293 76 4573
992803 56 7680
990717 93 9754
996214 13 5942
995167 96 2202
997411 51 8433
999529 37 3898
994137 40 8731
998955 67 1675
999727 16 9762
996299 89 3562
993676 73 2721
996168 89 3325
997101 7 1451
990594 51 496
993838 80 381
999665 1 7323
991365 92 5336
990817 29 7744
999436 53 6353
991499 53 9054
991404 11 6256
990246 70 3295
991282 47 7304
997282 41 7269
994389 53 1179
997809 86 3688
996402 45 1030
990508 56 1456
999829 83 4894
992443 29 1634
992870 50 2083
993677 4 5324
992248 17 626
990311 22 7818
993108 95 7922
990842 8 6606
996311 57 4090
993595 20 5299
994136 93 1139
993019 66 6578
999213 86 588
993328 8 3680
992400 100 7422
995281 16 5352
995624 13 972
996758 12 6840
994849 18 4395
999119 87 8610
998269 92 8623
998215 5 9276
999196 93 2447
998210 47 8509
998220 76 2542
993655 45 2452
992829 85 3601
990999 69 6923
999033 99 5124
992948 69 2998
991887 28 8479
993985 64 451
998410 88 3946
992021 79 6186
995112 93 8636
996766 41 7915
993761 8 1126
998283 17 9166
991105 27 9230
994828 90 3307
990965 83 3571
998281 34 2651
993566 100 886
998396 7 8005
996262 64 9393
999780 97 1938
998779 90 4777
991624 11 2317
995084 84 9320
997828 60 6561
995560 63 136
991023 58 6930
998389 99 3289
992161 14 349
998851 7 7545
990962 96 5173
992155 71 5856
998942 4 4273
995248 17 6183
992471 2 4183
993313 56 4045
993900 7 101
993729 47 5111
994591 81 8050
990607 4 837
995087 80 1973
998894 39 2567
993630 19 1951
994328 15 8622
996450 2 3788
994614 19 4137
998320 2 1110
991374 50 9447
996106 86 8783
990219 23 5703
998928 71 4755
993783 78 147
999925 11 1893
996112 32 41
994216 52 8122
999679 25 866
996108 100 4856
995063 3 6284
996651 27 6316
991200 73 8694
990520 79 5296
991004 65 975
997248 40 9772
993006 1 6449
993983 38 844
995435 73 3498
999222 69 6928
996003 86 1487
990737 26 6172
996959 16 1675
993201 99 986
993587 23 5333
992967 71 2757
997831 41 1737
990172 87 5488
994266 52 5705
995942 33 3562
991172 40 8974
991526 58 5037
996324 20 5677
994588 66 3021
998590 62 3041
992823 63 1605
999169 32 7071
991114 76 6467
997454 11 2138
992222 18 7369
993579 86 3026
995939 6 9554
996583 24 1187
997611 58 6461
994956 76 4715
992688 18 6939
994995 6 7624
992822 43 333
990137 16 8693
993601 15 3992
991776 62 2134
994658 30 1188
990461 21 432
998587 44 9384
990164 51 9646
991860 8 4741
994178 51 7361
990638 79 3994
993508 3 5464
993749 93 8860
996646 62 7699
999081 49 6659
991850 82 4442
990473 48 4223
991383 91 547
998574 95 4556
998233 81 3939
999456 74 1915
997582 37 3035
991126 95 3642
991170 27 8836
995313 75 3964
993874 26 4570
993696 18 5566
994740 21 6682
993487 89 8172
998230 89 5721
994908 84 428
993540 24 8231
993488 97 5662
998014 55 3410
996866 50 5003
992272 26 9109
999000 72 9833
994993 71 2734
997049 33 86
999114 53 3103
998306 12 6443
999610 58 7320
998274 51 4653
992495 11 8478
998048 72 8360
999062 47 7101
994311 97 5888
999437 85 5019
995295 3 2304
994523 4 5932
997651 56 4170
995714 82 4275
999421 39 7632
996685 25 3782
995764 53 4554
991113 46 1971
998561 10 1477
992915 86 7879
998155 16 1500
994744 25 5934
996297 96 774
992457 59 4315
993449 40 7865
990079 87 51
996099 59 9875
990979 32 9949
995273 53 4558
990402 93 6823
991147 67 2383
995155 47 6587
991824 9 4609
998239 44 9771
997877 79 4629
993193 87 7664
999316 89 7696
993981 87 7166
992951 17 5782
995299 10 4414
999063 29 75
999347 89 9295
993795 39 7890
991474 71 9903
998370 44 8285
990245 12 4814
990354 12 2656
994104 48 8060
996148 14 2781
994149 30 1951
991270 13 2326
992001 82 9724
990935 20 975
990890 91 5905
995522 42 2896
992003 41 5663
991125 25 4468
991558 43 6009
991787 65 2237
999592 21 3191
991432 28 8978
994086 42 8999
998296 81 880
990454 17 5934
996942 59 7709
991058 42 9860
994885 93 9351
998305 52 4682
999382 64 4349
998401 47 8961
996995 11 7443
996540 29 9555
997596 54 8554
996435 14 6535
991880 41 1582
997430 98 6227
996226 5 6442
994355 5 8045
998442 30 6148
998426 70 3858
997857 28 507
995115 67 23
992279 31 2871
999821 46 9649
995843 12 1451
995138 62 4305
990765 99 2847
990386 19 4478
998716 35 7021
995427 4 4867
992733 41 9477
996781 86 2965
991093 91 800
994510 73 8913
995033 15 9119
991942 30 4345
990151 71 9456
996854 29 1820
993928 15 1514
998736 82 1351
992116 93 7029
997242 24 8644
990256 39 1985
999392 94 3140
996941 76 7562
995590 95 1190
993580 59 8798
999276 66 9547
996989 2 8362
994428 13 7108
993037 49 4543
992350 2 2552
993028 70 9675
991337 98 7533
991394 7 793
998792 39 2777
990276 66 2412
998904 48 8352
991040 90 4240
995766 97 2697
990278 88 2582
992746 1 3392
997933 36 3730
992083 97 2191
997661 55 1177
993731 89 9630
996712 80 894
995827 87 6760
992122 66 7133
995606 93 8799
995944 11 4892
999904 75 1418
995571 96 3323
996054 63 5745
998563 17 6114
990542 63 7520
994907 82 9019
992876 57 749
992169 72 7133
995870 18 8747
996978 10 2880
996542 29 6084
990945 79 5036
996252 79 8124
994742 57 2252
992945 46 5863
996882 23 9970
993366 59 7251
993023 83 5694
995169 11 7488
992056 23 7847
993427 65 369
996760 89 715
990243 84 2752
999711 14 8698
995913 63 2298
995721 65 645
990692 5 7902
992551 95 4809
998775 51 11
995923 85 4461
996201 21 1728
992273 76 9831
991640 58 8753
997342 5 8076
995195 11 2700
996240 11 3075
999373 35 1075
996852 74 8378
991576 93 9835
995797 34 7298
990768 12 3957
995363 60 7264
993051 59 5443
995565 42 2434
993288 74 9551
999564 2 3696
997469 98 1505
991166 83 3114
992261 74 7699
994397 57 4935
998242 35 6078
998653 54 642
998009 80 712
998141 81 9348
992656 61 5855
996456 78 2386
991210 77 961
996521 21 9614
990236 52 6842
994029 85 5824
996549 66 8882
991654 45 9445
992927 26 1988
991332 25 9403
994464 57 3959
994948 82 1668
999629 19 825
996937 31 2141
992711 73 8558
995832 29 6755
993787 63 6682
998451 80 8673
992402 47 6726
993796 97 2764
999951 45 7651
993651 97 7641
993335 43 5688
999736 1 1210
999707 27 933
997697 23 4679
996759 65 8399
993036 72 5771
990526 9 4264
993866 31 5247
997614 53 54
993891 50 3925
993856 74 8287
995223 30 1480
998848 29 8793
995266 64 9470
992077 14 9430
998911 78 1217
991962 7 3458
990342 17 6286
998940 87 390
994853 90 8701
997531 90 8606
996058 88 2798
993745 35 7513
994874 39 8425
991758 3 5145
999268 91 9846
993045 63 7909
990203 86 8324
996730 47 3248
998995 25 5052
993188 29 6289
997980 20 4262
999989 52 4298
992779 84 7892
993417 14 3679
994648 73 8170
996423 39 9560
998533 4 756
996518 85 7840
990878 80 5907
996870 95 7711
993261 2 1537
999057 11 5147
992648 4 5299
995670 13 1660
997206 84 7072
991255 31 2737
994067 66 8577
992630 62 2124
997747 18 120
998607 86 7654
997460 62 9101
998990 93 3675
996816 41 9128
998397 79 9969
997821 61 3619
995089 9 5188
999447 33 2089
995284 34 5860
999467 34 3063
992322 31 1255
995328 56 3555
994872 8 194
991262 69 2194
993555 76 347
995057 87 9051
995992 43 9200
993894 39 113
991335 44 6149
999744 73 1306
991945 48 6980
994018 84 6741
991771 2 484
992373 50 2120
994773 41 2239
991030 26 829
990006 11 8309
992607 68 5443
997339 91 2417
993374 38 3794
991489 22 3261
994857 26 7399
998444 47 7439
994710 64 8881
997732 99 1911
998768 56 8846
991793 64 1619
997749 59 758
997714 51 3232
993758 97 8645
995596 57 6135
999154 87 4003
995132 37 2125
991056 47 8917
997073 28 7354
996274 1 5494
998534 49 144
993392 50 8249
990403 1 2826
991346 13 8987
990936 15 4467
997823 94 6644
993020 44 7446
995880 37 2638
996642 20 6103
990335 50 1219
994789 10 9353
996165 22 8166
992498 54 6153
994214 16 540
994305 55 9679
999395 62 4681
990753 16 2427
998100 74 1434
997083 90 7151
991582 97 303
993016 35 1254
992887 55 219
996141 29 1012
996213 14 9142
994044 68 4744
997891 15 1765
994577 71 9191
992816 56 3514
990153 33 4113
994521 26 8050
993697 34 635
991267 66 4410
997759 51 467
992232 55 753
993114 68 7374
993202 12 9929
992717 97 1764
992901 8 6441
991511 94 9240
992814 27 5109
998863 24 6668
993567 82 8913
995752 57 4871
997832 57 3168
994918 33 9005
999757 48 8188
991425 53 4107
996470 25 2369
998034 61 575
993681 98 7417
990572 89 2845
993468 26 4835
992503 66 196
998614 4 4491
996492 97 1808
993547 58 3227
994847 21 4702
998159 27 7787
998430 61 8499
993467 64 2304
995574 10 9752
997742 20 9786
991575 23 279
998748 76 9586
993125 59 1662
995170 41 5507
992151 57 7345
994323 30 6648
996615 27 6140
997738 45 3831
998055 57 3382
999478 54 316
996661 77 5112
998831 28 7907
995750 76 403
999491 33 8539
993612 81 8300
995111 52 2997
993123 37 8243
994422 40 2895
995795 1 4095
992935 88 9842
992319 83 6747
991531 81 296
999485 16 5957
995154 96 8733
991281 2 1500
991076 32 5260
991109 11 3815
992596 20 3580
999547 56 8038
992815 30 1287
990351 41 4101
996656 69 6555
997707 48 1265
991637 82 9323
998920 80 8017
992970 100 6294
998259 22 8151
990689 88 7109
991463 63 2251
990958 32 4026
990571 37 4932
995423 59 5343
992352 99 4940
993026 10 3677
998191 82 9759
990253 91 8390
998106 77 2813
993950 30 2786
996998 81 6031
995774 83 5761
994617 29 7966
993442 58 1716
991877 21 4188
998783 25 6135
991983 84 4431
993610 5 6716
995401 49 6062
996958 42 1621
990029 49 9484
999995 15 4031
990609 36 1731
991136 14 3231
995969 50 4446
993647 62 2957
991568 80 9054
995771 90 1463
997755 56 8675
996682 54 5016
997109 6 1067
993876 53 2787
990972 48 3463
990647 62 4149
993083 69 8670
990926 19 6250
990156 76 2464
995664 3 4820
994846 85 1591
992879 98 3831
999265 43 4530
999579 19 3425
997457 8 2342
999405 33 159
998718 49 1125
990562 19 8009
996765 46 8644
993436 12 8239
992556 95 2748
991884 1 4199
996531 62 3813
993466 7 6209
995713 75 4966
994504 36 7028
991609 31 2863
995649 77 7769
996047 84 7540
993530 34 4712
994881 40 3213
996012 39 9749
993571 15 9917
999116 18 6869
996263 57 7208
997309 13 562
991858 53 4772
999991 50 2440
992868 29 8538
999664 94 3827
996162 88 8411
992638 62 5949
991488 35 106
994230 44 7636
998448 60 8258
995625 72 6182
993970 42 7650
996612 19 5771
994126 58 13
990388 40 335
995550 10 6652
996401 73 2653
995940 58 5319
991238 39 7873
998203 6 2976
994253 23 3185
991131 37 9450
997241 2 3467
992475 68 8909
990672 94 6779
998539 62 4257
998468 36 7771
993166 84 3753
993649 69 8388
990552 100 4559
999125 15 1205
997523 70 6420
998471 97 2338
991247 83 9617
990017 31 4435
995253 5 5588
998355 13 9343
999932 39 8603
991828 10 3935
992741 26 8889
992964 31 6800
990506 92 437
999065 48 2999
998766 79 1137
997353 41 1323
999740 37 2058
992765 94 6697
996544 28 7118
992365 51 258
990150 87 9309
990889 62 7430
994039 10 5442
997521 43 9335
992275 75 1817
999855 98 2077
994055 44 7668
992180 55 8215
990728 98 859
997880 9 2047
992811 16 1741
995265 74 70
996113 67 1655
991756 24 6697
999520 15 8016
993244 8 7128
996883 13 2020
993024 67 6955
997150 76 6711
998483 78 1419
999618 21 1877
992235 2 8495
991393 40 3076
990844 45 4915
999404 40 8818
991205 100 3042
991180 25 7414
992258 44 5094
991632 84 7338
999173 48 4902
995961 37 1227
990259 88 6285
990077 74 3954
995333 6 4174
992943 79 1905
999637 30 4014
994605 66 9957
994508 65 2613
995931 1 61
996056 77 9133
992654 71 6542
993744 14 2751
993975 26 7539
995219 4 4747
993883 41 8862
997445 16 4968
990651 73 5865
999778 6 8063
998027 81 6384
990670 67 4628
996992 46 7644
995051 19 9192
997822 35 6142
998738 68 9162
998769 88 6462
993361 65 6652
991709 32 9883
990326 72 6914
998278 43 854
998796 51 985
997181 63 3312
995640 86 4825
990850 99 1740
995846 52 6888
994986 36 7887
994159 22 5303
994941 75 1637
999745 75 1818
993373 44 6692
994380 50 1091
992011 4 3612
992529 51 7684
999734 5 8013
990293 49 474
999440 68 5084
997663 79 6132
995080 63 6789
999480 55 5169
994295 33 6554
997374 77 1150
993439 62 7929
994110 55 7916
997687 7 6608
994435 44 8848
993719 72 7637
990905 92 3981
992904 79 4504
995474 33 8546
990281 87 2857
997872 34 5204
997474 91 2179
993603 58 3919
997363 69 2225
993304 41 1358
998619 57 9264
990741 2 3936
991454 31 8384
990141 68 3118
994092 100 40
996486 29 3944
998110 52 8104
995091 71 3393
994616 54 1823
992377 44 4260
997407 83 6910
992225 97 2968
991402 15 8142
993370 73 5759
995137 28 6230
993627 25 492
994275 43 242
996051 85 3931
995262 93 2767
998608 3 7450
995076 59 6667
999950 9 4136
996665 62 8920
993708 22 2760
990505 42 2487
998169 100 6646
990908 47 9217
999457 47 8143
992640 21 3885
998745 21 7459
997668 4 8209
993141 60 9815
999973 19 297
999226 1 6132
994566 26 1118
990448 98 3843
996512 67 5233
999578 17 9876
997372 18 9854
996238 58 2176
992618 33 4107
995869 43 586
998549 71 6070
990371 44 30
994087 8 798
998475 48 2399
996742 33 598
990997 77 1393
991914 82 4963
992171 60 5082
997673 32 5113
998760 47 9888
998774 88 485
994962 34 7051
990152 64 5627
991207 89 6391
994746 21 9994
996900 83 7276
991231 89 2120
996808 63 9955
999871 67 512
991450 3 8374
993998 41 8908
991970 100 8911
992633 11 5444
996469 68 3617
997384 26 9170
999934 83 1043
993939 63 8610
995149 38 4100
996308 61 7847
990359 37 2287
995927 94 1126
992437 42 1303
996767 35 4015
997319 35 319
991602 66 3348
993047 72 2219
995122 96 9802
992313 37 7747
999698 63 2213
999180 10 5785
997728 72 2289
990178 91 8673
993850 97 3191
992546 60 9404
998546 38 3190
993564 78 2544
993238 66 3477
990729 93 4580
994751 48 6583
999327 28 8668
998167 53 3527
995779 44 4929
993497 62 154
992605 98 7218
999370 69 7868
995682 56 6531
992697 75 1698
995018 5 4697
998193 4 560
994905 3 8446
998132 93 1649
994188 9 7177
995704 19 8961
996376 7 1460
998290 77 4773
999159 12 4281
992543 74 9085
994267 89 1140
996969 3 2232
995858 16 9915
995864 39 8986
994097 49 4495
994840 30 3405
992597 92 2478
997437 8 6192
992102 52 4739
990252 29 5997
997827 60 5068
999748 69 3680
997957 52 143
998778 62 663
994563 74 9829
994887 37 8302
997576 50 9817
990852 17 8668
993872 41 4365
996198 23 5873
995579 98 4429
997067 38 2335
992181 79 815
993089 48 620
991220 72 9345
997817 15 9631
996739 60 8928
996304 92 4082
993941 36 3020
990120 80 6711
993129 24 4028
994685 66 1601
992827 3 371
996725 54 727
995359 70 674
994766 25 9569
997057 49 3997
998818 15 6355
999662 10 5420
999403 75 6523
991581 97 1009
999537 50 5064
994982 98 9143
991544 94 7924
992028 55 9758
995538 15 6712
999358 75 3893
999835 98 4881
995330 100 8991
995460 72 2811
991973 76 5680
997345 31 9912
994488 17 6395
994038 91 5317
996307 30 2635
994103 18 9021
993644 10 3000
999416 99 6402
992387 78 5717
992414 13 663
995240 4 7176
996323 68 866
992242 51 3221
993290 18 5510
999442 86 896
995014 60 6751
996593 1 4460
999702 100 5689
992677 68 4741
990750 31 9419
996789 72 8216
998189 66 6591
990669 59 8584
999741 26 8114
998125 84 470
999858 64 5523
997337 18 1453
997131 56 3760
991529 58 6363
999171 47 423
994548 57 9294
992219 88 2646
990953 22 7052
991352 17 1167
999774 49 7625
999039 75 523
995815 6 7132
997683 81 4585
996936 68 43
995081 45 8623
999433 84 5480
995575 43 7857
990187 100 9386
998418 70 8685
993479 92 8794
991584 71 2319
999719 7 76
997774 67 8916
998364 29 8842
990211 7 3851
996645 30 2511
998040 75 7234
990515 93 2986
994195 79 2384
997494 55 4440
993371 24 8055
991209 81 5809
994870 62 628
992762 13 7854
998510 50 2517
999559 57 9628
995863 9 9873
990242 47 5712
992539 67 9857
994725 96 1933
993993 66 9089
990405 4 4126
997968 58 5577
990955 3 7132
994961 59 68
992833 44 3276
998056 71 7452
992707 54 1407
997913 11 4803
995873 79 4395
998558 27 9600
996359 68 9210
991888 60 3986
991071 3 2196
995668 29 2221
993227 6 6532
993249 55 6425
995361 79 6727
999426 53 9977
996253 47 5623
992281 29 4162
995559 80 965
998192 18 1939
995462 41 3595
997201 80 9217
992723 22 3806
995906 50 6991
997544 30 9245
998350 72 8368
996335 89 9202
992332 40 9253
993455 83 5320
994374 71 8113
992218 77 7155
996229 62 8462
996020 39 8051
992667 10 2315
994719 82 6245
996930 69 5553
998128 6 5482
993499 31 9077
996101 23 8164
990622 28 4027
992251 78 6917
996513 4 1906
990949 86 4236
998729 29 2393
997752 99 197
996483 40 8770
991263 93 2745
992782 21 2620
990067 53 5768
994596 58 18
992420 71 4231
996296 4 4129
995800 13 421
992276 60 6093
991258 96 111
997385 84 5678
995929 65 6473
990784 59 7323
999086 34 4521
991872 48 6478
996218 43 5859
998097 38 8767
990247 93 8935
999335 14 2286
997419 97 1001
999126 44 5883
997631 36 1509
992035 44 2842
990606 10 654
998400 39 6483
998948 40 9713
998700 52 2970
994022 36 4042
994717 73 9111
997303 35 7856
990309 87 4838
991119 55 7936
994161 94 7199
995088 94 5357
992074 84 5309
998170 75 3591
990198 40 5335
999634 27 3518
995950 65 1242
996793 17 6938
995275 57 4898
993961 37 5249
999897 79 2745
999570 16 3459
998817 52 657
997234 81 1238
994902 34 7795
997480 56 6006
992306 14 1318
999948 37 7029
997283 18 5204
999108 41 744
993376 44 4582
991406 25 3223
995569 39 1159
990805 39 7676
993812 77 1620
997500 57 5034
997701 55 5043
999790 41 7759
998077 75 6085
998861 40 4108
995784 66 1561
993844 34 3846
996637 11 235
999642 62 6578
991916 61 4771
996792 98 6245
993791 94 238
998321 16 95
994897 89 3845
995503 68 8830
995837 11 7104
998206 58 3388
990528 95 9901
994363 1 5336
996624 27 468
996461 34 8015
992089 42 1046
994326 85 1688
998482 96 4098
993228 1 9218
993233 2 8146
998023 74 7225
997213 58 4424
992649 94 1876
996997 66 1002
993660 29 4573
995357 18 4457
997130 23 2381
999315 53 4972
992752 79 2644
994533 68 5929
996747 13 7233
992386 30 9885
998829 21 7615
991601 95 9346
993258 36 6658
996652 21 3855
993219 35 2964
994313 36 2560
995610 70 8655
991749 73 8388
994233 62 9765
997211 83 4613
993535 79 8660
997643 25 1985
994056 8 2474
994361 34 3221
992016 23 7043
991670 53 5644
995666 97 1123
996508 76 8088
999132 9 8237
996374 29 1398
998373 24 7962
992523 84 1721
996746 94 2730
998380 25 1336
994460 51 548
990375 77 1306
995238 84 5664
991440 77 1942
999140 78 6783
992330 1 9945
998402 44 2394
992223 86 8859
997605 27 9377
999366 61 3310
999805 29 5927
998385 61 7948
993029 62 7124
992750 98 7445
994573 31 9792
992136 75 8527
999051 73 2878
994536 24 2922
995544 20 5371
999342 54 274
993127 73 144
994260 34 1487
992989 55 1685
994186 50 5205
991447 76 7780
990967 38 8169
992349 97 1007
994089 30 9957
992395 1 3688
992673 9 850
999499 49 4840
993164 66 9392
997568 48 4789
996563 27 2054
994622 80 2690
993514 39 462
994541 62 4069
994611 97 7034
995153 67 4534
992416 68 8503
990007 23 1704
990762 18 8288
996966 41 2101
994061 70 796
997397 38 7631
990483 46 2715
997306 75 8995
997625 48 9192
995867 54 1980
991909 3 3261
993177 28 204
993737 36 7907
994975 96 1854
998809 14 3445
994947 55 5790
993443 50 2512
999241 1 2490
991321 81 8614
998219 27 8441
993815 2 3592
996069 25 5872
999661 27 3357
991810 88 4708
996375 49 8723
992751 57 6185
993113 11 3442
995650 46 9762
999157 39 9846
998579 42 4861
995554 89 1353
995845 80 9982
994824 13 488
991812 24 3114
995702 15 9727
997830 8 7978
992088 81 1148
991360 46 7656
990108 20 2718
990587 2 9849
991359 55 971
998273 53 9048
996953 99 9333
996515 77 8127
991504 74 8770
997987 25 6442
993513 59 75
999146 17 9339
996891 29 3091
991430 21 1045
999896 38 2548
998702 96 1501
996984 11 3151
994942 50 3942
996330 22 6499
996414 53 9453
998585 62 9410
991334 70 4554
998311 82 3662
998130 83 7801
990580 80 54
990399 33 4150
995979 4 9346
994279 94 7609
993101 96 8297
998019 85 2495
993797 13 1364
997164 56 3893
998670 52 9660
994502 67 8661
997985 9 3703
995368 16 297
999910 97 406
994951 70 4549
991375 27 1170
992290 21 597
993081 18 9543
999070 10 7595
991025 34 1165
996075 65 5795
994636 25 3341
997461 12 1115
994421 69 6997
990099 31 3854
994630 93 780
997187 63 5793
990950 22 1023
993375 81 9182
993879 29 8695
991294 8 8405
992104 48 4571
990204 39 7739
992018 19 351
997314 7 2863
992190 79 5058
990687 91 1518
992663 81 7669
998515 76 4170
998349 22 3512
992470 88 4333
991746 41 1113
991378 35 4103
994925 16 3484
998618 12 6445
996064 95 4047
997979 59 6138
995128 8 4229
999093 7 9917
995972 16 776
995542 46 9834
994610 23 2149
998298 72 3334
995731 42 2060
997268 26 8425
995595 16 5444
999042 77 8924
993980 30 657
997729 41 1543
996246 88 5464
995227 64 1195
997969 78 837
992860 4 4695
993754 71 3462
996965 11 7284
991980 1 4562
990381 34 49
990545 92 81
999242 41 2080
997849 14 3292
991455 39 2422
993752 92 6938
998264 16 6701
991669 9 4412
998090 79 6938
994175 6 8620
998674 34 3030
990810 37 5148
996527 69 1992
998484 19 8114
996776 23 3747
993397 61 8160
995825 65 7649
994544 76 6405
995556 59 1574
999505 5 5205
999721 17 6129
993817 23 5531
999054 33 7576
999590 13 1275
996446 24 9223
990756 77 4266
994999 9 2447
993116 53 8352
997762 30 7271
990397 91 1716
996161 84 2195
992777 64 7424
991702 19 3710
995607 99 8259
995653 94 8838
994958 53 2593
991950 73 6543
998257 90 4469
993120 38 4575
990865 98 8441
992928 29 9768
999850 60 8923
992722 45 305
991354 67 6682
991160 9 9827
993346 74 9512
999649 62 651
995536 41 2618
992726 98 6724
992748 29 1814
998717 18 5819
998628 96 6780
997037 41 5938
990746 74 8649
997920 89 3383
990082 3 353
994079 79 2850
992072 84 3051
990279 77 9716
991370 43 4957
994461 18 332
999472 97 5920
996568 72 6638
992710 17 2457
992969 91 9233
991707 13 3316
995480 12 1341
993117 3 5640
992159 10 1044
993886 81 6405
991140 61 3437
995455 51 7553
993190 75 136
994263 95 5454
994431 64 5630
994701 86 789
991275 57 2842
995473 6 829
992239 23 3083
999221 99 3345
992201 25 8182
997174 91 7652
997453 61 6881
999999 89 8478
996314 5 1959
996455 99 9737
999394 34 1200
997212 77 6176
999502 10 5913
999201 28 3320
996922 77 9549
996451 17 5963
995484 65 5470
997410 84 373
998236 78 4668
999493 23 6776
990444 48 1433
994752 40 8100
995433 57 6138
998934 45 5727
994967 49 682
998421 79 7636
990042 87 540
997192 15 6020
990764 77 5816
994443 3 7638
990465 54 3385
997946 40 9881
996920 60 7123
999137 32 5047
990096 85 6425
997481 8 7692
995632 47 1897
996536 58 6438
990779 49 7453
995277 94 2836
996686 98 1221
993820 82 9996
995412 75 4823
996030 17 5041
994217 87 5648
990557 3 8426
999891 55 8499
995551 44 8710
998914 2 5665
999715 100 4693
994370 14 921
995274 70 4131
994065 4 5002
998199 3 2981
991755 44 7324
992705 2 1213
990361 92 4982
991800 8 469
990986 41 5642
992770 58 6064
996575 44 4645
995323 23 8286
999545 24 8020
991660 47 2694
999800 80 9183
990146 68 395
990481 18 9615
995703 37 972
999311 49 4934
991459 20 2191
994493 72 2825
994346 47 2457
997699 81 1214
999638 64 7027
991006 48 2978
996465 1 6873
992845 20 4393
991082 79 7780
990828 31 4717
993545 67 5402
997964 46 366
996904 21 4966
997866 43 418
990653 48 9042
990710 89 8911
999851 83 285
992517 49 4875
998887 86 6499
996926 35 2495
995794 53 9239
994475 97 1276
998559 30 5418
991666 3 2307
991051 60 1332
993038 43 1502
992647 76 6776
993351 78 2724
992329 16 2479
994873 71 7931
998409 1 7631
995878 93 2498
996129 21 7385
998173 40 4050
996582 96 8658
992105 23 6418
993403 88 3331
991944 64 7085
997988 69 5164
992813 64 2931
991011 1 623
991718 81 3958
992114 25 5192
995188 31 9557
991774 57 374
999257 8 3290
999728 84 6251
993532 18 2668
994143 13 5390
996282 76 6831
995177 70 1887
992744 51 3329
991187 2 8361
997574 45 3233
995738 80 4534
991050 73 1193
990720 51 2771
997887 62 8666
996898 28 3102
997769 62 8311
996853 37 2747
998640 20 6653
994202 16 6103
997511 8 4596
997947 33 8696
991712 78 1312
997991 24 2739
990982 100 1139
990593 100 243
991650 54 9342
990599 89 399
990514 74 8942
998254 45 1490
997134 78 8919
992092 82 2112
990646 90 1619
996647 47 6721
990502 73 3126
999431 43 8392
997464 1 4128
996553 48 4092
994033 85 3808
991521 91 5706
996418 69 1075
993778 10 5648
997896 73 1670
993494 37 6431
991540 66 2783
997225 88 5515
994960 99 5865
991629 19 9056
997705 67 6698
998785 40 122
992288 32 5146
995563 78 9360
992477 51 7244
995999 88 4489
995184 23 5128
994597 33 8974
993974 44 7673
993058 14 6099
998068 98 1022
990110 5 5810
994481 33 4802
999978 95 7715
992902 94 509
990615 94 8098
998143 72 9216
998196 74 1606
997090 92 848
993951 11 2624
991700 99 6674
997819 10 8523
990224 83 5341
999291 12 8463
992394 44 9164
990538 82 806
992792 5 6886
992854 29 5976
996259 21 7850
997722 49 6051
997393 48 8464
992652 14 1647
992913 45 1092
998795 66 3776
997593 77 6892
997918 76 1701
999582 62 4055
996365 4 8231
994867 53 9065
998387 86 361
999617 90 9595
995708 69 4900
991652 31 1177
990001 35 4695
998535 4 5726
993491 9 2363
996862 50 7435
997845 23 6942
999313 21 6152
999949 14 3138
997936 83 7225
993289 33 6133
999187 65 5358
998338 13 7030
999046 11 6982
993605 67 9997
997196 20 7256
995381 62 7130
997671 72 7676
992202 23 471
993033 24 5637
994572 73 5590
998765 31 7663
993106 1 9757
994340 81 1613
990212 84 9055
996610 46 3426
996821 35 3184
991546 56 8856
991545 77 4288
996588 28 5073
998606 2 597
997581 24 8668
993561 100 3201
999227 90 16
990874 30 2021
992899 69 4014
998485 15 3733
998443 32 9966
997922 22 4422
997573 63 6354
996372 38 9941
991722 83 3813
990185 17 7950
992994 11 238
997252 51 2269
992224 48 7836
993215 37 9397
992301 44 3567
998540 89 9179
997943 74 7628
992027 21 1203
991491 39 5818
998764 5 5798
997126 95 8944
997129 95 3645
999378 44 2237
996131 72 6150
991847 97 7708
990474 31 9656
993185 72 4893
991713 66 4671
995377 72 4676
990886 10 4587
990302 17 1743
998973 63 2040
998495 85 5181
990915 59 2213
999278 8 9535
998951 48 6704
992768 74 9389
997456 50 4690
990456 80 4946
991047 41 2782
997331 14 6015
994440 30 7452
991675 55 245
996092 67 7866
996153 17 6888
998573 42 5132
995373 55 8244
993428 51 6761
997564 82 6747
992986 39 9413
996440 74 5762
998636 58 9987
993539 5 4114
999962 29 3572
996436 75 1255
997462 37 5209
997700 84 57
997616 84 2339
996444 14 8206
998989 100 2257
995072 56 7989
999863 91 1226
990956 83 2687
999826 36 6970
995970 36 877
993471 38 3322
993415 54 5839
995003 47 4868
990115 49 4672
999021 61 6924
991567 28 2046
998341 97 7476
993927 35 3048
990202 17 2599
992855 49 9355
995414 25 5306
994776 84 1851
992619 35 3315
991387 49 375
995599 7 133
990876 32 9261
991175 91 4852
992764 47 2498
993088 28 5887
991493 58 4970
999229 55 289
998417 78 160
994064 86 8032
992780 82 6843
994251 47 1756
993009 80 5931
995860 45 3637
999323 72 9324
990931 98 3657
995326 74 1805
997636 33 9808
997513 93 4775
990776 76 6698
994132 78 30
991386 12 760
993118 74 1331
992419 2 8417
995648 9 566
993633 29 2049
997313 6 4579
994045 59 9062
990195 22 7534
994696 29 9136
998419 77 9569
995150 15 6053
994229 11 2944
995537 56 5371
992713 86 9238
993342 67 1298
994529 60 7860
997997 2 1659
994179 60 2418
991998 32 6842
996745 15 9372
992570 55 4126
996622 96 3949
997294 9717
995714 2458
992587 5709
998218 9043
998637 107
996142 4326
998913 7645
994086 7289
993039 5131
994734 5421
991004 9866
997161 5659
991655 3945
997785 2792
996844 4986
998864 6511
999876 5876
999245 9273
996179 4623
990637 1223
995158 2732
991063 9996
990978 9236
990682 5781
992465 8743
999378 8480
992215 6790
999972 8084
991568 8906
990115 9969
993216 6874
998714 5898
997583 841
990537 9584
996225 4532
997941 4317
995164 9618
996704 1108
998507 4687
999563 4528
997803 2929
999407 8637
991080 3334
994605 8659
996494 4018
990361 577
991199 9524
991473 2019
990131 5546
996778 5973
998884 9982
993645 2113
992354 5717
999602 3124
999561 9431
992654 6837
992964 9505
996273 3249
991665 2211
996411 2297
997606 9116
999514 4827
994065 2562
991186 8333
999313 8008
999246 2680
990832 1986
995101 5778
995683 2152
999018 8269
993310 4757
993557 4703
995681 2880
992490 9449
993885 8693
996632 4457
992682 140
991012 2193
990522 7887
997284 5892
999547 1639
990282 2262
998512 2236
991362 6001
997973 9602
990214 5124
990226 4479
996337 5506
991868 2603
992612 8314
999371 7162
998425 1904
999186 8957
996770 148
999470 4788
992724 4326
993469 2944
997352 5636
997841 2653
999729 1471
997913 7726
997706 9168
992860 1991
995533 1597
992858 3658
990391 6958
992589 9445
995489 5114
997897 4043
992479 1267
999273 8461
991913 3337
991096 2999
991567 3226
993753 5721
993417 7226
997501 2039
995147 8254
998326 343
997412 4317
996860 8366
999068 6420
993777 2799
993276 9639
991924 567
994689 6579
999633 6115
993658 7110
993038 2258
992981 4765
996905 1537
996565 3474
992144 3796
992886 1680
994446 1816
995863 9921
992564 4341
995470 6312
997644 9062
998662 3276
990375 6087
995467 4108
993381 9154
998280 7292
991444 4871
997920 318
994890 7029
998282 2132
999859 230
997339 9927
993566 1481
996923 2072
997544 9457
992449 3928
993984 1863
999173 1307
990903 8245
996691 379
996922 7868
995592 6196
990150 8122
994698 2081
992146 1710
996230 9839
993882 2333
996003 1187
999882 1315
996315 9335
992658 4579
997558 9930
997277 8960
998542 3965
994001 6137
996868 2696
995148 9787
993748 7859
993957 9923
990597 5319
998439 3480
999426 1812
991482 2732
991058 9238
994829 6781
992899 1913
991762 9277
993554 4696
995537 2542
990812 6247
997791 2291
996975 5541
998801 5839
994439 1148
999212 3542
992467 3001
997569 1278
990090 5125
997986 5348
995920 2453
997324 5675
998667 9851
990989 3471
991576 9699
999115 5762
990275 4329
994119 5502
998324 2418
991427 5942
998459 4720
994417 6774
993609 1823
990608 3972
998036 2405
995252 2088
991692 7853
999183 6637
990572 7481
998954 56
992883 1171
990278 5785
995791 3325
995883 7793
997168 3416
993373 526
996023 5129
991916 8037
992492 394
992448 6846
993780 7593
997937 6539
994196 5840
991165 8256
999950 5492
996880 9975
991102 8890
991073 405
999351 3408
998065 9084
992062 1019
997491 4325
995373 2464
998773 1584
994018 7324
991485 9991
990191 4942
993684 7563
991160 6077
992414 941
990101 7542
991726 7773
999553 2385
997401 9251
999143 4466
993260 492
992415 4705
998131 3854
997540 1534
991579 6887
998502 6415
992403 8791
990980 9647
991632 1738
997691 5709
999061 3106
995536 5849
991896 5793
999194 4079
995120 362
999761 9474
991986 8206
992898 5229
990177 3363
990477 509
992983 6574
990018 8981
992195 9771
992881 3602
997093 6152
998322 7377
990426 8450
998630 1590
990280 103
994294 9167
991791 1400
996474 5034
992094 7646
991333 4342
996827 7311
993416 6875
990709 4198
995452 491
997463 4383
994710 8484
996341 9040
991384 769
997251 5393
999804 9511
995500 4231
998956 8861
998969 9438
992181 7220
992771 3033
995986 9330
997640 5574
999866 6217
994318 8465
998498 9619
995384 8571
992608 7102
991379 7335
991245 87
998952 3028
993385 9146
991351 1520
996660 9986
999797 6330
995659 2035
995058 1865
990448 4351
991909 2379
998779 3987
990176 8512
992569 988
995422 9763
992427 5547
997674 4030
997468 6242
993835 3951
997823 9710
996196 4447
993377 2634
993215 2675
992438 1656
996396 4346
996863 2636
997133 9057
991824 648
992625 6611
993210 5656
999148 117
996783 6097
998860 9326
998976 5605
997934 2124
995188 2939
995612 5698
994719 2540
991301 3475
995905 2098
999129 1767
997945 530
994917 6427
999021 6371
991650 7303
999105 3069
998915 5594
994053 5219
999020 3153
999818 5682
998708 4998
998145 5505
993116 1607
998712 4465
995200 4947
991299 2630
991212 3533
990975 7374
991403 4333
994459 9262
990173 1963
992857 1773
990720 3490
998245 6640
990711 8077
992188 3081
994372 9976
991382 2623
993969 9414
996541 17
991883 6610
996781 6196
997370 3477
995243 1738
997877 5478
993939 4559
992198 260
993766 5688
990789 5071
990019 6824
991595 3012
992795 4753
995960 452
993563 9355
998529 9794
995668 9901
991269 5938
997909 8724
998886 6299
996413 7897
996730 837
999885 647
993474 7677
991081 6802
999577 1894
993895 3548
998336 3744
992980 5263
995978 8800
993442 5659
990930 397
992863 6670
994645 6692
998645 5170
999624 9170
994874 1490
995266 9189
998973 621
996204 4878
995250 9994
993191 2990
993944 1001
999844 224
996676 5300
997908 7791
999122 5487
996757 1574
998654 4303
994848 9392
994221 3102
997902 7123
998064 4725
994703 7238
991601 2675
994998 2611
996262 7261
997776 1389
994600 9377
991529 5008
990347 5459
990599 5652
992264 9007
997510 8935
990386 4357
990883 1561
992494 1328
998599 4824
999081 4288
996175 1600
998394 5689
993053 94
990737 9996
995455 9882
995698 6285
993703 1824
991535 7503
991313 5808
996383 1299
991628 1036
992743 2758
997070 6297
994666 6941
997991 4378
991141 3274
990434 349
994746 9997
995860 3314
994786 5874
990051 2116
992732 7832
998706 2352
990146 7159
994286 944
998970 1467
992470 9557
991465 9948
997060 316
992717 9440
993350 4226
993620 8496
993154 7237
999578 6138
993177 1850
994577 6995
999543 4382
998402 3215
996693 5542
996520 8361
993125 6570
990999 9000
996645 3204
999166 5142
992291 9466
991880 7497
993771 6064
991718 4347
998675 3253
999165 984
994224 6944
999590 2076
991992 2531
998181 9544
993916 4581
991783 1082
996275 1289
994879 6545
992979 4969
995813 2790
994373 3402
995858 507
998256 3869
998106 7673
991802 306
991041 4986
992053 992
993792 9771
993267 4189
999090 374
994469 8325
999222 4883
997438 7202
999116 9996
993016 7862
994416 1341
993145 672
999049 8179
991492 978
995464 744
995020 1947
995973 6830
993262 8509
999151 4598
999564 1145
992311 9692
996758 2718
990538 3949
995689 385
993323 7530
992233 287
994287 7341
999197 1216
994739 4228
994564 5497
992238 706
994371 1791
997709 4932
999542 9988
994676 5919
995162 9832
991625 6270
997932 439
996731 7589
993727 9942
990895 988
992988 5393
997186 3811
995380 1691
997404 9172
997250 1570
994898 7604
993603 9999
994717 4319
996247 8356
998492 2177
995013 7354
991795 725
993307 6029
999792 4779
994192 1966
993004 1908
999843 1221
993911 385
996621 2527
992506 8366
991469 2202
997453 1294
998329 8280
996822 3536
991062 640
992052 9975
990687 4255
998320 9445
990765 8283
995589 1945
995291 3008
996992 5114
995935 671
994493 6307
995923 2043
999296 8807
996674 1322
993856 3118
990568 3809
990241 1960
991769 124
997484 9662
999340 1197
993451 2699
996259 5571
996756 3763
992967 800
997296 7123
993112 9341
994910 8698
991751 530
996594 1177
993936 4129
995771 7651
992503 3660
994658 3195
998651 7002
990157 3638
999146 6071
991585 4518
998910 2875
990340 5398
995673 4279
996300 8745
992715 6258
996834 4923
993324 106
991043 2637
990856 121
993952 7284
993414 1068
999038 9218
996305 4531
995539 2310
992223 104
999497 6602
990954 7788
998602 3218
999454 6566
992630 879
996698 4378
997483 5898
993518 8827
998664 3705
991671 9998
994525 5445
996278 9713
998319 2765
995723 3450
995845 9982
993810 9720
990732 5451
991507 243
998704 2796
998457 4059
990484 9959
993900 6975
997111 7402
992044 7471
992328 875
997775 7452
995779 5786
997808 7345
997026 2070
990916 1882
996741 5845
994368 4245
999665 3871
991888 1290
999361 9086
994511 9566
999149 4501
993009 6079
996887 9592
994800 1690
997130 7493
993426 7975
999264 411
993316 4409
995263 3440
995378 5881
995179 31
998590 2253
997654 9309
994691 8794
995163 8552
994896 6667
990826 9187
999965 7527
998142 2982
993418 999
992067 9370
995924 9217
998375 9534
992769 921
995276 6617
996435 3054
995694 1569
990116 5072
996038 8323
996450 7059
993225 7401
991203 4171
992875 5404
996894 8169
998249 8487
993375 3943
990124 7310
990344 6338
995524 5328
990924 894
994220 7603
999958 6958
992561 8340
998797 9926
999070 641
993284 2063
992542 492
992493 3447
999496 927
999079 3707
995508 6852
990648 2924
997466 9213
995180 1395
992036 1188
995948 752
990884 9940
996882 1717
990163 3446
997848 9158
998579 230
992755 9623
994885 2950
999959 8846
990594 1431
995125 9748
995339 931
994994 1659
994788 8584
999703 9458
993192 644
992258 5875
996011 5582
995282 1636
992385 8643
992070 1546
991696 1846
999528 3963
994594 6301
999518 6027
996795 9969
995122 9970
997512 9667
999801 795
992028 3181
991311 5030
993006 7022
990190 4684
997119 1995
998141 6391
993515 1944
996219 9549
992796 1450
999500 7843
993654 7294
998031 5207
994346 4855
990979 1245
994555 2001
997485 9534
997758 4174
996178 5838
998768 972
994309 9162
991284 4470
993266 7545
992673 4498
990479 4647
990155 710
998975 7826
999510 9857
992920 8544
999032 9309
990698 8434
998271 3352
996488 2662
993860 9195
992301 2027
998737 5088
998466 8484
990970 8441
995439 4215
992157 9233
998238 2871
993504 6734
995050 3193
990795 1572
999521 8909
997763 4468
997911 7014
998521 94
994906 2201
997961 4201
999707 1605
996460 4698
993756 2923
992805 2914
999120 8950
993356 3534
998522 924
998369 252
991413 9357
992718 1043
990367 8293
990149 3
996367 4164
995220 3944
999455 5101
995255 6581
998413 8544
999893 5031
992085 9995
990444 8294
992461 3643
995743 5902
990251 1441
999046 1706
995764 2764
994696 5618
995868 86
996306 2410
993754 1414
992645 7061
990706 7529
994781 9686
998533 2727
990305 2066
997388 7574
991425 3004
995402 4189
998399 3260
995613 6519
998945 6713
996964 3185
999830 6623
993533 9997
992841 8936
997123 1699
994219 7635
998581 8208
998995 4261
992815 1703
997341 9403
997222 6226
993423 2063
994997 6320
997182 9925
999093 5898
992095 5465
996270 7295
995495 4376
997381 466
995969 748
993063 6074
990716 4135
994772 1928
997282 8156
990098 7001
998904 8447
997678 9753
995581 9897
990259 1038
994254 5214
990106 9795
998129 5282
992000 4094
992302 7352
991855 914
996786 2390
994816 5843
998683 9031
996942 6908
995454 9960
999951 1554
994356 4609
992913 4365
999610 8764
992216 8512
995371 6902
993813 5608
994233 6802
996286 5636
995989 3873
991736 2725
991372 1240
998879 7410
992307 5438
998330 5216
998997 6543
991597 6737
994127 9994
991832 2491
998465 3189
995875 8253
999642 7008
996360 9301
990840 9924
992675 3878
997925 7827
996682 2046
996314 3575
996374 1220
993961 7650
995717 8748
994020 7852
996106 6610
989958 9921
997956 9953
998499 8480
990824 9799
997220 9967
994015 4731
995171 1614
993519 1068
994686 9340
991281 8977
995582 4485
992575 6964
990498 4332
996128 2928
994903 182
994508 747
994335 2027
990655 6841
996848 4798
998061 6741
990194 8748
990223 7157
998076 7839
990656 6934
999486 22
997800 9706
990681 1741
999890 4590
994260 5322
996792 6968
999365 63
990929 6086
991624 5483
990303 9473
997169 6488
996552 859
997212 5111
998432 6019
992652 2379
997298 4274
994817 859
990299 3156
990318 1487
997072 8189
995553 7055
999796 573
993776 7489
991721 3424
994663 9409
992253 9451
999735 5455
990113 9882
997050 1116
998725 5547
997735 5530
995964 9161
992957 9893
992212 6019
992703 6490
997245 5879
999345 9983
993657 8239
991703 2008
992335 14
997732 5339
992534 7307
990153 2996
995396 3019
993764 4724
995115 295
990025 4502
996886 8793
992782 2304
991434 5383
992037 64
994073 6837
991226 4018
997201 2020
990142 5342
991849 3408
992665 265
991544 9708
999023 4486
991955 3989
997815 728
998700 6111
998660 7809
997704 8935
995435 6583
992214 4197
996127 799
996930 7516
992090 9059
998267 2131
991731 6925
997482 1690
992834 3080
996959 9954
997029 3489
992128 3984
993124 457
997383 3448
994110 2696
991794 665
994714 6931
996851 6472
994031 2137
991636 333
993725 6972
998953 8035
996497 3766
993743 384
998536 705
998337 5331
991236 1086
994566 6051
990417 1517
995807 5010
995239 8587
992971 3355
993206 5876
991086 4212
998750 4476
996310 2497
999638 3382
995938 6976
999747 1802
998335 3993
998086 9983
990576 1768
999979 1655
994847 4033
995568 2360
998231 9770
990853 7647
993412 4516
994296 3643
992017 5638
991253 9205
991276 7494
998252 3777
993391 1317
993401 231
993005 7210
991358 3048
991983 2112
996982 6781
997656 8633
994104 1037
994163 1647
990748 3485
990675 7127
993910 3667
993295 8926
990960 782
993953 3160
997173 9674
996695 6334
992266 1626
998695 6694
997109 3410
990490 1604
990419 1784
990077 1162
991506 6445
995632 2166
995899 3319
990195 1294
993111 6166
990236 7279
991959 6817
990147 4151
996692 7062
996504 733
990459 3564
999358 4170
997936 3182
999423 9982
998162 9832
999846 1936
994548 9967
992559 6139
995628 3399
996980 9434
992961 3855
998531 3768
998635 9991
994576 1562
990534 1445
999927 9935
991070 895
991418 4915
995390 2220
993747 5159
997618 9532
993013 1788
992930 9827
993588 3123
996703 79
997353 1738
993781 5102
993848 6529
991194 81
996598 8502
990215 7091
997094 1177
999327 2501
993601 8446
992079 7212
994685 4524
996161 690
990922 7078
999249 6333
991307 2385
998550 4517
996626 729
992309 6158
999969 6437
995261 9384
996279 5263
995005 9936
991580 562
996134 9197
995038 9822
994955 9506
994790 6369
992282 1693
998839 9937
999536 4559
992723 7115
998673 6083
999588 149
992556 795
993366 2847
997722 5061
995145 1643
996836 5294
990644 7245
994520 9455
994971 9656
993218 2285
992086 2554
995847 2550
998881 4107
992431 486
998197 6819
993224 2216
995751 7880
990799 862
998090 7532
999649 7800
993150 9999
990906 9184
998562 7422
992865 7885
990238 4154
996050 5799
992681 5185
994909 4255
993706 2242
999968 3359
991275 4846
994884 5862
998299 7422
999694 6674
991847 7784
997663 8244
999826 1390
991060 9951
997000 6981
992853 5037
992015 8205
997730 4327
993358 295
993507 942
996035 2748
998875 7214
993051 2631
994618 3528
994135 8898
997817 4478
999565 1532
994859 1338
993491 6591
997592 7970
995168 4292
991688 8647
994488 9766
993290 3703
992498 7807
994134 7189
990451 3962
999886 7280
997594 2020
996915 9607
990766 9651
993546 3876
999571 7663
992892 870
993853 384
992695 6931
999589 3507
994936 6377
999284 9980
997946 6015
997409 5559
991775 7261
997472 8296
993833 9929
995027 4756
992716 4538
999556 8103
998963 2534
993995 4404
997740 2072
990779 6995
996170 5063
998204 1590
994591 6640
995405 9296
996444 6786
994530 6106
998813 780
998710 8326
999417 5035
994359 1311
998233 7225
990105 5445
999242 3324
992509 1153
991169 5456
991350 7717
994339 5452
992933 407
998150 349
992316 3021
993261 2279
990462 1579
993589 1878
991549 4967
999597 6616
991806 6320
999730 7939
992274 5365
994151 7246
996697 2388
998403 9977
990357 3555
993293 4232
991352 5841
999798 4627
998447 9977
997291 79
995519 7376
991513 2224
994477 3548
994915 674
991414 4155
999949 3946
992893 9751
995660 9895
999906 3347
996118 970
997469 8777
993400 9311
998166 9448
993344 9740
992835 571
998598 2067
993070 4177
991459 1672
998837 8739
996380 4024
990949 9876
996455 3226
991451 7219
999676 4094
996123 5096
992660 7976
997805 884
998674 5661
992873 306
991302 2895
996637 8326
997624 4396
999656 1866
994723 9154
990987 8781
994422 5578
990373 7587
993926 3713
995861 2413
995563 4023
991825 9920
997389 2693
998418 9810
991531 2642
996241 9295
998889 584
995549 2853
991763 8692
999171 3959
999523 8810
993200 2194
997447 1279
995697 5380
990638 1391
995800 9831
998272 1179
997710 1204
995576 5329
998486 3939
995825 9853
993887 3310
997955 7377
997306 4694
992928 2293
995323 7229
996202 2597
995716 798
996853 2947
997489 6218
994870 9236
995665 3972
999098 2160
997716 3475
993205 4344
996267 2733
998692 9890
992814 921
996539 672
995401 6109
996819 6871
994813 3727
992114 2339
991606 9372
999619 6193
993628 7122
994024 5366
996203 9346
999228 6540
996769 4294
996135 9931
999051 7165
995036 858
999287 79
993199 6277
996679 8127
994923 9473
991153 3741
996102 395
995596 6361
990158 402
999776 3541
993704 1200
998344 6709
993380 7941
996468 8340
992553 1105
992742 9762
999137 4141
998967 2500
998745 7070
995336 3216
996643 611
991412 9654
995346 2850
998343 1536
994353 4954
994549 4902
999200 1297
995208 3607
996121 4996
990555 5605
991508 8108
992010 9893
992642 6627
996266 8890
997511 3603
993831 9818
990192 6269
999658 9234
997958 2448
997455 732
998862 880
997999 7508
990114 6892
998569 5459
998762 5498
990642 5531
995733 5585
993730 3658
991183 6515
996625 7283
997213 8151
999522 8572
992549 1987
993195 5000
997829 6278
999072 2735
990033 2307
997506 8304
997406 7512
993619 4275
992041 9998
996276 2853
993463 3255
992679 6550
992317 3824
995859 2561
990878 6424
995073 9070
999382 6231
998566 2039
992007 9378
994641 3148
999777 6477
993839 415
991344 1863
991708 6812
999084 5289
994225 8913
990036 3721
993886 9958
994432 4841
994900 7386
995409 7319
991511 8756
995768 2100
996535 5230
992237 611
990022 5092
991237 9072
999175 6464
994725 4050
993808 3772
991500 275
997034 403
996593 6646
993392 5755
995865 8298
992437 3800
995759 606
994789 2033
998733 2039
990755 9529
991496 9951
998869 9351
999251 5548
993866 9930
999138 1586
996190 6256
995362 6779
993357 6004
998501 6821
998372 7010
990123 5297
994866 4192
994674 3907
997073 6881
993804 10000
996989 67
992844 1130
995004 2395
992339 4589
998127 7513
998135 3295
995040 8308
997719 2961
998297 4823
990880 2044
992909 3336
995490 2312
998003 6822
995293 1704
993736 6948
998269 9456
993457 6483
999717 9093
993702 9991
992263 778
998534 3061
995540 9361
996932 9952
993930 6852
996434 3890
991089 4056
991447 7651
990108 4050
992809 6948
990271 1223
993819 9999
990013 8152
998096 2652
999483 2286
994217 8078
990512 6697
997726 1987
995090 6629
993422 6733
990454 4898
997129 1963
990321 314
997416 1823
998618 9278
993296 5565
998060 1677
994796 7545
994091 9961
992420 9271
993135 9715
993388 3399
999057 1352
990162 8815
991877 2839
997885 3293
996239 9764
992179 7835
994509 1197
997774 6554
993607 7378
990729 6314
997597 4715
992287 2763
991238 1253
992711 3393
996857 1641
997529 9837
996954 4878
996661 9891
990327 591
990250 4403
992714 6583
990343 1155
999209 4325
998946 7524
992536 4213
994023 7933
995274 9374
994611 8476
993975 9009
994722 756
990894 745
994280 9939
995820 1979
991389 8058
992475 9594
994519 4474
994621 2967
993345 2972
996517 1324
997764 1187
997702 3714
990121 6513
995695 5957
995071 806
998390 5837
992866 9705
990107 9799
995785 8002
994638 5454
995579 5475
996978 5862
992872 6752
997363 961
991295 2694
997120 6149
998707 5791
991941 6765
992292 7918
996914 2890
993203 4691
991604 4611
991856 7912
997608 4320
995191 8393
992800 2425
991592 9902
990320 6613
993037 8546
996143 8553
998126 8542
992103 7437
997171 266
992348 8441
998933 2454
999467 1857
990160 5322
998226 9593
995597 1747
991426 9693
997378 3956
993744 3775
993837 1842
998547 3778
991527 8326
991715 1911
991283 3536
998747 8038
994831 9435
998961 8159
990660 5836
995033 7586
997288 609
999692 6033
997514 112
991698 901
994231 8847
992694 4840
999088 154
997006 9127
993640 9998
991779 7175
993148 9872
996760 22
993131 6689
992521 4574
997139 4963
991202 5114
996452 8211
997840 5795
997372 5120
992731 9965
990914 4382
993590 234
998612 631
993971 7902
995999 6952
993092 7779
997470 7889
999279 3553
997998 864
999099 5432
991180 664
993140 9765
995178 3290
997723 9935
995811 9701
998093 4426
999410 3039
991619 4829
990981 8428
998679 4627
998239 9505
994348 4269
996290 8038
998728 8744
999359 8837
990628 7981
999689 1427
992691 894
997653 3562
997299 4920
995965 7121
995461 7862
993169 4588
999789 8911
997781 9828
991831 858
999541 2113
997476 8189
997066 8388
997327 9088
1000000 7215
995114 5406
998022 226
993351 769
999671 7631
999430 1030
996427 8886
997156 6863
990083 5571
992924 3783
998118 2818
997802 2328
993299 3018
994400 1957
997835 1209
993970 916
996358 9959
997912 650
992507 5671
990245 1912
996943 9227
997862 8314
996256 3005
998552 6197
997765 5299
998467 212
998108 4374
994495 873
994920 4771
995259 3114
997253 6491
995102 9828
995117 920
993047 6255
997304 2265
999062 3111
999395 5805
999360 147
993825 4579
995915 562
999111 9170
994162 6175
998460 1583
992069 7015
998763 9958
998444 3228
993574 9979
998614 5399
995575 7106
994571 9999
991161 267
990145 1352
997190 5320
998644 3647
995712 5353
992084 843
994619 707
996590 9776
997975 9779
992577 4893
999970 2104
999605 7993
997246 1491
999663 2296
997602 8235
991945 2435
994205 7916
991393 5899
999182 8550
990651 8984
995531 6324
991033 4195
999196 9168
990239 2814
992376 8690
990734 8127
998300 8878
996258 3997
996701 2257
991385 9819
991999 612
998017 6702
990635 6860
998213 1412
998279 1293
996037 5009
990296 3579
996847 631
993297 1108
994589 9847
990817 756
994148 8954
992525 207
994038 2778
992124 9823
991159 2308
991149 1771
996576 3101
990029 3349
999819 8510
992583 6163
996160 9977
990753 5392
996825 9473
995709 467
993918 7390
990297 6293
991710 9986
995940 9980
993836 2280
990953 5040
997755 7229
990829 4592
996363 5651
990407 2243
991516 438
992906 9379
998794 6570
997620 2765
996338 4754
992228 2237
990545 6245
993989 1806
996395 6608
997105 9967
995212 9364
996004 9409
996070 4410
992259 4820
999216 1095
995627 2104
992265 2942
995496 5647
991437 5658
993207 8355
995372 6754
997103 4759
994042 7601
997868 1316
990794 1816
993482 2044
992649 3436
995703 2722
998671 9243
997796 5201
995939 7277
990605 3554
993025 7762
991860 7467
997228 9441
996597 5513
994387 4463
990889 789
993958 2016
991151 3295
991973 1753
998852 8308
990208 2203
996133 6380
991669 6679
995710 4005
992072 3007
997032 9203
991707 2348
995338 1992
993642 344
993204 3482
998793 228
996120 5394
994914 313
998689 1797
990574 7432
991765 6321
991130 7542
992361 9994
995106 9644
997196 1814
997553 3558
997585 9975
997001 9116
997863 9133
992097 326
991975 4683
992484 1665
990890 4754
995685 7376
993252 2068
994956 545
998958 4898
997652 4002
997354 927
991679 9149
998755 9804
996051 2988
997919 9603
990666 9850
995530 6755
990598 298
990049 3220
995366 7515
999769 9401
994429 5965
997603 4992
994861 9927
999666 3345
990323 6984
991788 2459
996026 5432
994878 7591
997033 8445
994759 1545
996744 1292
991923 1994
996859 3239
991637 4811
997200 9539
999408 1509
998887 4863
998555 8566
991800 4376
990260 2030
995842 9895
994938 6820
998754 4112
993770 834
992511 8414
993020 4180
992989 9141
995541 3273
990593 6807
997630 8135
991827 6642
995207 3117
993393 6787
997546 47
991570 4500
993269 6468
998805 2082
990235 639
990268 4903
995949 1604
990669 428
995795 2695
994563 890
993700 8767
998782 9093
993434 6765
995228 9476
993122 6013
991193 1944
999845 7608
995666 5267
995573 3420
992186 2274
990394 2941
996017 5078
996016 9192
991106 6834
999469 2336
997151 6521
997180 8876
994245 2356
994120 2562
990988 9967
994989 7226
996382 4037
999424 3179
997312 6518
994970 461
992032 6372
998473 5008
992323 319
998494 9990
993868 862
994178 2707
993213 2174
992480 9391
991885 2911
999504 6937
995043 2876
994002 649
991046 7159
994692 90
999832 5717
995741 1328
992552 5817
993268 7494
999916 5474
997646 2171
993163 5264
995487 8620
999157 3272
998607 7556
996111 6696
992321 8904
994499 2372
999568 9745
997780 4094
996623 8669
998441 7356
998401 2521
998803 5243
990345 6838
999065 4542
999425 5741
999727 4877
992464 9938
990763 4458
991649 3440
994246 3383
991486 1099
991178 2420
995831 6463
990792 5941
988765 9854
997478 5575
999026 3139
994579 8423
994823 4546
994430 1108
990429 6263
993306 6886
991745 3745
993865 351
991685 9302
996484 4304
999771 5000
998916 5597
