1 2000 2000
933060 14 8810
978032 56 2457
965905 6 6182
903075 10 1697
943501 45 7075
919196 80 1214
952443 14 7983
906152 29 2971
937796 31 8857
935553 79 5114
983339 42 1404
922732 73 9154
957333 5 7560
912982 80 1937
948465 39 4820
929430 71 8161
936778 32 1570
965866 47 4140
903181 44 7967
933813 71 2598
965553 63 9270
958927 73 3343
991053 49 451
990940 25 5353
978019 51 190
962235 42 1824
947748 74 8283
982741 91 1239
996492 2 3250
994467 18 4117
990518 49 2848
955914 24 2805
902951 81 7074
990748 90 8407
930367 93 9610
961670 52 844
991377 81 4533
949358 47 5443
968367 20 7678
969039 28 474
934379 80 7624
974517 100 6478
931542 98 2714
962328 67 8998
918923 71 2540
950530 33 6470
908931 29 5657
947222 98 2327
967395 19 7403
954122 89 1958
920683 60 3429
964122 36 4192
903368 23 7322
923533 64 1474
976922 36 6896
910000 88 9545
934151 62 9504
993305 93 9711
960905 79 2375
988729 1 6160
913968 17 4249
900616 90 9543
978681 3 542
920109 55 9958
937292 61 2518
916273 70 522
977704 12 5157
953013 24 4835
942590 95 9851
964129 7 9261
987183 3 9780
917919 51 4283
918609 83 5960
927936 40 5237
907742 20 6302
964544 72 7462
915725 61 2710
990080 13 8863
999777 43 4976
910750 96 6758
967393 100 1891
993969 58 1908
986025 47 3134
992011 21 2625
923455 10 6974
964052 62 32
968755 58 2665
992413 76 5644
903257 8 6231
923602 26 4066
980488 58 5036
954206 6 723
999308 8 4085
942224 42 7747
963253 31 3388
947482 28 425
969862 92 3015
999894 61 5645
943374 90 6833
979369 62 924
947360 76 3499
917445 54 3367
985526 65 8895
974334 98 4870
959904 63 9885
907750 4 5185
987647 99 6409
989266 16 2259
996958 12 9532
903843 35 1273
937128 64 5897
965156 60 6848
995649 65 1032
998737 36 2449
913649 92 358
923080 56 8330
952142 29 5270
996716 94 5775
984578 42 23
968473 7 8604
928976 48 21
930254 65 4570
985032 69 993
949963 38 8064
960440 90 5460
922373 2 7992
942101 5 2320
932352 62 2913
941549 79 8239
977885 79 4467
927450 36 4234
935718 32 6360
971350 86 8706
911756 92 2475
925194 44 2746
997904 50 373
953210 76 4185
918395 37 1032
972851 27 6867
947355 82 6492
947078 61 6223
977223 42 260
945141 25 8591
936485 45 3811
968828 94 9639
945134 31 473
971189 2 75
935280 79 7929
979491 77 478
915542 9 1008
904925 81 8242
922508 42 3275
917684 80 6825
953530 71 5918
947002 71 6508
913777 58 3196
959694 29 1490
981675 60 794
908022 36 4783
989160 26 7720
918887 32 7181
908081 45 2599
909580 98 4232
932584 93 2607
975554 4 2629
968215 4 464
951773 62 5236
951016 25 6440
921243 72 1218
907498 69 965
927890 39 4448
948265 11 5504
974238 81 1230
920361 3 3547
982656 57 6264
943289 100 4064
975070 56 7986
952333 5 3785
944858 40 6785
947830 80 3348
993208 65 7153
987092 23 248
904258 7 9172
924597 1 8938
923449 2 2243
986451 76 1479
958634 34 3036
996227 44 5672
940543 51 7131
953773 58 2949
944454 96 3010
910761 65 6532
925797 32 7135
961258 94 4631
960379 65 7735
929447 82 246
964539 89 1827
969818 87 3710
914504 24 1400
940730 46 7127
996071 22 5029
932415 96 4988
970491 87 1181
954016 2 2641
919635 2 7237
972512 2 4969
924549 77 6746
966153 60 5379
957377 91 6203
907095 64 1700
976036 6 3782
944546 60 9387
912581 89 6042
946869 65 1513
925228 58 2908
939714 14 687
974625 82 7533
928165 27 5079
951971 66 3141
961857 30 7223
919683 60 5508
958419 98 6680
995268 68 3199
997840 38 1634
931263 90 4212
988741 42 4784
995595 37 5230
964393 92 2581
949817 65 6119
999227 94 5626
958562 5 2820
951162 5 7227
918417 17 837
940435 98 9412
938437 54 4688
923679 35 2056
913866 28 1930
942182 37 6892
936665 18 6709
998672 51 9177
927303 26 955
957630 50 5292
903947 52 501
949215 61 5710
943321 11 9148
912329 95 5346
990380 38 1372
970058 89 5632
982268 79 7037
915702 90 9635
973877 40 7651
945706 70 8550
952961 81 540
938075 60 7837
926823 16 3902
993227 87 6977
989613 7 2290
937019 56 3978
948375 42 8783
966660 32 9190
953263 78 7049
911775 3 3824
906599 51 9858
954741 91 6008
949123 12 9254
909533 25 7606
963960 13 3595
973195 53 396
960009 71 5772
909421 69 3885
986536 74 8008
988144 20 3057
908008 32 8363
974797 50 240
966366 70 6756
941642 76 1135
967990 53 189
908218 32 1971
943320 25 7757
935622 88 8031
936587 82 2518
962557 10 7700
925808 22 9081
995927 53 3884
994800 77 3267
959424 13 7935
934538 97 7271
989397 74 2025
984948 58 9102
916701 33 8787
930595 88 344
919294 97 8
988126 50 1092
996693 55 655
998437 44 146
918265 5 4587
978323 48 1614
941209 24 4908
905752 44 8775
979091 48 6338
978498 6 6961
911186 69 7263
966917 94 6047
975322 31 8517
975100 95 6217
921388 44 7122
999034 9 7856
982616 76 471
953708 60 2427
945799 11 4427
910441 41 8920
992442 25 9401
932882 78 4501
905553 64 6975
938403 50 7187
931891 96 9427
957728 71 9572
909651 88 1726
974832 57 5158
963875 29 7141
962100 33 7690
930753 48 5090
981178 5 2214
915329 57 6014
939536 94 8379
989508 69 6971
918174 97 624
902937 31 1361
923487 68 1800
953104 88 7739
971011 96 8094
936959 28 6438
977703 45 7477
958752 29 8800
993352 70 5825
964666 76 1013
919176 25 9394
965273 17 4680
941715 28 4603
988528 77 6219
924830 53 2619
999039 87 5249
966087 95 710
968623 94 9173
974039 26 3842
941260 3 6780
975796 37 7460
967067 26 7599
976871 8 3104
941405 91 5072
999897 89 403
964534 90 9950
978593 68 930
912541 94 3624
985724 68 4071
971415 42 7302
923664 94 1572
947759 37 2689
942851 75 6861
967846 71 2907
989095 55 6442
929992 52 4943
909976 35 7422
956998 3 7174
954357 32 8742
918708 93 6056
915346 5 4855
985708 7 1574
906237 20 1022
960805 14 5189
930592 79 7673
954626 9 22
966965 32 9215
935172 93 3305
939373 41 4371
926494 26 3197
967967 19 9912
956929 84 1483
934319 82 2779
995747 39 7370
993332 39 5054
978858 25 5310
906055 99 4676
964311 92 6060
981558 34 5500
974708 78 6017
945934 72 5933
956081 58 367
914776 70 1004
969710 91 7845
985219 52 9022
912635 83 5846
916539 58 5582
946454 27 4386
966208 8 3717
974620 58 9771
996135 38 2877
996075 67 708
979976 77 9666
914325 89 4863
927718 90 6001
944795 72 8344
949641 58 9960
982135 95 8677
963758 5 8326
931446 43 9231
986344 13 3381
974936 59 6385
936734 20 1200
995312 33 2826
946239 96 1398
943398 59 9001
925238 41 8907
920751 75 2036
922884 3 5454
936806 80 7411
979447 50 9834
995133 31 9238
986453 51 1118
979436 77 395
968410 67 3733
912967 52 3896
963579 77 3310
965895 62 2817
996372 56 4948
990948 28 9349
983504 15 5533
956603 55 4366
982807 6 492
968541 81 3933
905519 29 7990
945791 66 7952
941398 35 6984
992039 30 4802
960328 82 5897
928877 26 6663
985843 85 192
924402 72 6792
906134 16 698
919150 29 8642
931754 74 3149
960851 35 6089
919924 6 8484
954970 20 9143
985694 29 6964
983850 89 803
925433 29 241
977507 26 2285
979470 16 4210
909072 20 7301
938345 21 1806
953452 5 9858
988299 20 6169
945723 30 3898
942997 88 8345
968597 4 2300
938495 81 7982
947401 80 7786
940783 32 650
978057 68 7696
910023 19 4592
924817 71 2449
924814 90 6424
918436 50 1026
949821 70 5963
963106 92 1852
995388 80 5646
913137 14 8401
998597 37 4289
912378 67 4176
957695 59 6101
919101 59 6703
916990 16 4025
970445 29 9119
919305 39 9504
989814 85 8700
977143 21 4798
917585 24 8675
919713 46 8196
928090 46 6031
917259 87 1136
999685 88 3745
922403 22 1060
994524 75 6275
903640 33 9509
951550 34 5755
903046 44 2596
950849 76 8262
929763 71 364
920417 1 7553
921270 5 27
981762 68 1436
976298 78 5309
951497 56 8929
949279 81 1196
930691 96 6450
998962 45 5099
955417 41 2892
926168 94 115
998889 54 492
987750 21 6901
928140 46 5508
928495 33 8128
934882 36 6049
986313 82 8899
924717 44 2450
945970 35 1268
981006 41 4927
967836 78 174
918752 36 2613
943410 81 6967
918338 6 5135
975973 16 3132
983730 90 1943
914450 50 2259
920908 76 3161
965936 86 2426
922269 35 9314
906876 54 5190
920820 28 3928
932146 75 3834
927782 61 5698
993840 37 6134
901477 42 6294
914010 16 4936
992444 17 5323
957069 95 9881
973365 57 7372
946388 18 418
946420 33 8236
918286 8 5051
989435 56 1323
939016 56 5526
906451 74 8017
998714 35 7639
975477 50 5464
932904 47 9358
942248 28 3650
938559 19 9504
943045 51 7179
959780 50 3805
946181 28 8641
951852 88 9491
959274 67 1800
916166 44 7421
952908 62 7970
984598 47 160
914778 43 5426
987678 87 906
925205 83 3264
961971 17 8999
957012 32 4138
902356 99 9442
931164 80 5620
962805 26 2465
983972 50 9062
917543 13 8547
950951 46 6358
912289 67 9872
920476 88 5577
974605 49 8804
900758 77 3092
994535 87 1601
928667 56 6215
989221 45 4802
977479 39 3659
955573 96 6299
988308 12 1932
982485 52 4603
912756 66 5908
931191 15 9089
910780 77 4285
900372 98 9137
927412 96 10
915894 80 9211
900352 36 9714
981010 17 8815
965926 37 7360
938094 94 7751
945941 23 2904
992671 50 4489
930382 20 8963
992484 37 4974
938878 56 4029
951398 81 3671
962467 20 4839
971513 82 1685
962288 39 2928
996464 92 1396
947185 78 3777
965916 38 4440
950240 30 1623
911094 60 6589
969269 78 3634
964291 31 6601
992483 9 8623
900113 32 7743
919520 66 7472
989234 69 7621
996426 9 1470
994750 88 2307
960852 92 3799
994271 12 8506
971021 18 7227
938336 12 3928
903329 36 3907
953302 3 6706
954765 29 4029
926423 42 7940
958037 95 2545
905523 4 1341
993271 15 8006
991931 63 7247
902422 33 5809
969207 76 5965
904634 32 8216
981583 66 3045
968448 26 1446
949369 66 7413
962076 88 8043
938741 60 532
974589 68 5358
972166 2 1501
969537 50 6494
909564 2 6880
915551 2 8005
942349 44 4820
949510 69 3911
969620 89 9590
923751 63 9079
934119 78 5188
931079 86 5129
904466 32 6328
942743 23 215
943137 36 3647
957513 8 7200
925270 52 3989
935562 16 9816
979819 4 6500
997381 29 8969
963065 79 5061
984146 40 764
930022 48 8515
931737 18 5366
965186 42 3777
944752 3 6164
985535 9 1129
989381 64 822
947884 20 2790
975725 12 5596
960551 67 4975
925182 91 1348
950125 87 1668
990831 98 7700
955942 55 328
961406 13 6584
928369 62 9178
910923 9 875
927588 97 1433
998946 11 616
943618 40 8743
941573 11 8157
950409 67 2895
966323 10 4927
915891 36 5422
992156 79 6698
982888 66 7509
946727 98 7292
958250 62 4760
926978 52 6495
946768 77 5950
933879 87 8885
996207 14 8856
901366 8 9377
972341 87 5136
908004 2 63
931305 96 6868
967223 95 1676
959869 82 7674
924407 89 8683
982319 77 8791
984528 68 6423
907428 18 3623
941562 32 6493
924648 54 9972
941458 38 2571
990799 82 4881
937561 81 2462
970943 36 4260
930435 54 3690
906071 6 1204
989617 31 5641
994965 22 2385
954161 7 2956
926141 32 2799
989338 82 6953
994475 60 2682
989789 23 2241
911242 33 7557
929129 47 4757
921412 75 3383
994531 42 4969
994923 77 3418
933044 92 9573
935779 7 9592
958620 18 4403
997200 8 1659
943050 50 9709
931780 93 3724
922210 38 1546
967058 6 1100
987386 74 3311
958867 19 284
955704 21 6267
914321 19 6000
928118 64 5513
930184 91 4480
959320 47 7709
955494 74 8311
974363 62 5470
984645 73 381
956300 58 146
969681 75 653
954185 18 3145
996796 23 8171
947877 41 9246
941959 95 5308
904341 62 2424
963906 78 9466
956626 92 8051
965433 17 6288
915061 22 8093
949500 96 5010
929118 66 7107
950578 74 6072
928426 68 4376
942103 39 9201
934868 13 2497
914554 6 2757
900676 44 3621
999501 34 750
993020 40 9023
944577 63 7042
968420 31 1962
976223 36 6746
934706 71 5387
943318 41 9942
901084 54 8667
967791 15 8035
989641 78 2938
945431 17 3815
929419 10 752
924862 33 3556
943508 92 5005
961129 65 1758
997137 27 5061
962917 94 4175
907412 11 8433
953198 94 5873
940914 42 2562
994998 18 8187
908448 53 5094
951286 25 7773
926722 35 655
977881 70 655
947706 27 5343
981873 52 9502
948775 34 4225
949056 24 7613
920402 25 8271
960713 61 7228
910199 55 6577
905754 78 3992
983328 97 5310
940394 8 4347
975103 5 1409
943832 88 5185
914245 74 9756
930939 56 6101
934826 41 376
992963 53 1931
946715 63 37
966253 46 4587
982303 34 6499
997176 44 1371
932489 87 8855
906171 68 2842
925618 48 4982
978868 30 2473
971908 54 3414
912830 2 8211
953464 40 7722
985583 52 9765
961627 9 665
970272 75 9530
929370 96 1159
919832 31 2061
956442 89 810
996252 3 6165
957441 9 1593
922098 89 3134
938718 81 7848
939789 78 5481
961335 31 9523
933065 78 5118
981975 85 2661
989934 78 221
959738 10 1614
967934 84 6027
960943 11 9535
948499 52 2563
987580 16 3290
961252 40 8564
970754 38 1161
932536 93 7255
989418 68 9158
973022 74 977
929820 75 4830
945011 93 5060
906980 86 7124
971661 100 3182
920723 45 5182
993609 78 7995
979160 32 145
986459 29 7120
949393 6 1342
974441 61 7270
968321 37 8805
974640 20 8072
933654 11 2692
947843 13 2816
939545 90 3979
910506 13 7054
973640 49 1433
983338 46 922
992003 71 3796
960655 4 2161
971521 13 8202
962015 65 3920
959926 59 8359
909970 7 4716
921761 20 3657
961001 56 1858
951230 15 7032
975161 26 7771
909797 14 2762
946823 49 1789
951619 87 4914
914460 90 9341
953684 16 7395
987584 10 6301
998402 52 1154
992561 80 5528
981889 26 4145
910412 54 5364
979079 98 1609
933738 70 5364
977321 56 940
902500 33 9539
913496 14 5305
942873 10 5509
970109 31 8334
907891 79 3311
917182 96 1953
994690 29 3522
998110 54 8485
907628 2 4182
975823 14 7035
999896 79 5743
939716 95 2968
968137 78 8886
915193 73 2589
934635 51 3315
916943 70 6712
937197 49 7754
905633 90 7609
989714 43 9391
989629 13 2608
993689 55 1200
925467 71 4851
913596 20 8867
904765 14 2703
909788 94 6963
901410 33 1904
948783 75 2892
919909 28 3488
972526 20 6138
909395 67 4093
977432 14 7347
998732 87 8070
982026 95 6033
907775 63 5162
944143 4 8912
944360 96 1731
982038 67 8175
925318 94 1400
981429 85 950
969793 65 1617
909684 49 5411
911809 81 1058
906513 13 7347
951028 86 5742
932004 9 1490
976420 97 5079
981272 94 9958
922981 85 7539
912797 21 125
966072 89 4942
909071 67 9229
950229 16 7311
958933 24 2277
940191 19 5148
999612 5 9856
981181 94 1970
958803 63 1513
932271 10 3882
920843 55 6246
990539 71 5444
913232 62 7996
959078 23 960
991201 53 9047
902127 22 8797
931394 17 1845
907125 5 5300
909371 98 7325
954131 87 7627
921578 94 7636
971146 99 5011
990480 12 9578
963533 55 4539
987633 91 8858
938521 1 3375
989081 16 1520
942598 38 9927
918989 48 6571
985134 46 5444
998356 85 9424
919187 26 6914
946623 93 4602
921524 65 4424
945113 54 6143
920339 80 7003
915690 93 2978
918744 13 9604
923894 15 7395
990630 62 2390
936138 18 7514
992839 29 3324
927309 26 8955
930348 82 7039
962178 82 7406
973662 65 7862
956106 37 8843
975595 16 7980
978590 28 2407
914399 54 7502
995621 66 4474
969306 1 6938
994929 3 4856
916133 18 1820
954701 69 5894
953541 46 1974
903498 21 1710
921870 55 5233
993457 93 6252
903466 88 5391
935740 18 780
905082 41 2443
953402 92 994
944202 94 6006
920578 44 1455
966464 85 5980
997363 66 222
971299 34 972
926540 60 6017
946982 23 6997
913053 32 5100
966685 60 3665
924667 80 6990
909731 35 6436
979444 30 1115
956331 80 5472
967728 4 829
901271 52 7469
945869 63 5873
910198 99 8673
956137 6 5400
912254 18 5567
946093 17 9361
930764 81 4924
908284 51 2751
979724 63 3070
972649 69 5396
937535 41 5066
935734 21 8600
910392 48 9399
978404 60 8021
917303 50 7721
929163 40 4071
967172 91 8489
908033 9 4359
975545 32 6433
954861 96 7691
965229 50 6181
986696 47 7916
907192 18 5784
996609 72 450
983250 40 8956
985710 37 2800
942324 65 3045
920060 66 7621
943608 97 1249
992253 91 4688
947542 83 314
972974 69 5372
928015 18 2742
998113 7 6755
997317 49 3871
961654 67 9083
928018 100 4702
992588 61 6748
969064 89 9767
980447 89 4181
938792 100 9194
936920 88 4928
982778 18 2991
957237 75 4313
983911 79 8046
960721 41 8615
964999 67 307
981474 54 3442
968171 66 8994
935758 84 2807
985242 68 4118
969171 75 8962
903378 57 3367
912281 33 6726
959180 72 912
927327 42 7050
935748 64 2361
926281 20 3056
920849 92 100
964138 23 7787
964956 63 8609
921424 52 3950
962990 68 5786
955763 28 9472
969557 28 1865
966564 10 5817
994615 5 1053
941868 32 8168
950839 56 169
948516 50 3999
948565 48 2065
973880 34 842
992683 99 5760
934919 96 7541
989599 100 3451
985316 37 1737
955315 74 3797
990414 100 3419
928475 79 9295
997970 75 9060
940231 38 6243
976651 87 4320
917674 84 1729
967505 51 6346
929154 61 7064
933285 94 8794
938259 13 7402
907547 91 389
913659 12 5179
953506 6 5535
985340 22 5743
927347 10 7035
942637 57 8331
973543 78 4033
964653 55 5207
941637 41 1839
950834 7 1063
902429 42 7100
940969 74 1424
964865 26 7627
918304 90 4353
944528 64 621
973403 61 658
960827 26 5238
989530 35 418
936185 18 1383
900418 63 9551
931458 38 8648
955506 89 6398
932174 33 6914
969939 67 808
990453 70 2996
957248 18 3081
942627 26 9904
917233 1 7575
943599 30 4222
935018 79 7122
990211 82 2662
972352 80 5312
956578 79 8998
923208 26 5541
915153 32 4611
911537 41 8300
918385 80 5785
943116 42 2177
991291 41 7391
956135 13 8646
943392 7 1957
974645 40 7241
952853 32 5256
965661 89 6848
984239 32 2983
968136 30 9858
976214 21 7763
910699 53 619
910118 52 92
906289 15 6513
968679 9 1794
912810 19 7671
983000 83 7095
988919 23 1483
902275 14 4272
962223 37 6757
929939 69 1747
999715 74 9366
935135 36 5544
993291 13 5071
980835 63 5054
980390 87 4240
918074 54 5570
934654 2 7628
999307 50 5728
947755 93 2977
984837 47 4745
953355 73 2818
958363 44 7917
910245 41 1287
997300 75 6691
931449 23 8881
990477 47 41
941772 85 4344
926769 25 9122
974182 86 7854
935520 93 3568
971663 12 3976
944171 74 8515
967103 8 2805
924934 50 3520
975293 33 6921
923799 30 8521
923508 60 2994
994843 30 3431
941933 48 6825
908384 79 76
981550 82 3262
944028 60 8596
919069 51 6576
919513 8 6636
906437 57 6141
985299 34 7618
920628 51 7391
938491 9 3131
907625 5 7537
992608 63 4204
941423 85 3350
939510 36 3510
989989 90 6504
994987 56 9526
983604 86 6667
986630 96 1776
978646 73 4551
956132 93 1858
905639 49 7101
935266 61 6111
977793 63 8502
957475 59 4140
987770 19 7498
996742 29 3614
975607 34 1038
982443 94 7983
961319 18 8931
900942 99 2965
998974 72 5811
995208 30 7763
997282 50 7085
919225 54 4028
945211 91 3930
904772 62 4485
964226 53 3981
967596 85 9232
923859 70 9506
967286 79 4233
934781 16 1143
950991 73 3635
955826 44 2468
964250 93 8782
903677 31 2292
931310 89 7863
928362 7 5254
986809 13 7257
932614 51 2792
961199 21 2601
946195 83 2879
990954 84 6354
916550 99 4024
935242 71 3044
924799 57 6705
985686 16 5773
944929 49 4855
907658 33 283
968102 69 5386
994221 92 4554
993630 56 6815
948606 77 5301
954739 88 1027
966622 78 376
953077 70 3745
901020 77 6625
933904 82 2443
931470 27 6503
906522 5 5018
949469 78 3309
913929 38 1487
956991 30 3905
923213 93 5143
908687 71 4025
911704 75 7647
958365 49 4086
924203 99 4406
957242 40 7348
954305 94 2680
996997 22 5785
912218 57 9613
946456 90 8452
965258 15 9147
980384 9 9406
935710 75 8087
980348 70 6225
967676 47 936
923927 64 4833
913420 56 6620
911984 38 7831
928195 3 9043
917247 60 3653
998133 16 2927
913433 56 9432
975196 8 167
998548 16 406
991694 81 1384
922409 1 2260
977347 58 2155
988192 41 6154
997407 17 3339
973298 81 420
903721 3 8168
992719 72 5061
921234 66 6962
999101 59 8027
927010 92 4397
997374 34 5385
982802 53 8468
908328 61 4065
956709 8 2057
907408 68 3439
979640 9 6088
979111 95 5654
954997 76 7358
954507 36 8048
963551 1 161
903351 42 8754
931469 95 30
986330 39 2485
979600 90 4985
946320 10 4060
965465 73 7240
966708 89 2188
962174 21 5531
965223 37 2320
929521 30 8167
949887 20 8654
900459 14 6571
955053 48 7865
902383 86 2768
913502 66 9111
966928 2 3213
949417 55 7607
970414 45 2630
914975 79 6882
999713 53 5630
999842 70 2931
978994 28 5543
984264 10 7164
924891 51 9069
923977 56 9926
945344 83 4655
923020 72 1855
968031 39 1463
929218 47 6361
978268 1 8343
934418 89 7967
920978 79 2444
907449 18 6503
962769 19 8731
901251 72 7941
949001 94 4944
919813 91 1798
976982 12 3049
931129 44 9855
925051 8 1153
946822 23 966
925989 96 7522
944368 98 9510
991237 54 6159
993699 73 4687
958358 76 1113
983883 70 530
992964 43 4204
981767 100 4136
900484 31 6433
959120 58 7646
948557 23 1962
915781 15 1254
959349 32 4901
972591 33 1997
950670 99 2083
989904 27 1343
981314 26 2521
905947 4 6218
932166 96 2665
957779 12 5181
932981 37 4243
937557 40 1188
995199 87 1135
909583 90 8991
936015 87 6850
963354 67 1600
919990 34 4632
980188 28 7235
927268 94 70
962907 40 8416
924264 39 2092
937411 97 4824
944646 3 1889
979040 95 8862
941644 82 4301
922890 22 9972
930541 72 4667
991285 64 6414
919842 91 6778
936937 35 5960
921874 5 408
934715 7 8332
926845 51 7835
966290 99 3731
929786 17 1742
909817 60 967
962550 1 4039
980495 33 6498
988848 98 4050
971161 4 4561
973004 69 1000
938436 82 8268
953894 68 726
931140 91 2215
913194 26 2679
931886 11 5349
916300 50 3759
991169 18 9052
945362 20 1004
963178 16 3575
925323 4 8651
940346 43 7815
975519 89 7542
932108 40 955
924009 23 8421
996712 68 9893
970483 97 2000
979700 9 679
991726 58 347
940209 7 8433
993947 44 6679
972360 77 7888
988325 68 1920
973131 48 9942
974059 96 8494
900195 95 512
974485 43 9723
900015 27 7986
988398 95 4781
914510 10 2098
969151 42 9553
952249 19 6795
900351 46 7431
918665 95 1560
950034 7 1826
981139 47 956
961301 17 4476
963391 86 9889
952006 15 7677
989511 40 3607
970698 91 6095
970912 74 5906
919569 40 509
918656 24 9539
952798 79 7315
953063 32 1416
996167 31 2830
913427 93 1970
965859 36 2103
957967 49 1799
917114 17 6221
926948 98 136
963436 38 7004
984692 42 229
972458 98 4565
964556 50 2485
966556 50 7799
989546 57 5110
929407 24 2009
908354 84 1128
949281 30 3021
959973 13 1840
980690 85 6847
914521 86 994
994472 43 2744
993752 98 9273
908230 14 4888
987892 85 8273
909082 56 207
938431 37 4479
953698 50 3798
936137 1 6416
961395 21 2497
916292 14 7051
946551 14 3196
977823 67 7332
927492 23 3757
973909 53 8225
909541 19 3734
960724 19 8781
915620 54 106
994534 29 9058
996045 63 3249
924885 3 2158
987572 39 2851
992868 38 8760
970002 27 3029
999785 56 7361
993342 100 8710
965199 4 9195
991181 59 6812
931363 51 5399
996264 81 1391
945477 7 2443
954121 64 3406
900447 26 9948
957219 82 7749
939383 16 5314
915205 27 3147
995234 83 47
961507 87 1519
923219 30 846
958866 22 2812
992743 93 1625
950510 89 9337
977362 13 5468
924173 16 8416
905578 35 2214
995637 53 7492
916222 66 4500
925610 93 4365
900784 27 3087
972530 2 8320
921583 90 379
990786 58 4791
949039 96 1292
902630 83 9518
952616 62 1849
935106 58 8490
918785 16 5909
939836 82 1108
974509 32 1656
922576 19 8249
988313 8 9227
919585 95 5242
968686 71 1382
946555 56 4726
900367 7 9492
949960 71 6536
934906 13 6688
941975 59 7492
948282 7 9816
982795 57 2149
937014 57 9524
973527 74 7576
970525 79 1753
959766 76 1532
979039 1 4248
935511 13 9782
909724 88 1840
974178 95 4817
982603 39 3796
964804 89 2917
954378 99 4303
913876 17 9136
951554 72 6437
971715 97 1803
967078 74 5911
932344 33 1368
943950 66 2730
964043 55 3023
931657 64 690
930155 77 2109
970735 90 4120
900211 62 2441
990936 60 8835
983473 8 3834
938929 81 5472
966988 9 333
909184 18 8307
908811 22 5281
910010 6 2204
952026 54 8039
971220 100 2507
950920 20 4639
972250 2 3938
922013 63 8812
970420 41 1366
941206 71 5017
966569 75 7185
900078 33 9116
919839 18 7157
928006 16 4775
989841 31 3552
919571 56 4436
923220 99 9727
972920 76 9281
963582 99 2351
959488 17 2140
990421 93 2688
984100 9 8394
977275 89 6406
991206 37 5239
950759 16 9842
967267 56 5671
986497 68 8297
969237 64 8271
960472 55 7174
967419 40 6798
900844 98 7184
913321 76 3268
909752 91 4536
945301 25 2683
945694 17 2678
959992 82 5687
935980 11 6291
912250 78 5973
975423 4 20
962299 91 5998
978171 31 4289
939347 57 3777
931306 9 2804
999757 69 4104
923864 8 3377
918096 29 9728
996557 15 2807
909973 62 9354
925723 96 463
977699 93 1953
975286 78 8832
903240 71 307
977724 77 3069
972195 26 971
968507 7 8001
961271 15 253
901988 26 7767
961590 40 5741
958383 14 9117
946343 90 8101
909655 38 6654
966263 39 8682
905060 30 2737
939123 73 3593
925589 87 3654
900580 43 9746
982672 76 979
912968 55 3369
998949 66 8841
937307 33 6125
926684 34 9584
905442 44 5832
989967 49 2742
962909 26 9802
964729 47 5879
986160 60 9975
907925 72 3470
963697 1 4375
946646 32 5213
980981 53 4693
965710 78 227
959580 71 727
902394 13 1644
913764 9 2901
994731 96 6167
927957 13 5838
993573 39 479
948893 32 1548
971764 59 7458
905955 75 1141
933873 90 8620
907406 23 1068
962009 42 1155
939273 87 6292
926184 98 2683
960987 2 7511
904401 17 2225
939981 99 9005
984014 27 4968
933218 81 7194
984242 38 1694
965187 53 5839
997160 19 8015
926515 6 7156
966543 62 6295
951919 54 5279
982286 94 1025
939013 85 7693
948879 47 6883
996514 58 6761
903422 43 8440
954855 71 4539
993539 100 9307
969700 100 517
951091 8 1007
923936 9 7994
904105 8 6404
959564 39 4661
921748 1 3623
911492 28 6608
921189 18 1380
949658 65 7472
947504 65 6711
925764 30 7380
988089 40 2725
954052 84 262
916234 82 5765
917101 71 4726
912108 26 4617
936807 78 3970
960241 85 1146
904622 4 1079
962456 10 8508
906288 5 5339
984462 38 1662
981478 47 955
963356 98 8127
980336 62 867
903183 19 465
905928 67 6074
989825 14 651
917601 39 2692
959663 86 1999
920537 99 1942
930213 62 2300
994383 82 5841
957258 37 1085
949943 3 9751
925792 86 8889
967031 42 798
933010 6 8065
944827 56 8359
971742 89 9398
900369 1 7774
919244 57 4592
923432 17 4461
932691 81 3030
960893 38 4783
969388 39 3012
951377 32 9620
900188 61 6151
937329 46 5398
996456 84 9908
933263 40 8920
952965 8 4172
992519 19 552
973364 47 2074
919009 93 6596
987559 85 9968
909924 11 4067
961466 11 9470
950741 2 6513
975960 10 3347
978190 51 698
971820 38 2232
955026 3 6448
992376 91 2562
939758 13 5148
987550 69 2289
990685 6 5012
941265 16 8389
956157 72 2018
930598 97 8683
982529 33 7569
925676 85 2634
967274 48 7292
909439 20 7308
993384 50 7827
971000 70 2478
956237 54 9265
975047 75 476
942249 81 4624
977263 4 4530
988095 100 8878
992012 7 2932
923923 61 9714
914508 35 9803
910930 39 3287
950929 34 9334
964744 11 7090
943544 27 1251
953122 73 2472
959615 64 5993
960144 5 8636
946096 96 7204
970599 41 8329
962254 79 2643
902091 35 8777
972637 76 1737
926658 84 6273
940202 45 4323
973199 82 953
923648 16 7575
998877 5 5758
992277 38 3151
961523 70 7286
945722 2 8958
961402 2 9490
921479 62 3413
908845 56 6186
904056 44 1881
956590 86 1386
948458 75 8192
904958 87 1041
962804 18 6397
923268 2 3658
995325 79 6978
916753 38 1418
935596 5 6665
938532 58 759
937422 94 2909
928492 71 6994
960491 93 358
963435 36 7781
987978 78 9095
979682 59 4847
925242 2 5976
914363 73 6817
996157 60 6248
945450 38 4185
973282 96 9048
903446 29 1231
952099 56 5609
998928 98 2809
962980 91 5358
941152 37 9219
915196 92 9684
954482 18 684
942835 18 3457
925337 76 4651
997438 66 7644
930919 25 5492
932615 76 3526
912008 21 24
988503 4 5503
954516 1 1368
964057 91 4143
988956 16 2008
925955 46 2768
958313 19 3128
919655 27 223
933441 48 9578
995692 78 1716
901627 30 3632
988424 6 1253
928648 93 4984
936958 81 5315
905215 2 3746
974537 66 3156
984666 97 4244
955959 23 7509
995509 72 2820
960986 47 5017
949457 88 5304
941082 70 6971
953836 100 2302
950876 7 9716
906368 14 3421
996784 16 5610
944413 72 3639
912644 29 3989
966347 52 8999
960769 80 6604
987539 19 220
986194 25 8285
999323 54 1109
909552 71 7438
978561 39 5895
913380 46 2712
992813 83 852
907869 79 4844
953747 75 8453
953333 12 555
996145 16 6532
974986 15 2992
987215 68 877
943061 34 9466
994945 92 3301
978512 1 199
984072 23 9203
978327 48 9699
977549 65 1161
994971 76 957
968689 89 9740
987115 35 7792
994458 24 9156
965818 13 6219
937998 7 880
934271 37 6751
985932 61 6397
944629 80 885
975820 77 2320
974677 77 8974
911433 99 4344
905441 37 8968
994676 95 977
912734 40 4390
977949 20 8435
963709 40 4304
935183 14 6319
950262 35 984
928567 54 2751
966567 33 2132
998521 98 4277
943068 24 6942
960632 57 7774
909775 36 6944
960052 5 2748
941291 45 9662
997729 37 9628
911864 87 8394
994851 22 4939
916226 78 2652
952620 25 9783
931111 51 7188
905943 78 3434
916310 29 7828
990038 85 461
937874 12 4481
968767 96 1548
915873 14 9340
957637 56 7614
978984 11 7695
934134 37 9003
990721 12 3880
983603 63 7019
944300 82 3718
909177 59 7821
960710 81 6440
918690 14 5022
932644 82 4197
950191 9 533
987122 65 7193
912690 66 5425
941072 52 4025
998730 41 6778
958570 20 2045
981901 4 5155
941816 71 3730
940702 75 6689
906695 16 194
976179 84 1773
930610 15 721
989592 64 7431
935144 8 2227
940544 80 8966
969824 50 7811
915952 48 2520
912490 100 8134
974213 50 2739
932879 50 6148
990415 23 6678
955742 62 6678
903136 38 9422
920526 2 2620
951959 10 5375
907975 25 8333
927887 34 9743
942333 8 4512
937523 63 7175
961723 32 3585
922175 3 2510
919277 23 8093
913285 12 6481
979512 9 4478
977806 30 3203
959032 52 3039
993567 67 136
982292 52 7192
998750 17 3115
936765 9 8943
902649 72 9213
924145 25 3500
961544 7 9319
957591 66 4499
948681 72 3757
928401 99 1208
981622 51 1847
936122 80 9729
939864 14 7260
947133 45 7110
969734 8 7184
902524 5 3882
963531 55 6697
983033 85 1247
970523 24 2667
931345 53 1858
944946 69 7575
954308 52 1357
996133 90 9098
973106 2 7760
939671 22 2032
920261 84 4998
910420 16 6607
918826 19 3550
987099 39 7999
949163 69 8437
908376 38 6632
950557 20 1246
936057 6 3304
961576 29 7654
923689 46 934
910432 89 9277
937008 85 9638
936768 85 1676
909974 29 6463
927672 10 359
963238 16 4592
981654 79 2817
932860 64 2122
975174 14 9082
902694 18 1225
940237 19 184
920192 39 1168
972898 32 5477
926951 76 7635
990551 65 8745
913386 17 3548
957293 66 3455
922166 83 4322
968670 6 3449
959121 34 9514
976935 73 3760
905667 73 1426
919841 64 8674
953245 70 7807
910703 53 1640
911507 12 3862
945002 50 6152
908878 27 1036
968563 49 8500
915593 60 1651
960812 22 5699
961318 32 9475
941811 92 3979
953249 14 5163
937395 25 8385
994913 2 4499
981600 18 3712
921440 6 8231
957279 95 9258
969441 5 5617
981750 68 3845
993873 83 2186
921743 11 1453
983368 90 3529
970927 15 5791
920428 84 8886
989784 68 3860
997755 43 7336
965749 33 3426
924500 19 7589
937835 25 2864
940891 12 2908
916265 71 6269
982637 38 7729
931994 10 4709
971098 65 484
956982 5 1123
934893 1883
935875 1467
913702 2077
926442 288
953818 3934
942270 4864
944845 8230
923087 9040
902928 9090
993463 9714
952632 5117
909425 6355
977308 9590
944302 9605
967071 9348
959006 9
958968 9720
912967 469
947313 6694
977358 3851
950495 8595
967199 2030
914024 6593
975649 2767
976718 1102
979201 4572
909105 40
952529 6557
983911 3326
971700 3698
921728 6638
919815 3336
938891 5544
948383 9269
951661 5247
988161 5700
939027 5261
911415 290
957776 9911
986834 4627
947879 4193
939943 198
900412 9734
956726 6200
913822 700
990449 1821
973233 9303
907530 4608
914173 3377
945430 484
928256 6005
975786 4958
910797 9205
978883 8951
922025 5271
962920 5504
933620 5891
945529 2872
914302 9827
973740 8852
919884 8749
906691 5161
994612 5170
912100 8532
942686 1263
927859 9999
915435 200
982093 2896
979915 7010
949433 1478
943003 8362
948706 9696
971546 8991
960927 4992
926370 7219
932744 7132
935708 8681
922601 5034
962893 3312
967497 4570
909110 408
900994 3796
947815 5350
968986 8495
933800 1621
934160 9895
922913 4237
984411 7584
921464 34
919318 495
924745 4575
940665 1645
975107 1397
945141 4027
912274 9434
973594 1101
908060 6963
942970 6452
937126 875
962587 9410
930501 7202
982460 1077
969686 9579
993169 6315
917487 1670
927599 1678
924897 2236
906576 9996
962071 9145
959709 7122
926630 5806
964677 1744
950354 8875
957308 4945
966437 9492
951193 9225
952970 7226
981814 6694
939424 2651
944452 6025
903099 9900
905549 6136
955265 9422
912169 209
983761 8165
950226 3758
900781 7519
923756 7858
962704 6308
921456 2539
973874 6109
996894 9607
971932 7530
923540 7444
994801 6514
938423 6819
959753 9305
919384 5779
918173 4855
962112 9172
933069 9495
979258 5505
960169 8946
962136 4417
968188 6443
900823 1899
945824 2373
931147 1887
913772 9470
921976 3213
945895 8817
913397 4362
913868 3119
974174 6751
902235 9850
961671 884
904520 785
994705 5894
922901 1712
977513 1389
988188 1615
900541 4734
930112 4584
965313 4055
921809 177
955711 9684
918097 9785
959414 8918
901166 6327
994596 6915
915904 7497
952367 2356
912412 1861
996466 3246
904532 9408
916483 6857
943794 9981
950786 860
960758 6580
998154 1645
983463 9625
940457 9499
963154 4799
915408 5065
949104 460
936871 9741
999370 1587
978413 1443
940113 9749
963448 8098
995037 3935
946450 2907
965286 5743
911301 5924
964771 6560
949908 3002
941291 9672
984110 7054
968377 5597
945511 7734
963262 5841
909441 7294
907769 6425
967822 129
997320 8181
929457 9222
949206 9974
954159 8732
951777 7862
901891 8304
954585 5133
955324 6909
900324 6320
982591 9796
903679 8680
923863 4944
928865 6035
933604 5716
923624 3721
985929 9292
932808 3859
931658 4902
909154 5949
957801 8694
968866 7497
933129 3528
947210 6874
916291 9242
966332 6305
921594 5187
942728 6965
922594 8169
955616 8086
982606 1836
901846 6752
913311 2954
922277 9327
999499 2653
996462 9919
980836 5253
964286 9444
985556 8083
996007 2141
905436 972
915658 2012
944314 9903
986040 8075
923293 3673
939129 7333
997641 9822
940916 5678
999531 5844
932436 1969
986405 4627
962881 2669
919581 5080
985398 2127
997980 7191
959457 7058
935751 9664
951255 9911
981167 5032
986059 2586
999574 9901
966218 7589
947486 1818
986817 845
983348 8810
907038 3858
983513 8868
967133 3082
940426 8800
975049 8034
948580 7882
936526 1552
967943 4787
984853 7602
962618 6850
904691 4134
908178 8121
985906 7377
901436 745
969519 1731
977392 303
935149 7113
947639 57
978278 9030
978209 7719
990748 2346
997586 6832
950733 9869
948255 9906
971752 9702
997875 7256
974611 785
981571 433
914639 3198
981251 9979
905849 6841
905490 372
940178 5712
953005 6567
933257 4055
930950 2248
982912 4149
903756 1372
970950 5429
900014 5158
966101 6472
946945 8796
936756 4799
935948 7933
929079 4031
957834 1328
999559 8650
954154 9133
980703 2116
988179 8756
925538 8397
951862 9569
914353 7728
946494 9549
912329 1476
993748 5590
949119 8240
995163 2586
954040 5202
904321 4433
950460 3776
927665 2652
912934 4897
900596 9791
933797 9130
951636 1948
936300 1874
962868 1085
969575 8377
996381 2508
902323 6082
908718 7968
909528 4067
951923 1597
990625 688
981083 8384
983209 237
995708 8674
960636 9845
959574 9939
921718 785
943310 9970
962150 3821
910753 8467
949491 6039
994538 4973
912399 3373
969877 8756
945439 3102
919174 8939
967107 9292
904108 6426
931801 9617
980147 5885
943761 8150
942992 9088
926868 9924
991730 6283
941259 4571
973108 9349
942191 2453
919571 3186
931215 6463
991969 6580
928431 7678
920713 2797
924380 7261
954136 5454
958032 1677
985636 137
956044 7653
989622 3602
954859 9269
930613 4788
968951 76
991716 7453
921195 2183
902063 7160
933420 7788
909649 8815
929437 6392
985503 9947
990998 7796
936988 9033
994374 2037
934034 9569
929887 7533
951700 770
961437 9507
923082 2860
910161 9008
969704 8806
967059 3652
909751 4653
938410 9685
983361 9990
901729 2561
902629 6569
973591 4048
986070 7910
957292 4090
903171 9487
925758 476
939353 2951
978976 9018
914041 3465
941569 4241
927744 9028
964232 9962
918642 7647
942430 8748
902768 9716
940924 6763
973532 396
968926 9750
997548 746
974631 1942
909702 15
971869 4421
959716 8926
937350 2249
939124 9221
998990 689
982379 3737
978042 794
906271 1251
908195 2376
955506 7257
912403 1368
944734 4814
978483 8650
990471 7242
921423 2132
947363 9650
977166 4354
968269 9892
922147 3261
959675 9799
972615 628
954047 8408
994522 4014
980949 5478
956133 1751
969223 9759
972093 8348
918386 401
935321 6659
923723 5655
961072 3357
998404 8736
947146 6106
963759 9387
975775 6621
949346 3091
937622 130
906943 2009
956173 3567
987797 9344
908835 3647
972891 679
952242 1128
998799 3382
992605 28
929442 4648
926983 8447
915797 8802
936059 9840
982482 7146
999671 2973
974752 5841
997715 840
920430 143
979444 8331
922320 9050
973935 394
936086 4297
922569 4782
953412 679
971759 534
941210 6322
905641 4805
938577 6904
991719 9797
995108 3853
994157 9815
969774 3017
948422 1703
923561 5228
907626 5255
906133 9419
995264 964
988971 527
907953 3065
973725 1443
918458 8962
903570 1510
928138 9523
951083 1675
980860 5750
949421 2793
936292 2452
950439 289
963960 921
992738 9318
957047 2327
976790 4803
996138 5790
965995 5388
981792 9940
943112 3696
991321 5013
935617 1283
952315 9459
942014 6248
953766 9184
943539 7894
913257 896
993625 5686
920950 1682
900715 3372
974244 615
993877 2829
939675 7437
900730 8778
973666 9709
960236 5186
980384 4434
964056 3441
997502 3264
989385 9392
998308 9238
905324 6109
996738 8684
922751 4193
952524 8049
975157 6418
944105 2951
998922 457
947874 9284
925791 9122
911500 2753
955985 7307
999418 5290
996536 2720
948428 831
938240 1082
923285 3029
900006 3967
991365 5216
943209 9691
953348 9921
995525 6999
902853 5200
932036 1923
960710 795
963790 2865
903594 7143
957916 7656
989015 8145
985135 4587
934477 2126
960820 4737
919004 4812
994788 1194
910956 4524
996905 7903
922148 2905
940230 4352
946377 6204
996325 7449
916618 5547
926878 2114
980755 4087
990637 369
942562 9994
988009 5902
934961 3109
942722 5205
983718 2314
987269 3587
943201 2015
934014 1688
934577 531
906558 7434
970800 9828
933310 9895
944472 9768
917533 5052
928741 8570
939924 8476
911104 8657
955206 7581
910477 4933
944218 925
972196 9355
936562 8548
922906 9999
908857 9905
979163 1323
942842 4619
930812 4106
936971 3716
931115 5892
900506 5878
910757 4664
943066 3300
928778 6549
907985 4942
937728 2330
910773 8431
998509 2734
969906 2693
978257 9977
939629 9796
904889 9527
975369 4211
982280 6664
999946 1219
997597 7578
952135 6789
934681 6801
928381 1246
946116 2613
910451 1969
991152 7729
957728 452
938637 8602
987562 2020
912007 9518
987969 462
903972 7055
995883 8197
966708 5654
971280 9505
915243 3486
962501 7926
938138 3232
957207 3784
958075 1677
983429 6068
974094 9046
921900 2015
986181 9661
937641 9474
997496 2355
938061 5857
996960 5176
979972 9741
913218 8666
986164 9982
997899 463
962788 9955
949580 3987
984569 4960
972955 4088
920673 9265
905371 4182
955975 8297
916033 7159
960083 6702
973101 7207
976328 1144
960701 7392
989569 7694
911677 147
913412 5902
960741 6949
929056 4715
931459 5941
915193 1441
927352 1668
969344 9536
941117 2051
953778 1767
924286 4684
987166 7604
918749 2242
923969 4072
927876 8435
967310 1367
940471 1147
942309 9555
982437 2724
981770 9152
907910 8561
912481 8667
974888 9288
926922 5150
992676 900
901099 2155
901027 9895
986924 6964
920261 3552
930637 8322
981128 9119
967665 1283
980517 9548
947187 5881
990225 9938
958951 1963
902546 8717
912356 9984
920703 6573
959572 3471
904860 4073
937359 9209
993867 9819
974319 5927
923848 8440
997773 9782
957679 3440
903851 4115
944996 2418
902795 208
957069 9908
963491 2535
951565 9581
947315 9132
950711 5597
990372 8331
942065 82
954457 7419
955738 5313
917438 2915
949581 2507
902340 6546
921381 5618
916199 2905
993570 9069
918700 7610
987749 4486
977639 9709
903236 3690
944621 6050
999394 3753
950648 9142
920745 993
953379 9981
968386 2451
905441 1918
913384 2760
935918 1805
944975 9562
926613 3139
993839 9852
971507 1637
972745 3845
940452 5238
967524 4768
970134 8302
909040 3225
902605 4174
995261 6110
974476 9926
915095 8682
943687 6724
983813 5156
988651 1680
990852 4488
929098 7300
956319 9686
933619 6215
987019 214
949010 1396
965488 4218
993834 584
927070 74
987316 9937
948461 4859
934524 7520
976928 8765
921875 4220
966006 4590
995495 124
980496 2664
946224 8155
924661 2949
949636 2170
977438 6529
919064 7855
961191 8310
967596 6317
971981 5331
947635 7273
961520 979
968575 2753
995554 5586
921951 1484
991266 4654
998944 9545
900445 2910
967845 1318
932239 617
945786 3768
936853 1881
909185 5
925252 7674
901985 4427
965306 9263
987694 4979
932833 445
997867 3985
903009 221
918897 6141
952967 3268
905701 8195
942508 1033
974146 1470
902563 8094
987066 7370
935163 922
991354 8937
902285 7570
974960 3390
982540 2608
986115 2310
945247 2064
980601 5293
994865 5578
936270 4256
951154 7650
918927 7119
973724 3669
914520 9816
932720 5377
942196 9109
965091 2960
928214 8193
998061 6101
943021 8742
951179 6741
922915 8772
963800 2008
956892 7754
914483 9138
924395 9925
929309 2261
990710 6953
902753 3005
934115 9878
919599 7794
914094 9718
945759 3822
921670 9869
963372 5937
910949 9731
978553 8216
905351 6956
910588 8847
928220 9318
969974 1518
916798 8684
934101 777
980450 5843
900281 1842
909457 2056
931850 6171
904841 6432
918934 9832
918463 9563
904155 4280
951844 6378
957319 6837
993498 6958
982246 1693
964362 6173
905755 1394
994832 8078
900629 1076
972989 7303
961300 9615
995204 3650
962457 7970
975153 1684
900524 9961
902123 9574
995604 4088
924457 2664
998336 3414
968610 7552
947207 5723
997039 5957
988711 2178
966588 4834
982201 5002
990984 4394
909964 2626
942303 6203
941171 2021
925358 2681
984948 6534
987235 3343
986063 7471
956462 7016
906923 966
988858 9180
935959 2247
964099 352
999132 5423
905017 1682
949275 7051
999885 8608
973516 676
911062 9340
927404 7695
919788 8251
913103 21
950294 917
911887 7090
906251 445
908372 9179
917543 5568
969365 7264
912110 8134
904266 9763
938793 3747
914415 293
992538 5693
984635 3765
940822 2767
997932 3637
917969 2623
940533 8048
950602 1465
906413 6252
954694 762
991296 8591
955553 7172
980772 9641
949049 7473
986359 5822
921963 8459
949621 5223
979668 1309
905485 9600
921435 8018
960246 9356
931707 8349
915000 1468
917416 8592
903741 8111
900708 8693
992468 7066
961100 9835
983430 1503
969226 879
939242 2433
903032 9673
973852 7937
943409 8946
946821 2338
975513 8431
994495 223
926231 8164
950974 6139
966003 5387
908298 5016
967522 3289
951943 2242
962904 9926
937592 268
958389 5354
945886 3058
900830 2180
931138 9865
986660 1616
918213 1097
918754 3104
913595 2686
968213 9289
906590 7234
932619 7392
902153 1400
952617 9819
960734 2062
925719 1901
965212 2581
934081 2915
904949 8210
931523 4426
969038 9825
971474 263
904791 8107
905134 726
940835 1014
996258 2777
909913 9576
910648 1887
937138 7671
962462 2346
955768 6073
967626 9379
920803 2681
966132 6526
948998 630
942330 1443
951812 572
970476 870
956524 9350
913941 4685
912624 121
945003 1209
934223 3616
993438 5384
963408 9996
997603 4646
941376 4052
959253 8617
902282 2495
962862 9174
947892 9595
973676 8490
958371 4904
958524 393
937385 5136
915394 9969
988702 8593
987375 3475
911319 1406
954792 504
993069 3594
914848 6749
933372 6082
918287 9014
921726 7580
974048 1442
943632 8476
999065 3969
994036 3091
913389 9711
938514 7862
949645 9970
947448 1542
942645 9965
905696 3143
923557 69
928906 9837
999235 8995
901766 7033
998654 6168
912488 9940
987286 1510
986314 7964
943184 88
996065 6588
928631 7365
961369 4852
994943 6507
902697 7996
939718 5978
985490 4536
995858 9520
961317 854
948474 2133
992519 9133
924519 334
971502 3940
926730 7350
933765 9839
996111 8749
910565 7426
996465 5688
969254 7047
915314 8188
987868 9437
965231 6074
981928 6593
968009 5502
991148 9560
924520 8184
989395 6409
931768 3882
983402 6720
915485 5285
920982 2509
998106 3616
931511 1926
928633 2861
914541 4229
947802 4318
937229 9999
933802 1304
906742 7298
905491 9253
956535 140
933923 1841
912650 4940
921306 4207
979068 3273
951962 5522
999690 5489
968454 631
982069 5409
940027 1657
960930 3444
990307 3324
989450 8989
959484 374
997574 9512
919238 9675
973927 5603
987257 2916
924522 6646
990025 5103
965267 9229
967251 6179
957645 7292
958704 6699
960349 9407
939247 7041
950304 9994
930247 6113
940518 977
943158 1748
957158 2059
958593 9024
981307 6741
987300 6878
995659 2140
943487 4716
997967 4253
911599 888
997104 411
972856 6751
991628 4164
995336 4349
904897 1321
935688 7035
961980 3669
994870 3553
964120 7068
922831 2564
984662 4368
992375 2192
994076 7772
909977 6494
978804 5461
968510 7251
924164 4998
904881 5678
991109 876
933672 3770
951604 6312
980482 4886
904383 7945
945078 3868
951182 4950
924396 8538
917836 5508
902226 3556
991645 4808
953300 8023
923663 5804
992635 7745
991335 9603
975465 7229
919379 509
920818 3600
917507 311
913972 7527
949331 6674
986827 6603
931408 4886
905406 5056
978158 8266
910962 138
997946 4175
967557 7377
940536 9165
996703 9904
944560 4331
910615 5214
997600 2810
983134 5803
925667 9396
988554 857
977647 7188
904753 6476
948735 5123
979563 4401
905454 4367
912143 4407
936038 2456
966641 2621
983012 5236
936555 464
937982 6223
977212 4458
979337 9985
926537 7386
935244 2461
958492 4160
974211 5516
916838 8929
916736 9585
964535 9953
959038 2782
998755 869
959055 3896
945960 9151
936179 4958
927756 1272
950417 7089
982220 9789
968944 1897
990288 6398
933931 3067
969063 5366
994720 7872
930777 4465
999755 6938
910354 4690
939751 7172
995208 3891
991331 9102
900520 1411
930356 8811
921577 6755
927205 450
974869 3503
954157 7098
977015 6408
904397 7934
975356 6219
901082 8554
972783 9545
990137 3052
973081 1598
915360 8179
991636 6068
958537 7468
963425 395
998675 9189
930680 9280
972566 9783
965512 1319
984284 4011
934454 1382
959191 1544
958431 378
981761 481
951521 6197
925975 8346
905790 9186
987505 1714
911875 8721
922937 2178
944595 1693
945870 3935
964622 8469
952643 4646
907618 2079
978340 8204
903962 3125
962268 3506
966002 8188
963384 1355
920243 7642
976845 3222
928519 5950
940000 6327
965528 3091
996383 3927
933241 6548
928671 2653
924920 2918
933888 6395
917145 1633
978371 436
904195 1144
936494 7563
918599 136
986750 8255
963741 4774
941925 1840
975357 7028
975079 4385
911653 3037
911410 6907
999421 8282
910710 5676
993274 5988
942194 7987
922931 2825
926882 2246
948509 7879
983625 1381
967083 1918
995478 7688
914375 1062
940841 7331
983196 4598
952349 3400
982459 5097
926230 7881
907554 5656
966200 8700
994425 8185
910216 2695
995869 5835
976340 5599
955740 623
995481 8505
930713 9793
926887 3132
928287 8122
943107 794
989708 9322
957527 9775
928675 455
983101 4331
998807 7304
909210 5502
904136 5354
957295 8483
925150 6198
969524 2853
966780 6630
936098 2960
932746 5519
944596 3819
935949 7682
911531 4549
963825 4166
913089 2917
952260 9127
910935 5350
902515 498
945091 9424
961362 8458
991173 5099
905792 8293
943233 4948
947631 563
990893 2813
946657 9265
939445 2742
986596 7567
957849 2009
948009 2967
983763 1909
904893 821
933134 2219
950526 6385
997674 6308
963188 9120
904501 1740
965704 4504
921996 9533
907058 8092
906127 8919
987053 8727
968740 9912
916463 1546
940883 6951
966183 8657
969958 3477
900636 4515
988937 2191
967904 8821
923995 9876
963674 7503
926353 8678
939956 2184
902807 3494
913714 9514
919983 1564
959161 1957
969847 7878
990844 8711
964636 2492
954057 1470
975414 5402
934057 4438
955522 6746
923496 4421
981721 755
992515 1140
963824 1858
974852 9733
952195 2389
906744 2660
992968 4192
974266 500
994382 8158
984234 9470
964605 4838
984761 4971
985771 9147
938153 9949
922141 9637
943075 18
994551 2457
950331 6391
997915 1316
947103 5251
954969 8198
908504 2242
962358 4734
982372 6511
904354 1753
944788 6216
973327 4324
953350 2428
940196 2745
919470 9272
958441 1131
918371 3026
936414 7188
992781 5805
971908 2875
970550 3339
998713 4076
930765 4949
993907 7407
937469 8980
917298 6381
989349 239
915468 4141
919335 3604
925797 2836
921579 5782
990109 7039
925170 4316
946399 9880
959710 4216
927201 2712
992051 2427
902977 3993
926122 2022
928086 8122
918283 5701
947568 2337
998696 530
957049 5953
968507 6179
912126 4452
929904 4967
926901 9857
929723 8907
930776 9592
945340 7503
993346 7068
959932 4162
920786 2071
995650 5719
918926 1450
921495 602
989098 3716
959533 9008
996715 5249
973470 2931
950601 6390
975716 114
995580 8416
965082 7529
925733 9779
944541 9825
978807 8644
928858 8828
946797 9187
920040 5964
912716 6624
984151 1353
976174 5071
913709 8252
954036 6901
977074 6148
961029 7256
983481 4452
922892 2953
984430 5339
963475 15
964789 8215
983820 6822
989252 202
981991 8397
945468 9169
958889 3341
906317 7532
911244 7810
948395 2748
998826 6937
906522 5884
983839 5419
908993 8601
950940 8167
902413 1870
927242 4995
924966 8861
968157 9915
999724 2945
966454 9377
965910 9980
917261 1831
994691 896
945584 1303
967051 7837
991175 5144
979909 5349
975870 1099
919114 2587
922997 1454
958608 8714
908343 5134
972671 8001
968108 7498
909884 3380
913603 1201
985495 7280
959959 7549
964958 5492
987786 4260
950763 4420
901978 3927
965840 3877
934368 599
925138 6563
949288 8365
958788 7596
912227 9688
969957 701
955845 2880
928961 2281
992428 5125
945502 9460
909684 1694
946175 6653
957186 4032
993043 4165
970558 321
993176 5830
930371 9627
926349 4034
942949 8016
949822 1712
910283 9853
989903 6557
991687 9787
944821 4509
962658 1616
918400 9794
909088 9391
997308 4978
930894 2513
932736 9283
902418 6868
980887 6109
942986 7056
997777 2765
948593 8702
968830 7307
944795 9545
973670 5304
918467 2741
929657 8800
921850 7818
979100 927
968909 1290
969746 6843
945954 4161
998471 9550
913624 9791
982683 9541
989667 9352
987573 4530
987374 1389
972217 8753
981755 4050
944034 6728
998166 6786
910985 3217
949825 23
981085 8247
940724 5954
939575 7017
930143 9203
937477 9788
925171 6834
987437 8937
930308 3854
967809 4501
985958 929
938629 2580
927936 401
973970 3934
948001 1189
941867 3723
998056 7135
914414 3413
998476 5462
914186 8003
969806 2508
944531 4758
962421 895
919930 9789
924170 8770
921927 3412
961105 9821
990829 7575
938877 98
971042 4967
996923 2624
915127 5297
984546 9338
937579 9226
992981 5950
975170 9115
928508 9524
911941 1044
919016 7356
909129 5998
960697 6493
985998 4982
965184 6899
987812 8247
996364 1613
977535 3463
971433 9926
988158 1599
976387 5095
914455 4665
961993 7357
945045 1820
997624 3020
936323 7025
912805 8865
916831 8144
976877 8978
960617 8925
951396 1757
929172 9204
902522 5275
956608 8419
923343 7176
920071 3568
996990 4230
986349 4855
931538 5769
926700 660
988312 9229
907803 2121
977024 3113
901797 2904
903368 481
915178 354
920133 9997
994655 9634
941943 2067
943651 31
903235 9997
974243 4156
949844 9919
924738 5608
920509 3811
937616 3502
982190 8468
903092 5842
987407 3992
992763 1431
916410 2758
986938 5846
913636 1024
978047 4559
924784 5423
905572 1279
992258 3648
987579 9997
947444 2900
925033 8043
958744 3336
961219 518
978477 1883
967319 5838
986789 5937
923938 9987
983415 9684
995574 3725
965046 4184
960348 5404
940066 1662
918667 346
997680 6849
945009 4844
964757 4724
994974 9123
999847 5066
981039 9409
932491 2687
946073 5302
987362 7798
949320 491
978846 7590
919138 5206
928065 6879
933914 4521
979513 243
947703 8367
971994 5696
930646 2398
937532 2044
980128 7394
944549 9555
985926 206
920470 5589
985943 1753
966228 1934
957286 6193
955840 5509
923028 7692
967976 9984
995207 4090
913789 56
989140 4753
951256 8553
925787 3680
989655 73
979632 7147
969605 8271
976386 5610
990874 8178
919509 3915
972737 6178
921210 9568
923556 7170
938848 1168
943432 8505
976381 5240
943297 8150
970701 8268
926750 9312
952380 2433
941088 5874
968920 4129
911164 3908
912193 145
948136 3303
901951 5136
968970 921
948159 2101
904124 2129
903922 4460
996967 6119
932597 9444
907669 3926
954181 7332
981242 2757
956624 3006
992398 9961
954291 766
916917 1896
969984 4119
904622 9678
974564 9954
979393 7397
924691 5741
977849 439
928769 7066
988808 9821
952671 2854
968466 3914
989318 4021
968780 482
953483 3333
999649 7788
973009 4073
901617 2554
958758 5961
987929 2874
969767 9966
949008 3337
917605 4386
903956 5852
902383 4867
919874 4101
975027 6992
949866 8039
916225 9815
903106 8585
929532 5767
926180 6348
948300 7085
980283 8320
918325 7350
948285 5902
959833 9967
962592 1489
999780 9519
987609 8609
951475 9885
928237 6382
919003 2658
906822 3353
997338 4232
953550 4729
919869 6113
979481 622
942856 9662
971058 684
964938 7503
967360 5965
938090 8677
992769 6873
907509 570
971101 6594
949924 4773
952049 1414
903860 9947
925276 9987
927590 5721
987512 594
944675 1556
915955 7408
909752 879
917911 3689
951889 5383
974858 9714
951529 8455
985218 3848
965195 9793
916022 153
901888 2280
949757 4585
972352 2798
906386 4618
909163 7879
931332 4609
957105 9120
978578 2772
924389 9181
950557 8720
941123 6707
923894 2352
966087 5576
998254 3135
973994 8130
953828 7133
990798 2269
983600 7074
951200 9623
901403 3269
906369 4629
930622 7837
983756 1073
992477 8666
968277 3140
987020 1493
946429 1472
941440 7530
930703 2617
955968 7501
941596 2724
917745 6300
976228 1661
922724 4773
973067 8572
997927 9322
982386 2656
917947 3557
925445 5604
981123 6552
935487 2452
942218 8390
916172 686
963645 8470
933066 2935
937757 6734
919907 7835
924666 9991
928756 2314
968127 2913
938899 7362
942764 6676
934498 7568
995895 9567
911296 3534
970333 9369
944250 2384
965762 9632
962659 348
973817 6701
967437 7329
938053 2
973142 9972
993550 4146
985637 6363
947707 9682
999038 372
987932 9466
928889 8905
961166 1429
923554 9601
993803 7028
961967 9734
995685 3289
991899 5094
916409 5665
953375 4794
926881 1457
936309 4192
902919 2081
971145 7216
996608 6003
913299 4754
982163 1248
943819 9932
910222 8428
902200 9399
989323 3189
940182 6190
919840 8315
968908 212
956166 1967
949570 8098
909115 7063
913680 9525
923157 9803
988469 6100
909603 1206
927575 2709
925660 9098
956574 9916
909387 3884
982755 6728
994057 4558
950826 2502
912850 5750
923681 106
954870 3847
983166 3440
900477 9991
920633 3876
994654 2699
972742 7557
911481 9205
985862 1691
964204 195
981703 9969
994850 8243
918660 8811
971048 7568
926820 8433
909608 892
972381 4296
952630 3555
978937 1464
958583 146
954550 3998
962235 6858
925539 8830
971149 9125
933891 8094
978375 1432
907406 1012
913659 8869
978364 5618
934761 714
988880 1952
940184 3956
993401 9922
996864 7999
916759 2943
925795 824
971758 8015
953318 3628
985731 9087
983868 6985
962524 2409
917505 9063
970717 5481
903941 3597
901793 2776
935555 9877
946864 8670
923402 4886
922271 5898
998118 5969
981062 266
941444 6328
908056 7122
919483 9845
970535 9960
998454 2528
995420 9964
906203 7210
990268 7795
972866 9749
966482 8629
941333 3063
908093 1057
947222 4899
942908 8287
