2000 1 2000
968787 1 5524
939011 47 8822
991973 50 941
931932 2 1619
986358 36 210
939071 9 3978
902672 51 8619
948379 1 3890
971614 55 8540
904148 63 9955
933805 25 9735
946735 92 7809
953487 89 2252
995889 18 5110
972571 45 1957
911641 63 6634
982675 3 9723
999996 47 7554
925766 58 3112
952608 2 9554
973418 97 9119
990183 15 2711
906935 24 9206
902366 15 7212
933383 15 6163
970079 7 2150
983642 72 5859
985086 42 5263
911394 20 225
960567 28 148
990957 29 35
937504 48 2418
956987 25 6486
987674 1 7287
969091 56 3474
953454 26 8537
971435 12 559
941794 57 720
981347 85 2124
954905 50 6967
930718 71 6528
976114 8 1039
991898 90 6259
996346 3 9030
916623 17 9397
912926 28 9986
951544 68 1340
936390 21 1905
960502 10 5696
916114 24 1027
904351 97 873
923054 30 1718
952036 64 8105
923101 23 7893
953593 89 1625
929983 46 5387
950519 3 8582
905000 3 2666
954233 98 4178
932443 24 5219
960769 32 2994
985529 23 9845
950596 90 828
984092 67 3111
985682 97 5202
910750 73 1609
978245 39 8064
907810 3 9450
964171 30 7038
907848 10 2068
988625 100 6258
909339 86 7304
992770 25 7156
909905 46 7218
946750 90 1578
929444 23 2829
964634 92 2299
919127 31 5133
924887 45 549
912645 95 6043
930796 29 4925
904126 9 8609
985650 82 454
968085 62 4636
997380 95 5030
987871 83 3779
927499 27 8282
986571 2 791
956659 73 3208
962531 49 4757
968310 51 3619
995985 74 5379
923740 19 1903
977916 71 1571
965180 33 1461
996889 78 6875
971367 32 8652
956013 32 7805
997746 8 8049
902424 88 8027
929751 20 2605
949247 32 4753
932861 46 8343
908528 96 7190
905233 3 1731
908450 92 8293
984872 91 8631
987188 31 408
968492 27 4125
928048 33 177
977655 67 5541
935167 56 2735
962909 54 1801
949330 92 9713
950580 53 433
908304 86 836
965945 17 5293
939886 16 6542
989924 57 9524
923406 66 3011
911627 60 6708
957716 73 7516
995522 27 2773
916769 23 6661
944691 16 3481
919989 74 5716
983464 59 1689
977080 13 127
912541 2 45
903190 45 5183
910234 83 2550
945445 68 5795
964144 92 4833
929940 72 5775
915645 19 8043
957841 89 5533
978092 98 7131
995673 63 417
950615 62 2999
980233 78 7375
985131 100 7422
901318 44 685
990520 97 7557
978182 97 1794
965335 18 4684
956395 92 8833
957214 23 69
919186 24 3125
950007 84 3739
998224 72 6725
901664 2 846
994738 93 4823
992291 93 114
981809 9 7432
948718 67 4160
990809 94 9319
903354 2 7809
948138 96 5244
997265 42 8554
976342 17 2458
965168 63 9008
951785 23 3364
917414 1 8879
917726 22 2931
926585 99 4110
907375 51 5464
985708 15 4769
958338 18 9316
991621 97 2443
959138 63 6737
957353 87 7128
972224 16 1329
929098 71 4861
940151 93 2815
903060 54 2729
978102 7 9112
907075 93 9500
913807 33 1357
926641 12 6958
931402 26 4964
988330 95 5927
934336 12 6164
914961 8 8866
934003 96 906
984710 29 3418
904525 60 8436
904740 91 3102
995007 94 1677
975889 12 7095
988904 41 4702
939651 89 9008
903427 23 2610
926987 96 8851
967432 92 564
913220 3 4564
977440 61 4895
937019 50 6355
929657 100 2246
943357 87 8377
946210 93 4101
950044 61 732
952266 56 7048
927302 94 3909
952436 68 870
946019 5 2143
918023 65 4501
956342 97 9393
940431 14 4765
948572 7 1849
981910 58 7915
961297 57 2681
998698 24 6860
952321 7 9247
978119 71 9633
907674 8 5864
993574 78 9611
919745 100 8627
951079 79 368
975779 27 6254
922165 25 5445
918916 39 4921
925277 54 3150
937941 67 975
946570 54 8727
917271 49 5454
991792 25 4222
918775 38 6345
911589 49 4867
914225 50 2006
948857 6 9521
951226 61 8410
925296 12 4975
929433 86 9955
900322 32 3325
995182 6 7152
946790 11 1757
997720 46 9712
965596 61 3538
987139 28 2846
950533 83 5141
923787 84 2621
917954 84 3990
997116 95 5715
953512 44 6802
978709 20 1358
921370 5 3452
970523 57 7235
960115 19 3865
934395 26 8943
936438 64 8147
919823 79 9471
988513 88 113
918579 86 6855
919391 61 3098
988478 74 2477
926087 87 7734
988371 82 3763
990609 21 5324
901450 65 410
907095 17 1224
998874 98 8986
985978 9 359
965036 4 8311
914123 17 6675
923251 9 7588
996824 71 9523
974776 81 9919
910109 63 3309
914884 71 3675
918525 93 3044
989029 44 4166
978065 2 4058
906120 25 696
978267 15 3504
946426 95 5395
987762 6 4928
982102 24 9015
957717 40 347
923913 72 8166
931913 88 483
989237 79 7190
966489 44 7896
935913 72 8495
950363 69 4998
926229 1 3568
993093 35 9150
975923 68 1281
964833 56 7313
975186 72 4548
929158 22 8172
986042 64 3816
979679 90 6191
918479 7 8394
998488 22 5431
926022 100 3371
909632 90 7848
968602 40 2583
982373 24 8830
904558 27 2057
989221 18 6051
915743 59 3043
980062 76 6379
919401 90 5459
994435 12 8759
953599 18 5657
924876 52 3313
939843 49 9179
938596 84 4907
938549 87 5860
990225 52 1306
958794 85 3097
942106 34 2953
992269 32 2389
945341 72 4222
937899 27 1661
927422 52 341
955432 17 9200
923269 79 4204
924603 22 1321
964260 11 563
987125 90 7765
968208 19 3508
972499 73 864
975398 45 788
972410 46 1937
928164 53 3334
911388 62 4835
934940 91 3961
911665 24 7758
938701 20 4122
984619 83 1153
964126 2 4701
991400 47 6391
941435 17 1844
950422 40 6457
946568 71 9335
951302 33 5737
935980 80 2538
943447 41 4315
964770 8 4793
996091 24 3322
937934 16 4381
902808 13 2678
969303 56 3219
922729 87 5404
968739 76 8988
925511 16 1585
994462 78 3712
994131 95 3063
997495 2 6191
919275 83 5198
905114 74 8748
951456 2 4611
944196 31 7608
949462 41 5052
959131 15 4569
938193 76 2723
969267 7 813
932185 51 3346
907219 24 4675
983091 64 7325
956750 82 4001
970234 63 4803
949444 16 3490
991142 74 5799
927420 11 4526
947405 88 5933
941109 61 9440
983863 85 4025
915032 9 1621
921819 84 9778
923132 30 85
958227 41 3574
914521 100 5115
910154 24 4714
968880 92 1558
990547 65 3281
972243 46 7334
942923 43 3911
914025 41 652
917542 36 3754
911049 9 7784
978934 30 6660
922487 34 4860
977013 73 7882
902320 97 4627
932581 5 7146
938180 62 5805
997137 56 6654
970993 72 2045
990381 52 8164
936874 33 9710
916221 61 4042
924905 94 6157
981513 68 2019
985092 61 7261
900808 8 4165
980295 31 9316
968230 2 4866
927339 33 1383
966353 68 1430
970545 55 9299
947891 6 1059
942094 92 7592
971276 10 6280
930317 92 8445
982448 36 6242
929866 77 1892
998460 60 7741
908263 65 1386
920208 35 9747
940048 44 9866
903450 86 7177
990978 34 3595
931899 89 6991
962147 93 3652
949619 32 4485
992448 17 1672
934047 81 7186
993244 79 3468
978793 31 547
961048 88 6495
941271 68 91
992011 61 5085
901053 36 9577
966754 16 3605
994846 64 65
928207 78 924
900420 60 5976
930364 95 4479
966585 61 915
927051 10 2210
955898 17 3545
944557 49 447
979783 78 8705
941638 60 3936
985955 67 7181
981900 62 8071
938122 79 6665
975720 55 8726
956646 99 6552
943649 77 1292
974098 52 6089
952696 61 1626
961964 33 2417
969442 12 9702
940387 70 1681
925907 45 9045
999065 3 7188
933183 94 4071
959352 21 4460
956158 12 4624
993709 66 6320
959967 94 3930
952525 38 7640
938097 75 7401
981407 45 2939
933813 31 5355
941554 58 6629
969390 55 1450
944577 9 6666
973029 49 4568
917880 64 9916
929319 39 3026
960550 25 7006
902599 65 2949
928256 83 4288
990430 78 2078
972034 81 366
950102 24 8056
951847 74 2219
902732 73 1064
979000 68 808
954551 77 8783
941475 25 7900
970249 75 2568
911411 93 4648
998370 34 9453
903272 89 2581
931767 12 6332
990657 73 679
944690 60 3426
925134 66 8569
968738 18 5214
977964 90 518
993556 58 9107
997997 83 6846
979171 72 347
923879 58 2191
944744 10 4803
995750 37 3024
906240 100 1085
915832 60 3081
909157 2 1874
985537 15 7835
967715 10 8905
959995 84 4290
956446 11 6904
996181 69 7177
947523 82 6733
902393 93 5372
977362 30 8738
925591 41 7547
952302 24 1298
957279 44 7859
974437 75 8722
959325 77 3587
939247 53 929
915474 73 4615
987379 3 8810
962892 57 9348
948420 37 5638
978152 28 6227
936615 35 42
904787 15 8223
978365 12 3300
980653 61 1153
938185 86 4537
905707 33 4643
944427 39 7491
974123 53 9478
960583 4 7342
934723 8 8396
967850 48 5337
950098 62 4975
966541 31 5610
910090 16 9661
998697 56 2640
982245 33 3280
919486 22 6609
990087 91 7369
998820 75 4680
937469 8 7145
999315 79 8986
938102 96 4165
919668 43 6272
946383 74 6401
964908 12 1430
905141 90 3089
951969 60 1855
944834 2 1102
991606 1 1330
995168 44 4882
967082 43 764
909355 3 3538
938943 67 4740
914056 32 6439
978385 8 7829
962183 79 9445
960064 30 7518
974338 63 5057
927556 56 1377
965069 98 9309
969671 85 1617
900915 91 141
957763 32 5232
907503 37 5693
992098 65 791
911440 80 5952
922546 20 7135
993066 2 4978
969847 28 5331
986890 70 2028
951352 4 7307
940869 50 5770
987353 34 8334
990908 54 6810
914115 19 6188
974450 90 4974
982974 39 2192
987898 1 1352
948588 81 8900
921050 60 5432
990598 37 2573
948458 85 1843
966150 88 2125
955959 87 4371
909560 59 5333
925523 14 3301
938022 29 730
944569 62 6846
954906 33 9476
925759 78 1482
962243 8 4196
929304 2 2355
958350 17 1697
989357 74 7243
945290 94 4854
961541 72 421
904566 81 9318
973845 93 6973
952238 27 8217
921920 77 357
922085 39 689
988288 47 86
983965 33 4771
916508 55 8646
946755 54 3735
923774 91 1613
933466 14 5097
973583 92 8247
921432 95 8708
949495 61 374
966591 59 1859
964860 62 1631
906628 27 9517
903256 1 4651
964095 21 2017
936595 77 7052
970480 67 9729
981257 60 9770
987515 71 5916
943243 88 2330
978939 23 6760
952292 39 8216
975092 49 6178
968405 18 7788
954119 3 7752
962747 73 2348
927093 63 1837
976927 85 2570
964230 29 4116
967733 97 3037
903194 42 1818
949432 63 736
968093 12 9528
959600 90 4668
992118 83 3258
970129 56 1341
955956 25 9383
926538 44 4370
944069 80 2721
934496 85 5911
965584 34 4375
974500 81 843
910873 45 8516
990772 72 2669
935407 40 3526
947251 87 728
954450 53 2557
964111 30 4716
981379 37 8809
979315 74 9209
901728 32 319
972847 79 1253
995775 5 244
998612 56 491
964704 54 8411
923602 80 3214
945580 20 5785
940557 81 9737
918753 34 5819
998152 11 7962
904030 84 8014
954372 54 9239
950148 51 2161
904402 77 9728
959490 83 4139
950603 89 6316
929554 96 2328
911150 83 324
992527 38 6242
958020 3 9590
920637 71 4238
901509 34 8092
952194 7 5179
969460 43 5846
945765 4 3022
987505 17 9193
975361 43 6689
926992 46 7874
901112 89 6125
906041 2 9278
932602 90 2341
907906 22 1032
967002 92 7473
913976 50 8487
965056 54 8744
918879 71 6792
936076 34 1711
965974 36 131
955340 36 5584
975288 70 2939
993685 64 2800
974957 54 7172
932766 4 8434
902605 2 3056
978587 87 3633
956743 68 7370
938338 78 7984
942311 15 7342
947087 63 1953
913685 34 3127
948990 54 3437
956964 58 5240
917149 53 7971
933408 18 2279
939279 43 457
954611 31 5975
930351 76 5211
988774 60 5879
912918 96 1028
999866 38 4860
901042 79 2237
939082 95 4683
925595 48 1508
971559 69 5697
918994 38 6810
964926 51 4339
962830 97 1546
999711 5 2664
931619 60 1564
905912 80 6827
936915 97 2091
931603 20 4587
903479 46 2786
917576 33 8127
932738 69 1071
986341 98 7735
972247 100 2428
957561 18 4207
979379 68 4319
900435 54 6911
952880 28 4503
945665 70 406
924622 72 630
924453 55 4591
954887 72 3318
948221 23 4754
955040 23 1671
976488 58 2129
992454 13 3988
926808 10 4220
901749 99 8507
959340 4 4702
914174 28 2087
963803 81 3412
977399 81 4216
999912 48 1780
954908 60 4815
910422 45 4632
927332 71 912
936119 18 2364
965278 82 5115
970652 15 3798
993707 42 2565
919279 75 2522
904386 92 9548
967665 89 5006
976656 97 5486
968690 46 9725
964339 34 9968
913042 10 6864
933868 5 9716
962884 41 8294
933224 73 4438
918595 25 2960
991656 75 8296
920251 14 3436
928706 66 1419
939807 96 2164
944011 31 3271
972430 14 4801
907865 85 4812
943849 49 9947
963472 78 6559
954689 46 9043
938712 66 7179
912548 11 1502
917313 76 4445
987742 82 2779
980352 31 6659
992094 40 2057
947040 15 2295
903317 30 3155
988304 88 3646
996060 66 9648
919801 76 7176
970193 5 508
943901 38 4445
905520 39 3160
988282 1 3254
950164 36 2556
913211 46 5383
936542 36 2633
904935 66 8606
924791 35 1055
902500 73 31
921857 29 826
915121 50 3663
904948 56 4393
965908 81 5889
953410 100 6419
936697 62 3455
902226 42 6880
935545 28 1187
984485 35 2059
937199 40 3410
940191 79 1600
957052 1 7252
977466 97 6147
960203 84 3593
983176 38 4969
949012 45 7540
969553 54 9074
901284 50 4276
975440 48 8477
994757 2 4448
995130 71 398
991439 26 6799
912389 14 6362
925494 64 9673
908711 94 195
917635 12 9185
942230 49 3841
928932 86 1648
928642 84 8184
959647 16 5655
902799 46 8301
979389 4 6296
909683 9 1847
953696 89 1921
980245 58 8395
984184 33 1751
964362 42 4094
901186 95 7199
968299 33 673
960238 50 2211
921539 58 686
915342 98 6013
980732 89 4342
907485 18 394
959064 79 3417
982755 12 1700
978485 23 7732
954107 2 8346
964328 95 5148
921658 14 2177
939980 59 9057
957690 18 4938
916543 6 2030
928947 86 8935
941442 15 4984
918788 10 8708
903595 88 8913
911507 55 7682
915026 2 2771
969176 25 2629
934231 94 9480
961625 83 6257
912945 46 8750
945772 64 6209
924228 53 5641
904594 65 8831
962756 84 8180
965620 70 2305
924516 72 2274
955657 93 3189
939844 68 8592
908085 90 560
975574 99 1424
954373 94 8337
959558 78 2636
917984 50 2299
927585 39 1472
975911 40 7818
933010 65 4918
998831 65 1395
928662 81 7655
902736 79 6468
948531 92 5101
916680 46 8630
969115 29 2593
967661 79 8631
917550 35 6096
922784 62 1335
979869 14 8285
943021 10 5238
934607 53 4456
996169 28 3823
992408 17 4771
982233 57 9758
915964 25 775
929950 18 8031
969381 91 7566
991391 91 171
961119 30 565
978910 96 9976
914445 90 4673
969628 76 8891
927682 74 7735
967070 40 9157
998779 17 1804
970032 40 2733
989571 28 2736
959885 81 9079
985245 98 5462
934961 28 2867
985458 39 1992
954002 75 5572
926755 15 5105
935849 79 3647
963623 1 8375
984900 70 6409
998482 93 7573
997166 95 2809
910287 22 425
981363 87 1474
916208 72 925
978295 93 3198
977900 3 7795
913835 73 1329
985438 25 2244
951350 21 6058
927911 24 3121
975373 15 2168
903383 11 6361
993998 86 6646
984478 50 9505
957862 38 4082
925802 88 4406
947602 7 2795
903747 92 6910
926393 69 6588
993051 91 6220
935398 82 2039
940197 48 6275
976046 63 7245
987852 50 9164
963886 45 4692
937632 50 7731
942127 75 8509
970930 87 9064
969473 55 3986
918865 23 2912
906430 94 7459
936180 6 3977
935290 52 1639
937865 94 5770
951353 32 5263
918702 58 822
953240 71 5225
974955 58 1697
943622 44 4191
988769 31 5966
924294 57 5040
996174 5 6996
908863 92 9845
991875 53 4904
982559 76 6687
950239 69 1230
970313 53 5101
990254 58 5102
946579 16 6722
917348 1 2224
993460 90 9777
965299 94 5400
979155 65 5039
925490 9 793
967916 24 497
925406 84 9153
924159 87 9049
902568 40 5449
902210 47 9095
946595 49 8953
993467 71 427
905706 76 9347
956945 68 2503
956259 72 7519
932342 36 1658
973642 33 8594
935984 73 3120
948533 74 9507
983939 80 5437
971961 19 8
989369 9 7977
998499 38 7316
988281 52 5158
992570 62 1450
966845 72 8518
975556 63 6234
971512 17 3058
917334 20 7562
948033 24 7548
916466 38 4330
967659 43 2672
993185 61 9215
996144 61 8884
923886 55 2102
990460 73 2732
991405 88 300
924803 11 3877
905625 30 9954
941988 83 55
997208 45 3372
994386 60 6755
919129 77 4750
986266 15 2320
982681 50 6817
935261 77 2392
918251 17 2999
999568 43 9799
975393 70 2361
921144 33 9048
901511 33 9877
949279 47 288
978340 23 8376
960218 5 2838
948323 80 1387
916604 44 6425
904984 94 8826
970505 97 4282
920610 49 1284
979084 47 1914
949779 16 3561
944657 69 4395
948407 20 3042
949985 89 1695
901993 100 8890
906809 43 729
937565 94 8823
959026 58 3593
912581 99 9131
958732 33 8995
974061 2 3571
942769 35 7867
924035 93 1379
994093 76 8633
940178 66 678
950385 64 9732
970294 40 443
996951 2 7084
907060 1 4047
953251 10 7824
929614 34 6803
938413 42 1666
991534 87 9535
904583 71 9595
937008 20 7791
911272 97 5523
936018 91 2287
964148 99 9469
963910 76 9870
978798 94 7470
951382 41 2781
951636 50 8645
951442 95 5231
992682 88 9129
908876 9 5253
993490 24 7566
960698 17 9836
952789 67 7478
974460 98 1853
943007 59 1731
937666 72 2240
929113 77 5776
947407 75 8388
990739 28 1190
967505 99 3101
900917 84 2529
984122 12 8733
917376 52 6475
985106 18 9364
933767 63 3234
950447 94 1574
941470 21 2714
969354 7 2325
937457 14 2922
977106 91 5582
972719 46 4006
915583 36 9534
974445 19 8489
921526 32 5191
959803 70 777
998485 22 8671
979682 85 5019
920454 20 2708
939824 32 319
916868 55 2193
939133 99 7510
917263 73 1444
932073 19 8183
968600 8 1380
904644 84 67
918582 19 258
972163 19 681
945126 38 1338
986829 72 8072
901244 84 479
908923 9 6481
952020 9 1513
991456 67 1546
915445 54 5608
920650 48 172
943827 87 3951
979992 51 5924
928981 32 6761
903404 83 8600
900463 71 6416
912990 58 4565
936340 36 8081
906446 57 3258
997517 84 3819
976902 64 1334
929184 51 2132
929942 86 9761
908362 13 8763
947959 87 1737
965672 89 7418
959564 48 8717
952529 41 3866
913254 52 4775
986790 5 2460
916130 40 9256
926849 40 7877
988882 41 9307
961205 2 2733
933223 50 6728
942100 20 7221
900364 89 5417
934904 61 6286
924065 20 3300
900188 91 5504
940943 76 6305
912761 14 3089
991386 45 4316
909611 81 901
970921 33 5459
918291 76 8935
981731 36 1842
924281 88 9406
934567 85 4762
953342 77 6097
995508 61 9026
930185 77 2739
995883 97 1400
952189 49 1305
914831 26 9384
967457 80 6222
952322 38 6318
977765 73 8068
912528 91 552
991600 93 6346
915091 70 6012
996176 94 8112
977255 26 4083
915867 16 6846
949414 100 6137
937746 4 4664
925992 29 1277
991482 48 2891
958009 90 5389
965066 10 7922
974893 98 4504
918667 81 5929
934241 91 8535
924078 71 4360
943658 26 6735
928361 94 6065
936142 53 1269
998599 68 4357
991143 23 3669
909862 70 3576
900614 99 3365
913722 48 7951
955847 74 1358
972610 50 8093
954463 40 2774
916104 84 5586
992562 71 8560
909026 100 9162
945224 31 9807
909846 14 5549
926627 49 2059
959085 30 2697
991377 59 3580
964492 78 7876
914735 13 3558
941965 24 8413
995288 56 1043
996536 43 2677
967681 96 6920
936145 42 7885
908575 39 1619
983727 97 4730
942526 12 1294
972800 44 5865
980969 35 5538
918551 41 9308
991156 35 9514
948377 93 4803
990569 56 8965
958723 97 2230
954127 53 3819
956396 97 8465
926914 7 8218
913728 11 4387
920295 75 287
959185 5 1678
960678 96 6951
950796 97 557
992774 1 4622
929222 8 6289
952625 45 7917
938151 81 5223
939298 21 151
989871 64 4576
943368 91 9132
982004 69 6427
973392 100 7656
977752 89 4452
982907 62 5102
990773 7 796
975374 97 9114
970973 50 1735
999544 6 5279
944736 50 1653
996867 60 2491
999142 77 4966
901575 77 6313
928544 99 5435
972622 52 7842
977398 93 8141
972709 17 7242
914113 97 57
998767 18 5915
913742 2 1029
917463 12 5904
968290 41 3225
980143 35 4577
975454 99 9197
944225 98 4796
959240 69 7810
982533 54 3140
982911 5 6870
975433 61 2746
940334 81 3868
986207 27 8921
904207 52 2184
976172 17 3128
997679 81 6945
978566 51 3799
942002 75 3037
966403 1 2019
914838 12 728
981125 80 3565
970669 12 2358
948634 3 5040
933701 47 7368
964157 90 3989
914318 72 3840
983440 30 2258
951525 77 1690
938267 50 5048
913112 5 7885
984962 85 9116
923467 17 4458
940780 90 928
968760 97 3620
930128 7 3222
948902 18 3666
965106 6 383
917658 27 5822
916042 64 567
971184 1 6858
987364 96 2876
900817 82 5243
926282 40 705
934555 15 7953
964829 87 9016
998374 98 3151
915264 71 9613
974600 32 2157
927312 57 9890
966885 97 8623
993607 99 4050
938104 90 8293
919078 67 2966
927621 68 8472
901250 78 3660
912463 60 8819
936275 42 8884
965424 31 9989
930416 54 3902
960864 40 892
910447 46 2868
930118 5 1395
964276 84 1015
931417 91 9628
912597 50 6051
914158 95 6309
938144 73 3389
944745 26 9685
903029 26 7343
956425 14 2047
941729 33 396
940532 36 7975
916625 81 3207
967539 59 4764
933713 15 5790
968397 73 9600
913535 15 7698
979662 92 86
947693 62 577
977821 73 9863
937299 55 4744
923651 38 2996
935702 4 5842
916989 88 5344
925495 56 6933
934090 99 6984
902955 17 4413
991199 98 5789
919148 88 3745
965007 62 8748
951620 55 9065
975208 49 7935
981577 79 8588
978532 63 6534
923044 78 3523
915877 72 9536
920979 21 4950
926881 2 3106
981538 47 6572
916353 49 8539
905417 28 7718
970128 30 2796
959754 18 841
938250 86 8560
910108 64 6224
965544 56 3850
984751 35 2002
994948 37 1544
956762 88 4513
944172 7 9883
931309 17 5566
964857 85 8416
930726 74 4618
923528 5 5552
920535 88 7048
943542 86 7977
992684 70 4918
928066 53 1816
961239 57 6066
943702 69 7585
983751 15 8390
918310 28 3655
996682 52 4118
962933 95 4317
990131 86 4442
917848 75 5498
935611 86 8382
994964 5 9946
963477 27 4886
960776 68 4470
921277 37 4277
963608 33 9454
904018 28 4789
920185 95 3272
926843 67 2934
978355 7 5441
906159 34 2159
928580 7 7609
906433 68 2872
957180 48 7476
988485 64 6151
943378 25 9106
987897 27 4084
929073 11 4942
900017 20 6292
948882 79 6737
960730 99 9484
997633 61 9328
987619 36 14
936726 27 4469
919038 73 7719
944272 27 7091
901285 4 6670
996920 6 3608
906668 90 126
953035 23 5585
924173 76 4283
931458 50 3154
994339 99 5392
912577 67 8149
916646 5 3849
903686 72 2046
948666 96 1859
906283 4 6059
943750 14 752
917042 18 7894
951088 77 315
912280 50 489
988729 54 3100
963374 63 6827
933388 99 1238
966638 60 5337
942878 70 6967
994502 98 4061
904513 29 2101
913228 6 7562
991622 53 1656
944935 71 861
955099 80 8146
933972 6 5873
952393 95 9261
944787 69 545
999940 21 7255
989691 87 1542
914706 38 8477
976297 66 1718
946055 61 189
983415 68 6140
952599 9 721
914725 20 7437
929867 30 8945
981217 6 1138
932384 78 4239
955016 27 6512
946933 3 1052
971807 53 9574
990937 6 7434
903612 21 45
973333 41 5065
956542 85 3240
990861 56 2932
972148 74 8395
925426 93 8318
965627 79 958
906045 90 4335
997826 39 6358
991628 24 5789
975654 78 2188
979003 59 1876
908337 93 4982
905816 70 9425
996361 89 5638
971783 46 5392
926063 82 2540
995796 52 8291
943754 69 943
994450 91 3434
908748 91 19
936150 87 4389
951097 100 6854
949453 7 796
984539 62 975
989551 99 4234
944217 75 2132
976043 79 6481
978464 88 9615
997547 37 1153
901734 77 9556
989095 71 54
970496 51 8371
944039 59 5594
983744 44 2280
957673 52 3804
933182 49 2343
945577 61 2360
913851 94 9038
940604 21 8232
909510 23 2211
905193 86 981
991570 37 794
957175 8 8703
914043 64 6305
927607 51 7009
923330 74 8445
930023 55 5067
978575 67 8710
994905 43 4475
955249 92 2384
943220 42 6520
927449 99 4402
973801 50 6385
988643 90 3433
942829 76 8771
909401 46 5529
920623 11 3505
948491 12 3073
923497 32 2771
957742 81 6480
988035 25 7425
977502 61 3568
922415 40 9534
919753 78 3274
992784 81 1636
960410 17 8313
973126 22 5009
948269 44 7704
952199 17 9775
983665 92 7851
933887 19 3284
969928 61 7417
964027 81 9468
963909 28 4428
931547 24 7504
908692 76 1743
960742 44 1518
905649 35 9057
932382 47 2522
986463 2 6956
971930 3 7265
949879 68 3896
905767 8 3829
932155 94 66
953960 25 5488
943018 73 5667
916581 96 5357
900383 48 9663
957905 69 782
906207 74 3168
951481 85 9003
976176 34 4989
955156 47 6872
915297 50 4904
986853 33 4002
967730 51 3174
988372 67 8801
941501 60 1162
955404 41 6445
988884 95 9920
963266 27 8185
952256 35 216
901656 31 3774
983073 9 5578
921330 96 4632
940124 59 7104
952751 87 3936
923402 68 649
989287 19 4920
905624 83 7276
981974 77 4037
910601 37 6307
911467 81 2469
957622 14 597
947800 51 7328
931048 88 3305
905542 81 2500
995248 98 3878
938530 86 5170
933928 80 6379
974874 24 8680
908904 82 3418
969816 12 400
959438 74 3207
991243 37 2136
988966 54 1178
987052 37 91
996359 18 555
959776 14 9385
926524 6 3015
967554 16 1923
900013 55 5056
914162 39 2147
999471 25 7079
968450 59 5293
998925 93 6640
914518 6 7424
999885 81 5248
992384 60 2528
997703 25 9921
970323 62 3452
995630 73 300
932828 25 1689
980814 13 4238
966635 37 7403
944829 81 653
985411 72 8374
913903 19 5716
916184 100 4853
938860 17 5557
988805 100 4902
941633 43 4112
969595 88 2151
959093 58 1851
994779 56 3506
912543 37 4419
913771 43 5466
934982 88 8397
907652 89 6187
913909 29 110
961688 94 7865
988380 74 1112
927105 72 9204
989653 100 1585
991043 46 2065
963109 81 9650
902218 56 8998
935120 15 473
967143 54 7123
949874 21 5409
999385 53 1343
932133 47 5924
925017 30 9979
959653 49 3893
948845 3 1544
920622 44 4548
912681 70 4254
986490 99 4480
904868 99 30
941513 66 6486
933371 32 5682
902056 89 2614
922861 84 2965
931443 17 9343
999226 77 9159
964676 49 5673
961994 87 979
904516 48 9799
966373 81 7927
912390 88 6490
949469 85 4589
992267 80 9182
912889 54 2156
969824 9 5141
994052 22 5200
937394 24 6279
990113 59 9647
974411 69 1263
971991 27 5085
936703 33 1484
999374 26 9496
980078 51 7555
959271 42 3926
983369 94 8069
980647 50 5849
948804 55 135
966985 97 2789
912702 73 579
955225 87 7914
922111 61 100
960492 2 8825
934864 22 2743
946849 51 7842
996816 28 1475
982900 58 1496
920517 43 3031
948687 53 390
942345 47 142
924624 81 5795
961212 33 5793
982188 82 5594
995411 50 2934
945082 25 7523
912839 94 3679
942290 81 9748
929881 10 2252
996642 46 3570
924101 21 2300
930550 11 6708
961521 1 8576
965884 88 5944
956730 7 4705
987279 31 3287
995900 95 9082
906840 22 3148
921780 9 1831
960455 81 6684
920555 38 5373
920674 45 7558
943533 15 9700
913991 30 3738
924060 18 9319
968510 24 1834
932923 18 4330
917927 7 9720
913869 1 3010
985508 53 9365
998473 80 8760
903024 61 974
937651 22 2319
981420 9 646
905937 93 2211
981601 51 7573
967334 52 4157
911557 55 1148
931243 49 7752
930814 12 4598
987287 59 9154
925132 35 9436
911323 45 4451
984558 66 3596
931313 4 2225
991819 30 3815
992173 88 3299
989721 16 3506
924400 42 104
945012 31 3038
994648 50 4458
984566 61 5858
901977 28 9776
966981 66 443
971428 47 1638
999290 91 4518
994735 41 6582
982536 11 4986
931550 78 9438
977887 16 5122
989046 65 5710
939541 87 6500
976811 78 2299
905896 92 1158
978911 1 6960
925214 58 6408
922072 35 8715
982827 37 6255
929497 100 6173
937440 27 8452
981821 63 5270
972691 79 725
961843 75 197
917563 58 2309
988840 72 8767
943612 63 9965
988442 21 6574
985976 16 1002
958213 56 9561
932041 79 6853
942042 100 984
990648 74 3985
952285 85 815
978633 73 5425
906951 82 4566
957091 9 1810
911719 55 6256
963935 97 7080
920378 12 4838
943069 59 5427
985542 64 3011
950134 44 3473
908419 73 7841
998204 66 8880
984560 100 5679
975133 94 2202
930804 49 2341
922102 6 1040
945425 37 5152
994365 50 157
906472 46 5693
974259 48 7460
982146 34 8386
996410 25 7344
956285 44 8597
961796 98 9345
976303 20 4147
980188 95 5884
978019 93 3333
969693 88 3613
914686 4 2880
942757 84 3020
916036 29 3403
908779 91 1973
994058 19 6400
922651 50 9211
906079 23 8849
913966 55 813
964164 47 330
993572 15 7628
989748 98 4039
982439 95 5924
932779 52 3185
905616 33 5441
963660 28 2241
913406 75 709
981110 25 5367
936048 62 217
917789 100 9158
993004 95 5967
966463 90 578
998296 37 9224
991736 36 6230
940724 13 7532
910169 63 3183
949720 37 4302
906085 26 3211
987879 53 8196
904288 9 3955
975665 5 977
975892 72 2054
934092 40 9711
972938 54 3513
947072 74 6001
941795 46 8611
955630 56 591
901361 12 1311
951052 57 8060
917718 11 1407
905276 44 3844
949060 16 2386
906485 43 8875
979762 54 8982
994634 67 3213
989428 86 7828
985464 63 8115
989715 14 3511
900763 34 3296
992578 17 3821
947908 92 5987
985024 43 4299
954631 97 3765
982425 36 8378
955366 98 798
999797 4 4326
939629 83 9111
921879 13 7824
989073 11 652
978739 71 4111
930341 63 9823
930645 67 9057
950511 39 4709
921917 58 4392
936948 75 1761
942279 15 6444
935628 67 8700
918642 3 6601
904027 94 3341
960108 85 6019
911115 41 1799
941824 60 2538
904827 84 7453
914039 43 9195
976154 82 6788
955628 30 5257
946611 64 8640
901494 15 9033
907295 55 9211
961254 9 7910
979497 91 2552
917228 31 9408
920822 3 166
979900 67 566
924031 6 4911
903940 43 2548
998435 36 750
989928 79 3561
929424 92 2188
962090 98 9197
964026 26 649
949597 28 2607
901772 9 7801
955052 72 7670
903244 29 5947
998425 1 8393
983042 50 8587
946860 100 3969
940047 84 2404
999410 54 6673
937503 74 7607
980439 15 3481
924129 55 3288
950951 61 2884
935712 1 181
992787 69 6407
980032 93 4414
931221 8 1411
917814 36 4486
910423 47 226
931028 62 764
974078 1 9443
914175 19 1654
971319 4 710
905174 11 4412
912968 96 6588
965635 28 1081
946591 23 3676
986627 18 7718
940107 15 6953
946948 44 5066
951280 12 3297
963830 20 4103
905523 30 6986
999172 17 9159
917585 23 6434
985283 17 5310
942894 40 2904
945527 15 7053
926977 86 2998
900801 67 6060
961686 25 3513
955342 79 5952
929428 43 2949
973841 63 9965
918494 60 6760
989020 50 6723
996506 6 2917
925980 77 9388
984016 94 10
938568 88 3315
990340 15 9113
918015 76 731
915618 47 8068
949386 68 7597
985081 84 2738
995363 25 1789
990483 99 9065
995192 7 9654
976094 11 9667
908296 70 1937
918943 24 9672
933721 100 1336
900735 71 357
955655 9 1975
922433 95 8808
926550 49 529
976589 30 3141
931022 79 5757
929364 37 5069
902840 29 4923
918507 41 1903
931541 48 3627
945778 98 5307
964115 83 5047
974953 36 3999
917682 16 1445
949499 27 8538
903526 37 2916
963761 4 7041
905368 23 1559
945790 80 6543
919950 32 7412
979288 78 1175
901846 72 4196
966883 73 9225
927124 99 1483
945992 14 1636
973598 51 9705
974919 35 7000
941257 65 9898
984544 93 2157
904117 92 8834
913327 11 6439
924169 73 5312
922093 37 5065
951515 18 1311
915624 59 8005
981068 55 6866
993043 79 7630
993956 95 2567
900970 85 654
975376 70 1784
932877 79 6394
920018 17 5830
926763 41 7152
985637 14 6509
999505 66 4730
959563 97 5604
927997 58 2921
979236 45 175
983226 48 9532
988106 83 3824
920997 47 1119
922885 85 6614
966593 25 1666
947760 27 7241
935656 70 2941
954962 35 2809
988145 55 1869
922864 32 1892
941014 58 8766
966706 21 7415
928824 31 3683
962781 14 815
952522 2 5169
959971 22 1194
932040 12 7381
962905 81 5148
937787 95 2105
967884 37 252
917369 66 3445
907198 6 3895
998729 41 6385
964087 82 9795
931606 79 4918
998731 100 5112
924875 70 4916
943773 4 4065
908149 32 8130
977999 3 4588
948975 15 8421
993026 78 541
944270 1 5375
981587 61 7084
932018 48 2395
914182 51 9541
927505 94 9736
987611 12 3212
943105 96 2000
919810 34 3108
930885 64 8210
957298 97 1037
917199 22 8296
948529 1 8164
923622 98 618
913816 11 6076
981543 93 9903
952656 67 5407
954617 15 2766
943144 76 6598
947950 65 5524
979048 9415
997810 6592
904474 9860
923403 796
963448 1785
947673 8044
977936 4439
953574 1477
996840 470
956088 3772
950337 8538
926812 7915
937441 8592
934044 3366
985645 4428
947463 7358
941050 2071
929486 1163
987604 1107
900396 7887
980264 1170
962940 9719
981448 1824
910451 2009
985066 9507
990509 7800
907112 3261
901234 4536
936510 2018
921525 2652
925705 7298
976364 3113
921791 9971
978276 7954
981324 9882
965987 8954
919414 6400
970840 1351
917996 9647
921839 1079
944735 614
986432 4562
960246 9745
957167 2422
906151 1926
924303 6159
960171 5817
972067 2297
923292 5752
950583 3908
949156 9202
907095 5311
935307 6252
904850 7352
996832 8426
964438 2924
971388 6101
947132 2136
944358 1611
908092 2676
994128 9558
911435 5218
974814 2332
952742 4905
941922 7925
993307 6308
952812 3746
943925 444
977328 7848
976062 9807
993154 6707
902061 9930
919524 1634
917690 6187
948843 1167
974776 9920
919550 7977
902896 3038
915945 6037
954723 9746
953877 8886
928052 7750
953899 5646
987149 6994
946358 4641
941882 9884
949289 8443
996493 6791
970470 9851
926627 9618
982514 2598
925874 2430
965830 7998
916403 2267
901182 1598
961928 8034
954218 9752
940441 152
946222 6540
978559 9725
969651 7019
971052 8486
968731 9455
974142 1217
978238 7215
911483 1002
979655 5923
983469 962
960274 3211
919884 9875
966540 880
982179 7255
965427 9993
978229 1681
998747 2591
968187 6755
963386 9029
954534 9721
997451 3226
902519 7836
998284 2933
957779 8385
942879 3488
971762 2624
946422 9482
983489 9187
908510 6592
926479 4128
915055 2138
974542 9380
929188 3579
949045 720
907016 2089
975012 8571
913876 2165
969080 1199
919666 9602
952259 2752
943727 9596
999537 6935
952677 9910
955944 6778
946993 4660
947061 2141
922575 2474
982968 3732
931118 6786
975121 3450
932082 2884
938520 7903
973822 3600
910459 958
944819 2859
972028 9271
984004 4713
952247 9638
917078 3915
997697 9930
922198 9268
956229 9313
970703 1773
902173 4367
965081 9454
942078 4679
950559 9588
958341 6246
956242 6490
987207 7104
914348 39
957729 1178
941573 1378
982989 4998
964339 9970
988184 3043
927962 6512
960103 7076
909602 8841
990465 7330
981251 8816
907076 3673
925994 9410
974671 3935
962450 1480
925361 8741
965113 8399
906856 6632
967252 3061
979868 8566
929605 2830
960619 6057
912643 9883
958497 7728
930829 4010
964093 6426
939719 1977
917406 8453
983890 8225
943021 6940
918461 1692
957151 8445
917097 3970
975708 5496
943840 9992
981137 6207
944195 3620
943891 5185
940361 2557
927495 6351
906987 4921
994103 7142
974030 3733
963486 1492
931552 153
987393 9522
993411 9432
950496 5405
912725 839
974688 1174
922742 9037
975746 9979
985988 4171
918650 6497
959294 5617
964490 7245
961332 3117
989152 5270
911318 5092
989862 5465
919284 8845
950348 7687
955803 6021
923930 7218
983429 7047
918327 6314
966735 3370
954293 8664
965040 8413
920655 5710
997216 4884
961033 8623
925494 6477
985407 9970
954800 5980
906945 7086
902406 6287
917299 4512
933350 7069
969529 1768
959493 1144
961274 3651
929483 5462
960483 7486
944529 2269
920148 860
982124 7127
976491 3853
940458 8540
938709 9891
972135 9929
943556 9789
982312 5032
981322 9466
944151 4956
907481 2213
906658 5763
926555 4744
964010 674
922841 6326
950235 9018
910731 6125
942564 3975
914763 8479
900540 6885
991881 9760
979718 9380
966288 3630
950634 3392
905621 31
980589 2028
990025 5702
919647 5259
930373 9866
929767 3255
934614 8267
987736 1177
911714 6900
954445 7635
961266 880
933069 1481
921753 5791
910681 8780
979762 5250
987377 5601
936627 118
980670 2554
912690 3640
916387 7030
990061 6218
990737 923
926991 9927
933859 9729
951421 9255
982045 5612
984500 1985
993931 2957
923463 7130
983854 8765
990770 193
998005 7825
937054 6531
951312 1490
998418 4398
927371 200
926184 4907
998165 9970
962825 9417
949241 9733
948510 5667
977434 7285
900243 9979
932246 5748
994365 5768
971947 8694
912422 4048
989257 7480
974471 9565
979077 2308
922159 7735
954606 5954
960080 9877
940114 95
954282 6788
926112 7516
961294 8956
983079 6366
956964 8879
932331 4665
920920 6521
953910 9226
970125 7655
959159 9375
924259 4326
954173 4981
917580 7583
994865 9314
969361 985
955999 1476
975791 2729
996549 2532
923625 1832
978884 6302
913779 4416
901137 9870
912828 3713
997262 2236
911663 5862
979915 8845
975059 4647
945485 8563
910713 3189
949545 8172
909222 7523
916068 9107
901802 4653
995980 1445
965979 7287
901008 8979
909651 9046
941034 8846
986729 2742
942426 4190
908401 9168
988936 7422
918606 5376
978058 4354
947581 8098
936090 6354
986613 5567
962750 3629
986610 4968
988362 2583
935481 5057
980466 2884
970382 6747
937663 7359
915498 1439
996630 9815
932138 1158
938872 7895
906096 1165
920020 597
975055 1020
996378 7025
944626 304
993925 1685
921400 2858
936577 9562
911314 4355
976971 6180
969347 8516
951570 8393
911402 4515
972611 364
935573 9820
929488 8553
971178 9507
978914 9998
998400 7602
955755 718
972572 9879
983715 1796
981849 4724
971031 5427
909863 376
964308 9900
923754 4525
957407 3521
965355 8572
944671 5141
996612 520
990556 5612
983590 1113
902816 6316
942010 5425
973748 8317
925057 9082
967026 9642
994215 1547
975768 3220
959044 653
924901 5117
974141 7171
927773 5206
909264 9032
985666 7623
903413 1652
946476 922
919739 8081
930970 1966
999604 7
975916 1407
942666 4617
919892 3961
983793 4122
963193 9308
933381 1165
971571 1478
906455 74
952950 1187
944088 9977
986202 2892
930962 2382
963060 3795
982863 639
933899 6234
937897 8436
918149 9936
966989 53
956474 4346
976836 838
995766 1656
993105 597
994037 8954
942788 3974
906476 6031
997568 387
916077 1118
903339 7359
919911 7152
971286 2689
905010 8561
961814 884
999400 6575
978430 2287
951202 6472
970251 309
939812 94
971859 2678
923019 8002
930209 8025
980565 8003
938569 9430
994383 2361
901379 7625
910014 6797
922019 9030
910081 1590
901950 9971
931875 4172
982461 9697
994469 7974
926979 9340
932752 6185
953266 5669
909130 3545
910843 8796
983293 7064
999407 9195
965108 1702
992807 3654
978354 2602
934348 3450
945979 3865
904698 6815
958568 4665
948776 8797
940672 3800
951061 1785
925443 646
943521 3140
982254 3509
900387 862
939071 8798
955262 8071
940948 3508
991011 4465
952791 7706
988837 9220
987287 4086
986469 1624
981236 6949
923980 1262
927400 8080
946922 4270
901787 3653
923277 6404
967983 9219
910450 8947
908331 9767
999097 6642
993517 9658
959442 8474
963534 6837
958267 9865
973144 3845
999495 1916
943567 9789
970136 5702
976297 544
945325 2170
958993 3914
936980 2705
983550 3214
923521 4267
900314 541
919910 8498
973311 2572
900127 7434
982603 2922
966579 655
970130 9864
943252 6879
992577 7585
988835 5799
915966 1131
952109 9924
938949 9290
937519 1515
919112 6680
930728 518
908261 495
945174 6522
995497 3775
963857 6286
941484 5245
901406 1102
971952 4124
991670 6527
915956 5376
991991 6411
950437 5544
958104 9424
928198 9196
901157 7439
984803 5283
991434 7955
934062 773
914380 7488
923652 3704
972788 7506
941378 727
996909 8772
993426 6042
904109 1143
964933 5241
982135 9835
961382 3199
976737 253
928779 1885
931335 2602
969820 1075
901821 8361
910003 9777
940036 9894
906333 4341
971563 9262
903399 66
942946 3259
959915 1715
903700 6613
923080 1713
955299 7764
913841 2191
968356 3614
905408 3142
920283 5547
991910 7276
985919 2746
936369 3476
903088 5081
966046 4420
942716 9652
916779 2969
943436 9875
981593 108
996684 3711
982747 89
912347 2052
988249 1094
915511 7010
910794 7114
994498 8522
955976 5024
916049 7160
956536 4134
912925 9991
992495 9691
980548 4479
983138 5463
909649 1158
956475 696
959979 7500
969259 5793
900522 8871
951332 2916
926995 3241
988880 9926
976583 7919
910512 2206
932273 1126
931762 694
943997 553
959169 8977
932771 3052
974072 6464
938002 1921
927871 1998
985629 9248
988883 854
982241 3176
989522 2620
911096 3396
965202 9106
910894 8748
987505 4153
982716 1917
981832 9248
952434 7781
916027 2036
903639 6188
917090 1799
943000 9406
941502 5875
974385 6457
907784 3442
942170 4071
939679 1742
957095 5651
989545 9759
989744 9758
941288 5363
904180 9998
976079 8280
982693 8859
942022 4393
965849 3936
911272 7251
925133 9449
998204 8028
981332 3729
964951 2741
983324 2148
949521 5301
927203 7610
910545 1920
992224 2297
915941 6934
963717 1990
984390 111
990623 4578
941234 6359
984660 9999
928333 5396
952484 5867
915211 850
963252 1090
944999 8591
989534 6209
910664 6696
949882 7114
918508 9478
971132 5067
932505 6414
952417 6451
974807 5183
901897 4227
907151 3087
944378 974
978925 9893
908897 1494
975000 6961
977528 3409
907919 2691
947321 5787
944299 3828
979007 8083
944965 9266
965786 9212
984085 3153
987211 649
940935 4642
974250 5470
905295 658
980952 3882
907849 8014
912307 5033
965707 3546
982712 4390
971299 5256
952799 6889
980672 2511
969821 1428
929430 9986
973408 6694
913128 7667
983106 1390
911207 6393
937308 2736
921220 4340
930869 6527
930723 36
903371 2201
995197 9744
977478 3713
900148 8702
976612 516
958332 6822
996291 7460
941181 9995
908962 9988
931373 2690
963485 6741
997328 23
929020 5694
922648 9216
908305 3417
929416 7191
963319 8752
943406 5038
905530 6026
966711 2779
904306 4145
999875 7628
950121 1771
959536 9213
998194 9742
906346 7665
999460 9984
916670 8230
965012 8754
999318 6250
940525 5798
963887 9829
956623 8284
973197 4644
915517 5897
974955 2732
998323 6709
915794 9785
984421 318
913016 4983
931924 5120
938295 978
933827 4583
914915 4784
998381 3185
950192 7764
915795 2194
914251 5866
912470 2701
993122 1437
901715 3640
997187 4421
914817 9002
943612 9965
970038 1824
974012 4382
978503 8504
977764 1699
955996 7723
971973 9685
997429 7199
975757 2128
977337 5197
974441 5881
940919 3409
951672 7881
911178 3559
977914 5814
980309 1928
951211 1004
995620 4456
965616 9497
942454 886
979454 4110
946910 883
981568 9159
937337 3444
923936 9928
983071 8158
962116 1827
973912 8167
997020 4990
995988 6017
983185 124
925161 8320
919322 9407
983068 499
927433 8045
957059 9318
949380 4141
902959 8584
927887 8091
923211 5892
924301 894
970018 8124
943115 3622
906373 9010
999678 8514
942630 7500
922977 5882
936251 1496
916023 401
962895 1848
997589 1367
917514 9775
907002 1278
981862 5721
948101 3113
908268 1256
969152 4852
948381 123
902468 2400
997098 8389
990649 3393
946718 6619
998199 2906
964225 3065
942006 7258
971216 907
924667 5256
934795 6275
998262 6023
947410 7805
925666 3995
912568 7238
981510 2101
924385 8755
954098 8600
934358 9572
936448 4686
991989 5575
952828 2614
994744 6329
973437 5632
951910 5062
921331 8690
955763 3925
963100 9698
946780 2937
987321 2906
986319 8554
927279 9967
928429 2104
994892 8354
943569 9417
960796 4414
933007 8269
905644 9996
947158 4106
902874 7946
978100 8868
946653 1681
977037 7341
961798 9437
980093 2728
934178 383
942260 391
929765 8189
938929 966
990694 340
953171 8160
930547 2217
967541 6608
987178 1048
996353 5581
990249 7947
925491 9743
985204 2695
947130 4599
983926 7755
984283 4700
989633 6850
979028 3162
990943 3511
990717 8346
900149 8576
972963 9382
966790 3891
924174 6119
908739 2379
970987 5324
935825 219
914521 1163
925034 10000
967089 3394
932053 2697
925714 940
986592 9810
922429 8954
972795 9131
913088 5144
987110 4316
978002 8384
988682 4764
911241 1764
932003 9100
958491 6971
901511 9924
900607 1160
982916 9677
964309 7972
980152 6541
909341 1138
942155 3055
980722 713
930912 7329
911571 4618
992387 9337
909110 2647
994643 9070
914275 6530
927104 8081
937709 1575
917379 1818
995579 6569
944478 513
915081 4452
904153 3472
918476 8455
932663 4273
975699 4380
972786 9305
937493 6393
946570 4269
959478 1842
956685 1984
933261 8615
932545 6753
927028 9673
981355 5424
975264 3452
932991 9953
968344 7962
968459 1229
983437 2052
911734 9249
954787 7144
930922 5286
933824 9080
919764 1766
906109 5563
969940 5895
967310 7962
945093 6779
946331 1783
974653 6386
975104 6809
985879 9607
940608 6397
929628 2977
922952 8672
961968 6031
916682 9852
989135 3314
965755 6724
908004 9859
921714 8201
901508 1873
919878 9768
989062 5742
919467 6524
939177 809
969360 6833
999006 1954
981444 6774
944939 1538
993435 9817
977849 9949
999029 3621
967779 4631
903603 5883
974056 6711
926984 8881
926074 3542
971786 2793
911611 2133
912355 4418
949670 1146
949779 8233
978449 1911
905447 4223
908222 8365
961030 1770
949883 1786
965917 837
983306 9656
942881 2732
977465 34
942455 4297
972780 9102
921207 4140
979196 7556
931129 7997
938819 2859
911983 9019
958469 3865
961149 622
950527 2955
968841 4535
949114 8397
959977 9591
906528 530
993574 4232
982043 9959
923843 2135
994929 926
944654 43
958312 1356
983904 7654
966551 2279
965549 8314
976008 73
995849 9913
995119 9546
994959 2778
913906 6995
980661 7401
993162 6764
954997 8937
943056 8180
955677 1519
914310 5669
914415 8263
907971 113
978082 6444
934378 3295
935698 4004
952647 9842
992116 573
994127 8179
948930 2475
981547 9160
995129 1599
938203 7047
997286 3546
970349 5930
925438 6291
963384 2073
975296 3306
941940 3607
978586 5994
964151 1275
917738 4691
966589 9820
956452 6815
910795 8272
934782 4797
948009 9426
974979 3644
912500 2962
901965 3191
940874 5443
949840 678
999476 9344
997261 4350
956366 9186
981212 7572
973426 89
993150 2272
931809 5852
982276 9014
951446 5157
931035 8760
987037 7945
951384 262
977618 408
932051 7857
976249 8182
935243 9536
920553 887
965589 4462
987637 2099
904307 3854
918523 9870
990902 2810
920041 2104
995339 4023
981342 3976
931078 5138
959464 4656
996693 2873
946992 8207
923011 5586
983762 4947
920411 8630
977021 6512
915213 9948
982024 1260
958699 4685
935807 7127
908422 9436
974426 4288
913777 6258
929342 3019
951302 2764
900152 5015
991546 61
943944 2132
948067 9972
906534 7756
900286 7282
902645 2183
987315 9651
952940 817
946415 2046
954159 8062
985866 9575
983207 1669
970933 9462
913411 6052
989222 9038
988176 3968
943176 2446
984633 1757
925557 2985
969874 2805
983228 3656
925553 2906
960195 9364
985758 9243
907024 7829
997959 3260
971913 7981
929301 140
906287 8780
957412 9910
988180 7960
936039 8647
920231 9883
985345 1696
917879 4040
981040 5251
927858 2170
909861 8288
929897 3812
960137 5596
945060 6606
977520 2344
971024 7193
964340 9442
980622 6978
975277 7315
953626 1627
911465 745
919951 120
989446 5778
966936 9589
980257 9386
931049 949
958194 4704
940623 834
943748 1041
994652 628
930166 6039
905648 8932
979280 3743
975422 8666
988413 1543
924237 6565
914141 4274
952227 9584
925387 9808
932113 9000
912485 4553
953043 4636
929494 471
940481 1237
958448 7864
918820 4354
933805 9735
927654 1082
910281 3082
963029 2983
919940 3836
908022 8781
914656 8604
921441 4916
985374 6668
918402 624
936901 9794
962185 9471
924247 3817
929565 1691
907639 8482
922385 7524
944509 2525
957053 1134
969583 9843
967770 4586
985848 2997
936484 10
927471 3217
958663 9520
991123 9768
907129 9724
969078 9729
935010 1946
972195 4006
976925 1208
947110 8913
968865 3659
979549 3228
967192 7315
959469 3069
944817 3986
973528 3936
950949 8288
958929 4113
947977 8889
928252 2671
981490 6041
984066 3536
967423 1511
962135 6634
974317 7254
929874 3248
971653 9538
958853 71
996605 5924
923657 7670
967108 4089
976014 4463
905574 9411
928389 3424
904860 4208
933838 2271
953812 4565
938186 1388
982665 9859
968829 3152
962043 6979
916638 7578
929553 5047
987258 8822
942224 9821
911433 8658
904880 7845
989179 3065
922663 9853
951810 9333
973248 4590
908249 5247
963511 2136
991995 2117
938524 9503
973337 7401
916156 9323
919387 3420
990274 4475
964250 3952
914323 1753
960019 7146
972976 4245
916588 3263
916253 8108
949318 4229
942897 2819
979201 4183
902891 1642
984936 7542
915497 779
917077 7656
950669 7122
948540 9868
980935 1124
926516 7567
936188 5843
945016 6866
943519 3819
956171 9671
963500 5676
900269 2883
939327 4825
973053 7012
967634 1552
919421 4791
953230 8627
938085 8253
935159 2163
965837 265
910507 9246
944340 6835
960125 8989
993575 1886
916421 5784
990776 6975
935054 4994
917071 7761
994477 970
909561 6007
926569 9847
956410 2861
999390 2032
974478 8502
988127 2112
901281 5381
917924 1994
969755 528
942435 2577
925310 4982
960452 6495
947190 8750
973848 9981
946667 565
929272 868
914249 9658
938657 1076
918869 7578
991251 5304
990526 7434
958807 6224
980645 4478
988639 5351
964874 5933
912346 8251
999439 15
974774 5610
915344 1832
970971 221
959545 6886
929916 9956
924318 467
909431 3066
957015 6213
952226 9435
970752 3061
968965 5229
960059 2955
962239 8708
922991 7602
930635 5141
981468 9986
934165 2529
908380 9691
920394 4878
953362 5614
941979 1838
992917 7527
932202 6138
921177 5399
973205 263
908868 9376
907140 9617
940562 9773
908822 345
909371 1846
949620 3926
900184 1682
978597 4303
943601 7978
981561 9094
901145 4408
907051 7616
908946 1561
977731 4887
995261 5056
910662 1254
919769 4440
913553 4391
940683 8027
984952 8827
914611 3431
953034 7032
960752 2829
928522 7809
906261 3569
941558 4141
911987 2884
962748 7148
999102 4285
967853 4826
957265 261
938878 3493
988461 9369
966473 9293
991545 9561
949522 8278
940311 7465
989900 7146
914097 7500
982784 8776
980106 9518
992993 4741
904792 172
947509 4333
906227 7337
986092 8966
926953 6872
978541 2803
908802 1314
913192 6600
906498 7422
939153 2141
960018 5889
951528 6473
957346 5505
930614 8777
900688 251
982618 57
957449 6722
960194 2513
957612 5746
963255 116
907138 7642
963125 7176
935805 5314
992350 814
934889 2057
915194 2596
920089 2356
970262 9762
977151 3641
901339 4867
937376 9176
904832 8137
979394 7095
940210 3207
947105 9864
909578 5392
996328 8150
973547 2333
941377 9264
986259 9970
941379 9650
987067 4254
926047 4240
971462 41
997775 6471
914039 7923
924140 4685
928805 6953
987490 5360
971372 4794
963447 3184
985984 6851
940325 2122
967401 3731
993966 6025
941113 6791
999649 4360
953747 5837
930426 3010
920018 7631
915804 7301
918806 5709
982697 412
946390 2681
908577 7559
977735 2713
901774 1764
919532 288
949916 1693
917816 9980
915863 9714
994078 9642
906299 7690
990088 593
961527 5874
983029 4359
898652 9787
932896 9880
966281 2828
988473 9841
933780 6601
923447 4280
918325 9384
960809 7891
940222 2803
913293 3685
902613 2786
937373 7846
959023 3019
984944 4526
909162 250
901504 647
914764 2520
959288 758
933476 7802
903662 2449
949909 9457
964697 4455
944680 2611
978035 4299
915719 9742
907299 3475
920344 9553
924813 256
925645 5928
945496 910
993961 2454
997841 2080
971790 8210
911484 306
976155 444
958199 5686
926042 4606
990309 7819
992074 3841
999226 6501
962174 8001
960544 8893
989955 6440
982189 2597
969035 1029
994587 5391
951085 5083
940594 6297
980513 2443
951675 1559
990133 9788
991532 9463
997169 6695
904183 3519
983627 8464
958935 9887
979137 3316
983307 5309
959425 5618
940232 1455
992659 6516
941912 1849
936120 4240
913271 4590
998267 3585
952237 4246
983118 9666
932858 1621
913845 9845
934941 3103
962715 4418
980199 7017
994952 9963
972676 6723
959957 9214
951091 5967
986530 7628
960362 349
914562 410
948223 8136
926428 5131
953204 2040
900464 8552
957486 573
948808 6769
985650 614
945629 1150
952481 5124
947906 4898
966870 1598
908759 9506
932159 98
955423 1781
916630 8107
959496 6448
991399 9636
977322 7031
984588 2202
966869 5019
960701 6025
946305 3400
993832 4062
958986 7560
998768 7113
985691 9722
988923 5987
936713 7490
921484 3282
947568 5091
933641 8400
956581 909
905148 4678
911951 118
951090 2875
936429 381
945290 9889
932386 2328
968542 9912
990669 3671
916627 355
931999 3249
972961 4459
989853 8569
939545 8767
988422 8077
934516 9252
975936 3290
916973 7702
945055 1535
927515 8626
949355 1914
925408 8525
966737 288
911071 834
918214 1352
959142 1527
914378 5101
952808 6146
972022 8802
905550 2790
989149 8879
978139 9145
955281 9621
922980 6350
978906 9314
931164 8156
932361 87
931382 2182
979085 3830
981646 6017
950790 9851
953755 3675
955446 5561
901863 6410
906324 1859
950405 3345
968625 2451
930306 7990
974132 6638
943461 9889
948473 4169
909657 4436
960310 9342
910558 8783
909937 5810
968710 6765
973380 2993
904991 9790
928936 3339
961829 8194
977377 4512
905101 4426
920986 9879
964683 3060
997470 8198
900531 3240
994438 573
997439 879
958604 7087
900237 6444
984959 5570
949336 9747
930462 5439
952855 2099
925992 180
952616 4611
974608 6844
910287 517
962948 6944
985108 2853
970015 4712
943721 1980
955282 1778
954629 3324
970062 601
960645 9899
966253 4440
918141 4086
973219 7365
976093 9401
911025 6684
990171 1739
905384 6895
915602 4086
990640 9223
975940 9669
916657 4542
939056 3566
965634 7501
926177 7152
929049 5927
969710 2307
989387 807
949933 2187
956519 4138
922889 4379
989913 3092
944397 8236
967311 4167
990435 9062
924116 2982
960822 98
973985 8552
920286 3880
926819 2152
977709 8314
963789 9999
920088 3152
934268 9939
964453 8946
916568 9607
919924 1864
911261 580
918353 2903
943153 2279
930495 2342
937161 4121
904431 9755
981153 5151
912283 6236
999392 1571
999094 1684
970274 2706
909907 2457
956470 2547
931518 7917
984138 2428
949863 8894
984523 7168
942215 4613
907650 7176
904935 291
973430 9967
937149 3884
902955 8354
958284 2334
930132 5375
969043 8245
935491 2453
949890 2034
903337 8153
900605 8093
916010 30
976382 4192
924084 3033
914723 9513
960464 2722
903006 2005
980735 1610
940249 7993
905846 3009
933617 2979
948501 3098
959114 258
961562 128
936467 4930
946798 2755
969332 299
954313 2945
901686 7685
960877 3116
993018 4199
912758 8998
946877 9223
910404 5199
979181 7545
995020 1766
957276 3821
956491 5093
935921 2719
915089 6173
936009 6680
991515 6874
989381 8677
993619 3167
974420 9879
979056 983
914427 2838
984299 2039
930061 4295
983574 8464
991564 679
900492 8234
943299 7657
906537 9623
964034 9897
904539 5423
949983 7494
966502 9392
931944 2781
901097 2979
964205 3764
919014 7370
976976 4026
919133 9912
949777 7365
921607 4276
976035 1567
977671 342
966866 8690
988556 2291
938938 2419
976835 889
904776 8342
993879 9012
985069 698
985192 4076
961463 8039
925995 9672
910827 3691
932643 3394
956228 179
977093 332
983997 9573
958214 178
973982 6767
917614 4235
998097 660
975457 9205
935846 1343
924707 2633
933964 1126
914878 8993
917926 5252
981008 9352
964441 5494
993029 7638
910358 8226
986754 8749
939361 8002
912477 2961
947172 1140
907672 4481
931461 9820
977953 4057
929756 6379
966273 2231
937510 1507
998823 675
987959 9444
973865 1658
996586 2262
907135 6258
934800 6626
980481 2379
962571 8555
966607 1265
968227 9690
920764 1619
922437 4873
940082 405
907568 7766
919278 1243
940266 7208
972580 1593
976724 3561
959568 7193
938444 1132
945660 8942
985057 9879
987559 1519
972870 464
903005 1630
940263 9665
916975 8561
951284 6390
985279 6544
931899 5656
915455 3808
905600 2947
995163 254
981884 1302
947827 5503
905396 5602
985538 284
993006 9413
968306 8158
972378 4636
952476 6234
944594 9854
972633 825
911430 2598
915058 4033
938012 681
934972 667
963412 6661
956758 5111
930759 8374
908202 3518
935955 8666
927774 6270
962258 7277
953998 849
943335 3099
946115 4284
937992 6097
929574 935
995843 9676
901818 1260
901775 6622
973796 1488
936046 9026
970664 9924
957329 5091
933443 2410
953546 9272
921240 6139
972016 1537
975781 91
969972 3382
906195 4427
906466 5026
946171 9125
986290 1903
981701 2445
950324 9970
991039 9132
990097 9232
929804 1186
976054 9134
911496 3273
984874 4419
906668 3964
959706 6838
935519 6070
961868 5987
998147 9592
935697 6097
956224 7104
983259 3250
915761 9505
934136 2799
905743 549
967899 4464
960668 4920
937286 6065
911677 1231
993630 9337
993189 8179
978908 9065
956783 3749
986488 1770
956124 9431
942758 2191
982421 686
963161 4621
907755 3087
965766 7694
920292 4433
961623 972
935340 5059
959185 8905
953972 9641
992947 1958
908823 1684
979226 5999
975266 9487
930453 8324
966558 5967
984849 2602
986470 9937
924283 3717
990798 9738
979957 2571
949536 4882
910521 9271
984636 7304
971987 8617
982522 8470
927585 5521
973373 7724
953944 5324
943483 9298
969637 4054
932406 8747
974853 8754
996369 9272
926254 7392
972799 4218
932735 9245
