2000 2000 1
995520 42 877
998380 56 391
997137 58 1434
995973 57 1061
996772 30 167
997465 62 2018
998501 10 458
994596 94 2197
994300 44 121
997939 87 2138
995475 69 2137
998373 86 672
998796 83 82
998706 37 449
995526 80 1581
999934 60 2135
998546 73 99
999337 69 196
997335 33 2660
998618 28 2348
998841 96 487
994640 30 118
994005 74 1874
995849 19 1716
996991 50 864
998509 9 1043
996874 11 1841
994565 56 2913
994426 60 955
996844 95 792
999530 91 2778
994509 56 2217
999770 50 2235
996065 36 2123
994296 64 2351
997074 52 434
996867 56 2504
997821 56 342
998460 90 1946
994929 20 430
996626 20 2840
994575 83 392
999850 86 666
994021 5 511
999166 2 2383
994191 100 2877
998750 20 2607
999366 50 2330
997145 41 333
995510 71 2575
995255 8 765
994792 91 134
999998 21 1684
998957 94 682
999402 75 44
998277 4 1451
998779 59 827
998229 22 1398
995222 4 812
995254 27 1845
995249 87 2799
994280 63 1392
999083 72 715
997689 57 2654
996099 97 2615
995083 98 1962
995365 3 249
998671 74 1522
996635 75 143
997565 78 687
994401 65 2555
999993 52 161
995108 98 2849
997450 77 2973
999971 32 2711
996924 38 333
998543 63 1325
994259 26 2101
998503 11 895
997745 10 2140
996184 54 458
995332 58 1157
999595 58 823
995499 14 787
995330 4 966
996881 5 630
997139 91 1877
998642 97 2935
999979 9 2954
998265 53 971
996614 37 2615
995604 59 2052
994716 100 2701
994823 24 899
995870 19 66
997901 31 1707
997473 80 29
997608 34 1669
994664 88 1357
994725 93 843
996574 33 2298
994754 39 2418
997218 55 2887
999996 62 1720
999144 61 1418
995798 9 2442
994817 69 2944
994951 28 1002
997393 80 467
995402 82 1668
994070 88 1409
996286 95 458
996140 26 1837
998271 24 1936
994381 64 1819
994764 93 632
995735 36 1559
996658 40 1458
994726 98 825
998684 14 321
996776 96 541
999730 80 1987
994517 32 1297
998047 83 1922
999816 81 1460
998371 36 1388
994013 71 107
995839 52 1742
996656 96 1493
994800 27 86
999759 11 2501
996886 19 356
994095 4 1274
998191 14 1643
997161 31 2534
996128 39 2294
998267 62 1267
997564 10 1002
995158 8 1829
998250 79 2866
998624 100 1172
996284 47 1049
995712 93 916
994486 52 2438
997977 64 1731
994292 87 1023
997182 16 1447
995204 52 2644
997752 81 1385
999536 70 2058
997430 55 1041
994279 16 561
994080 23 242
996659 95 2370
997569 48 2584
999551 37 972
998707 77 2160
995574 84 2251
998698 94 1375
999142 65 164
997804 48 2984
996380 11 2535
996610 3 1040
996939 81 1013
997907 97 2799
996729 36 2868
998956 13 2676
997679 97 2833
996223 83 1329
994770 6 1942
994705 83 2016
999689 19 11
994581 11 1498
994727 47 2723
999231 35 2632
999259 72 1038
999418 72 929
995918 56 2041
998721 73 1651
995591 18 2216
997254 94 1056
996224 88 2543
995928 12 2647
997742 8 1267
998200 51 117
997410 26 803
999217 20 2338
994376 1 925
994810 21 2516
995149 38 2110
998469 36 1470
997225 20 1757
994068 31 2367
998103 39 1516
997711 39 672
996811 67 2738
996282 83 1749
995211 54 2206
996749 59 2049
997301 7 132
999894 92 441
999812 37 2055
994555 61 1426
999859 32 299
995929 33 972
997694 87 1841
999255 23 998
996914 96 110
998207 41 826
997740 65 1327
994102 72 1457
995531 12 2316
999701 3 1300
994271 84 813
998757 55 583
996789 1 1866
999403 42 1737
995184 13 2828
995958 87 1188
996955 23 1839
994599 27 1072
996351 50 1529
999269 60 1420
997267 54 1089
999944 11 2929
994715 68 1080
997677 68 2488
997780 89 214
995557 99 2109
994873 53 418
998117 30 1613
997838 48 2333
997543 39 1675
996188 69 405
996449 9 1849
996948 11 2042
998131 37 32
999544 47 1428
998030 23 2612
994075 31 920
994023 29 1145
999005 68 1756
997573 39 2425
998804 80 1569
999324 78 771
997224 87 469
998159 91 939
994557 48 2115
999588 71 2818
999768 27 866
999553 8 654
999374 84 217
999986 45 1855
999395 13 2606
994343 7 2160
994066 91 38
997878 36 1630
994491 77 2934
999907 82 2857
999414 87 2729
994898 92 1274
994457 89 2635
995485 16 2780
997356 83 629
996131 81 75
999685 37 2852
999706 24 1932
995622 55 2333
994087 3 2374
999692 49 2666
997414 23 1475
995179 32 2756
997416 84 2927
997583 72 337
997485 82 343
996102 97 2437
996155 98 2319
995114 98 2205
994850 65 1502
997418 90 2378
996405 91 2871
998718 23 2570
994341 91 2643
999039 30 1805
995885 56 2245
995942 33 507
998644 83 878
996685 7 756
999298 33 205
994466 27 153
996293 11 2480
994537 44 718
996301 57 602
998656 44 2431
995617 47 1770
999220 50 212
996713 65 139
999007 36 1950
994119 95 2087
994765 45 1435
998291 93 2057
994425 73 1577
996598 40 474
998407 99 1224
994188 57 1965
997793 20 690
997013 68 39
995759 44 1601
999820 81 1700
995890 82 2225
999601 30 874
995480 63 1535
998945 95 2175
995344 67 1592
994317 22 1306
999607 95 1311
995084 33 1651
999988 57 2822
999444 52 1447
997432 92 1750
995196 13 1854
999666 77 1361
996916 98 2236
994671 11 2456
998760 64 256
998202 77 1920
997824 52 2455
995936 91 2739
995398 61 2223
998436 4 1731
997386 72 239
995753 85 157
996665 94 1475
994994 50 399
997979 62 457
999474 50 1981
997866 92 2728
995144 55 1805
994954 23 222
998325 66 1113
997953 70 1053
995747 62 561
999216 55 1422
994772 36 1386
997729 50 1372
998674 34 1466
995703 50 2735
996634 52 1719
999636 3 2520
996629 26 1353
998771 97 1977
997461 52 632
994763 51 2419
997594 26 1761
997636 62 1709
997164 56 1067
997773 74 745
998936 58 1602
995251 67 867
995099 69 2010
997022 12 719
998326 67 1411
995633 100 259
995326 4 548
994306 63 1192
998190 53 2798
998541 58 2973
995197 92 1478
997246 33 606
995284 63 1757
998298 70 1257
998520 72 55
996921 80 1399
995682 82 200
997141 13 1080
997747 97 2579
998822 90 2042
997995 39 215
994211 58 1678
996417 57 2287
998562 72 2075
998132 90 2267
994032 47 2930
999805 93 307
997796 38 600
998754 18 1937
995854 89 2172
994409 37 903
995448 81 2759
994269 12 2673
996336 36 2834
997727 98 626
999569 51 88
999335 20 1987
995397 80 1253
997674 65 657
996348 18 103
996888 20 562
994273 4 1353
998400 97 2332
995210 22 2816
994989 59 149
999618 2 1120
997665 31 460
995382 65 1560
995626 78 1710
998042 61 421
994683 26 146
996909 4 1306
995623 81 2556
997483 38 407
998447 9 224
995998 73 348
998493 2 2617
994781 30 362
995716 27 2814
996489 74 128
999320 21 2320
995414 31 1454
999042 44 2290
996717 70 2276
994257 56 2907
996651 66 1567
996726 30 2767
994523 7 1797
999658 54 2393
997624 85 2361
994544 25 329
996059 81 123
997649 31 2433
996965 50 435
994571 34 2482
995323 73 914
995863 61 1467
994313 97 142
995497 8 2030
997994 79 1718
994986 94 405
999840 59 2021
997080 6 2064
999749 67 2142
995277 6 2495
996445 6 1938
998968 84 970
998690 65 78
998494 39 2556
998959 15 453
995447 7 635
995486 90 2229
996825 90 1833
998125 41 545
996211 61 2572
994921 24 598
995801 57 1694
998369 45 2667
999100 62 507
996325 70 1358
999423 88 1716
995776 50 136
999331 76 1488
994284 24 553
997236 67 2160
998397 78 2361
994146 95 2837
995403 70 1842
998810 85 2549
996998 62 1415
996274 63 2662
995011 6 1351
996613 56 2852
998231 20 684
998037 65 1404
997429 7 299
995214 24 1149
996259 51 2854
995377 38 1090
997273 82 1625
994771 66 723
995841 32 553
995219 76 1803
999127 21 2474
995050 54 329
995851 60 719
998505 13 2149
994020 84 2846
999434 53 2363
996243 94 731
997531 8 288
994605 79 2208
996895 53 280
998874 22 2441
997822 94 1038
995225 13 2612
999767 84 800
999521 87 2699
997173 65 215
999834 92 211
997299 28 682
994562 67 1921
998148 34 2386
998942 87 2938
996334 87 1473
995763 77 2403
997791 40 138
995132 90 2831
996167 90 222
995618 4 1389
994039 3 223
998511 41 1792
998695 34 133
998139 93 963
996378 65 2468
995974 69 1872
997795 91 1312
995881 14 2083
995302 31 1892
994335 68 1619
994459 2 868
995052 8 2334
994358 89 1847
996686 71 2040
997625 67 1682
995082 88 1358
994928 22 2350
994139 77 1183
995596 88 2978
998275 38 2793
999471 63 1675
997617 69 1508
998490 77 670
997777 23 1860
995009 66 533
998592 86 612
997028 99 218
996547 82 1802
998759 81 1184
999795 82 1537
996660 3 1221
996295 86 441
996360 79 1064
996601 78 343
995054 63 2297
997653 44 1697
995634 32 666
995962 85 63
997776 11 2683
999568 39 452
999459 84 2987
994200 75 619
998083 46 2575
996142 69 988
996217 74 2085
999557 16 1864
999307 89 620
996761 12 327
999621 16 2420
998184 51 1419
994582 96 2039
994035 35 1466
998401 82 2242
995139 90 1417
999051 68 2781
997136 33 707
997417 49 538
994333 2 90
995545 55 1964
999115 21 1670
995706 97 70
995613 70 1567
996270 28 841
995606 24 2486
995394 21 1655
994526 35 734
998664 67 1787
997693 80 1473
997320 26 2469
999799 9 901
999365 97 2546
999275 25 984
997036 84 1122
994029 15 1042
998428 6 1042
996834 100 1650
999473 31 2233
997933 24 805
995899 59 555
994720 6 1693
997755 92 2087
995420 45 885
996081 14 386
994942 31 2787
996596 37 1426
994416 99 1046
998577 41 2007
996714 55 1515
996346 7 1456
995573 99 2608
994398 71 1834
998898 49 934
995715 43 735
998967 74 1248
996952 20 89
995331 77 669
996712 29 2219
997764 20 2249
996332 66 1905
999802 18 1847
995852 35 1630
996022 49 1380
999052 19 169
996992 5 1356
999762 18 2779
994434 98 2984
994932 14 1116
996373 10 922
994164 29 2416
997811 67 2397
998196 65 2373
994261 39 1115
994133 91 595
996227 39 2618
994666 5 1087
995542 44 772
995995 48 1532
996988 64 2590
998006 88 1333
997005 72 1977
995864 26 139
998345 5 2584
996569 76 225
994895 40 2412
994733 22 2232
997561 18 914
996208 86 348
999422 80 76
994025 88 17
999011 33 1761
996032 82 1536
994997 28 1130
995515 89 734
998878 29 1192
998912 17 2405
996052 90 1344
996451 10 2646
994838 75 2274
996947 76 836
994560 90 1798
996496 93 1777
996907 55 2074
998409 25 2373
998239 57 515
997353 86 2244
999581 1 1135
995147 28 461
995840 98 2905
998832 87 2251
998141 80 640
994843 5 652
996241 5 2217
999757 6 977
998084 78 2145
997229 59 2967
999858 1 105
996534 89 1239
995364 90 932
998412 20 563
998098 7 2507
996738 76 2249
995430 10 362
994050 44 1645
997871 73 1113
997650 12 1532
998906 100 1407
999182 56 720
997576 74 204
995363 2 1037
997848 23 2349
997247 44 2406
999818 86 2155
996644 97 762
995984 48 1682
996049 92 1435
994116 82 2524
995663 26 605
997908 85 1700
994975 92 1499
995616 69 459
996185 56 848
997613 13 2006
994147 72 2084
996215 43 1531
997317 34 2406
998861 100 1086
998154 52 29
994741 48 2675
998195 27 1714
997498 3 121
999272 48 2505
997407 34 161
996127 20 1142
994158 88 1638
999853 1 1947
994762 17 1526
997787 48 2226
999386 7 2143
999066 56 156
997539 47 1942
994628 72 1675
994979 81 2648
996545 71 2906
999287 92 137
994207 2 1674
997087 18 2239
998331 42 711
999716 93 2389
996766 93 1994
999424 71 2715
994900 32 2634
999637 40 1556
998921 8 2851
996469 28 1562
995873 94 839
994142 87 2174
999329 85 2863
994355 42 390
999580 49 2358
999021 18 741
997683 86 1744
998752 50 2530
996580 41 108
998725 45 2668
997853 46 517
998685 63 909
998230 52 1984
999824 32 1368
996486 81 2810
996863 4 2243
995788 77 784
994784 69 2900
999271 36 2465
997314 37 2754
998999 28 1391
997153 46 2041
998140 75 2496
995181 31 657
995619 66 1034
995934 25 2756
995954 25 2080
997781 33 2207
995821 63 2687
996269 5 2918
996287 34 528
998394 38 216
994453 56 53
999516 5 1448
994046 39 2914
994585 8 557
996297 66 1764
994532 24 1831
994222 30 1126
995532 39 2882
996438 18 203
994151 61 1524
997913 79 2475
998517 80 133
995611 30 1773
999550 58 1336
996437 47 733
996581 67 718
995183 79 2596
998074 81 1774
997899 60 1036
997195 5 546
997658 40 545
996020 84 186
999294 86 2995
994338 32 1226
999340 86 1971
996124 59 124
999150 68 167
999750 93 1828
999528 32 737
999942 95 2899
998528 96 868
996289 51 2782
995189 90 1895
997047 96 1676
997556 94 457
998553 11 2128
997234 37 1448
995684 81 2824
998301 80 2130
999739 49 885
998269 86 2795
996654 55 1303
997551 93 1970
994622 89 2108
994647 79 1559
996326 98 1020
995884 53 674
994698 53 475
995858 23 2338
997955 10 670
996294 97 1614
995384 49 722
999574 76 981
995806 8 1038
998807 38 1956
997492 87 2456
997095 44 1216
996854 60 2253
996672 13 590
999683 24 1984
994408 41 94
999771 94 1427
997550 9 1163
997059 37 2169
999369 15 1550
999492 60 1697
998789 51 783
996519 54 2110
998468 73 530
996409 31 725
997345 53 1465
996464 36 2915
994182 20 50
994740 20 253
997091 71 420
999265 38 2259
994717 31 1019
994736 82 2592
996249 61 1414
995453 89 2884
996604 69 1305
997097 53 2498
996913 9 201
998862 28 1274
995994 59 905
999499 91 1039
996347 4 2314
997405 1 2020
998346 6 2878
994769 82 1693
997932 70 395
997574 85 2606
996697 97 2718
998769 81 1874
994336 84 1542
994217 31 1841
999268 37 2402
999923 79 1474
994525 27 1384
994608 86 975
999303 69 2455
998252 60 2319
995327 93 90
994383 65 1962
996733 72 150
995018 50 415
998923 57 1479
994423 72 816
997296 19 1217
994456 4 7
994171 7 2115
998060 72 340
996118 83 24
997310 41 1070
995698 95 753
994618 13 118
999456 66 2268
997587 94 1797
995146 91 1316
995213 17 91
998039 79 1109
997904 51 1970
997759 36 463
999304 52 2890
996942 37 2827
999817 46 2870
995990 35 2154
997019 88 2102
994374 32 2433
995357 11 1360
995818 36 1713
995644 35 1327
996308 78 2650
997570 51 1695
997252 47 2136
996847 41 1957
994701 81 846
994502 45 194
998386 79 1509
999175 95 353
999482 85 2165
994385 61 90
994844 31 1308
996204 83 1137
998411 14 649
998064 40 2219
999486 55 2462
994027 99 1325
994920 75 1292
996119 71 2682
998521 88 533
998387 11 2269
996220 14 504
995795 84 2843
994513 20 2363
995523 68 212
995275 36 2690
998530 24 2051
994911 4 2965
994294 83 2539
999308 58 2453
995131 24 1475
995081 70 2208
995518 61 659
996679 71 2639
996111 11 1699
995650 46 1565
996501 30 1723
997390 70 1586
994564 43 1883
999248 45 2345
999599 28 1066
998107 27 177
996010 44 1256
998994 76 343
997192 53 1292
995023 21 1975
995946 53 2517
999245 11 2919
996244 88 1171
999479 61 538
998838 69 24
994368 63 251
995694 100 1708
994181 74 644
995696 32 490
994697 77 1057
996365 84 1521
997723 54 852
998746 20 681
999050 88 465
996618 67 2220
994135 49 1124
999264 80 706
996291 15 1108
997874 62 1335
997376 20 1096
994342 81 974
999281 44 1765
996906 63 1210
999120 47 1424
996575 35 193
997090 10 201
999392 43 641
998909 9 2086
998633 12 1563
999514 79 2110
994107 2 2184
994327 30 2667
997079 34 2208
995404 61 1948
998365 34 2617
997330 32 2575
995989 62 447
996930 62 1075
999893 49 1369
999564 53 1356
999031 70 484
998554 60 2238
999895 76 2397
994394 19 1210
996079 64 1893
995970 5 2548
997399 50 1492
999435 48 2524
996358 55 1774
997379 29 41
996328 90 2068
996637 7 796
994186 79 1740
994337 84 2060
998266 41 1830
999104 93 1751
994156 88 1496
997333 52 1620
996345 1 2497
994205 88 2098
999498 41 2404
998863 19 2030
995917 58 2689
997643 37 223
996978 76 720
996774 6 980
994283 30 2953
999108 89 2193
999133 23 2428
994512 17 927
995180 72 1217
996858 12 880
996068 74 745
998167 73 1837
998782 66 2360
996517 21 2137
999841 41 1924
999103 28 1387
999535 14 1565
995888 41 1083
996827 65 391
994868 35 1030
997823 83 2415
996339 27 1842
996408 20 494
998940 80 811
998057 32 2204
994809 95 1029
998309 71 2556
997000 24 2161
998410 18 742
997212 66 2853
996563 4 432
998913 44 659
998806 54 2781
994657 32 557
997274 47 414
998330 91 33
998003 22 1431
994866 88 2066
995127 66 359
997736 26 1069
996730 95 1116
999368 65 1160
997361 52 1139
997596 45 467
998399 35 1121
994004 22 3000
995386 88 151
997987 79 578
998859 35 2951
996028 3 2141
995903 99 2445
995172 56 549
996300 54 2176
999383 41 2559
998422 55 2950
995462 5 1450
996508 68 895
994978 44 2068
997385 67 2299
999212 30 1339
996950 10 400
994536 99 2052
996518 14 61
997542 34 2310
998519 98 1737
996577 90 552
999741 13 430
996337 57 1650
999169 80 975
997873 37 614
995240 31 7
997487 5 406
995176 78 1396
997488 44 1791
997630 85 2092
996110 28 2930
997180 99 2165
996094 7 331
994319 9 1152
995380 86 339
999502 57 366
999825 51 1394
999266 31 376
996983 23 484
994988 23 935
999205 36 2381
997479 90 1967
994163 90 2027
997774 98 1890
999976 9 2647
996202 77 963
999586 59 630
996889 20 846
994414 83 2946
995660 37 2197
999842 20 1001
998620 58 1002
996292 42 2473
996974 26 1140
997938 45 694
999227 89 1369
994061 35 2436
998052 82 42
995188 31 781
995744 51 2606
997002 90 1089
998146 77 140
997262 81 2019
996798 61 2396
997789 26 960
997253 57 33
996126 72 2179
996084 95 1647
995392 44 2731
999380 28 1222
999981 89 2140
995495 98 2269
997448 39 272
997048 62 2844
994367 68 1212
999390 55 281
996076 5 311
996586 46 1986
998578 23 2926
995279 7 2106
996364 1 2812
995358 82 1167
996559 34 1046
996367 15 2147
996222 90 273
998607 98 2962
999010 5 1663
999765 79 43
998788 92 2985
996103 82 221
997690 86 609
999321 36 2727
996272 72 1045
994470 24 2587
999925 25 2559
995351 37 579
999327 28 1497
999943 11 1086
998020 41 1500
998010 94 1156
997127 57 2892
997294 35 2637
994985 68 557
998793 24 1470
996147 64 1426
999357 7 1297
999178 98 1002
999026 17 1749
995424 51 2730
995717 59 1630
998943 100 1911
994396 23 2224
997148 32 2929
995872 99 1659
997223 27 1517
995174 17 1249
994033 95 1604
996134 52 447
995483 99 1421
996125 69 2519
995271 1 1020
997917 72 2264
997151 66 1220
998672 64 2647
998260 32 1023
998232 33 1673
996902 58 530
998162 41 1360
996820 36 166
994521 68 2977
998995 70 1965
997442 67 1368
995350 93 2635
997291 48 1275
998178 68 457
994556 45 2974
994132 46 1505
996851 49 1272
998780 29 54
995945 8 1311
994390 56 1455
998961 91 1281
999733 58 2897
999397 45 204
995154 61 683
998930 93 2795
996078 90 1120
996258 6 2427
996256 35 1460
999054 70 2539
996683 24 2461
995583 47 1677
996199 75 2704
996250 68 1151
999609 76 63
996817 8 2225
998153 73 1927
997757 62 2532
995230 54 1090
997457 100 2170
995112 80 252
995647 85 237
994681 12 486
999029 92 2181
996760 32 2574
994805 14 1820
997964 8 702
995667 6 409
994956 65 2738
994766 10 308
998022 45 234
998217 95 2382
998745 27 2731
999591 15 432
994011 44 1024
998072 85 44
999715 42 1105
995334 17 2294
999177 12 1916
998680 43 213
999194 12 2731
996235 47 2585
997444 45 218
998258 23 2122
997888 88 2462
994743 17 2173
998295 48 727
998853 92 1180
995674 13 2357
998065 76 2495
994901 75 447
996616 28 1319
995048 36 830
999311 86 2309
997856 14 1220
999602 79 2997
994514 38 1777
998802 34 314
999775 53 1261
998655 42 2787
995547 99 1206
995024 52 727
998996 57 2598
998303 41 387
996852 30 1625
997664 91 2920
999470 85 2662
999069 77 501
999856 57 1490
994172 93 1970
995603 17 906
997661 70 1287
995755 88 1008
995664 66 1965
999662 85 107
998092 83 189
997595 39 2346
998977 83 1629
996959 23 2474
998962 30 2212
996021 45 1614
994638 90 797
998735 83 301
995040 92 2372
999660 77 987
998028 93 359
998152 76 2681
997070 44 4
994864 87 2282
996591 86 193
996839 75 597
995027 58 739
995797 8 1159
995641 35 2679
996936 79 2289
998091 10 2118
999151 88 1651
995960 64 360
999950 78 2712
999134 16 517
997249 6 1145
997006 86 481
996918 43 938
994471 42 1550
994845 68 78
996605 60 242
996732 28 2373
997168 89 2990
994036 97 492
996061 84 1312
996219 60 972
995317 77 1236
995860 15 2372
994373 39 315
995833 28 2181
995893 8 394
995727 50 776
994375 46 2682
996377 26 1670
997582 64 740
998715 100 1171
998854 64 2284
995311 7 876
997601 25 2410
998984 49 167
997521 35 1281
995705 51 947
999344 16 2299
995693 54 1928
999460 30 1412
999406 74 1868
994927 7 201
999421 18 673
996329 39 777
999447 10 361
998787 68 531
999640 93 2726
995409 72 2436
994323 45 958
998897 79 854
998583 37 1002
999709 5 1955
994494 40 1633
997211 10 2691
995658 90 1581
996218 10 2247
994793 21 2573
994744 49 925
998492 54 59
999277 74 1033
996821 53 473
997012 43 1003
994386 49 1630
998366 17 2314
999877 93 729
997034 89 175
996181 95 1379
994853 97 2270
997411 6 2080
994641 4 1002
997959 5 1410
998538 89 2630
996198 84 1611
999860 57 2506
995058 71 2139
994748 87 741
994546 28 1930
994328 15 1941
994104 94 800
997724 26 1733
996423 37 1372
997111 99 1469
996655 81 2505
999478 59 683
997238 46 1384
997146 30 1674
998865 15 1699
998719 57 2197
996648 75 495
996792 3 577
999955 29 1224
998356 46 39
994588 58 75
999987 67 982
998903 27 1431
998282 87 451
998899 11 1577
997381 22 2457
999326 99 1984
996525 71 319
999545 86 1042
998216 93 1779
999743 9 600
995828 49 1623
997116 79 1713
999468 61 2651
996671 8 2999
994990 24 2139
994699 79 193
999239 92 845
995601 76 1861
994934 30 1671
998833 79 1780
995046 3 2476
996691 9 1967
998433 41 183
997869 47 1584
997423 95 1878
999312 96 2641
995862 69 2027
994482 96 1903
996994 33 1478
996835 4 2364
997282 25 2392
998012 86 1075
995965 13 1045
996075 63 1720
995065 82 615
997709 86 2251
997682 62 1819
999071 34 956
998617 11 8
996176 72 362
994615 43 2287
999296 7 410
996756 15 270
996927 42 328
998970 37 2609
997101 84 1589
994760 84 2917
995013 73 1097
999481 76 1497
998440 58 1761
997287 43 2167
994084 47 2272
998158 8 1878
999867 85 1143
994561 18 1386
995458 6 1795
999911 9 1051
999565 18 252
997533 61 1275
998120 64 169
995714 37 2836
999600 20 1444
999462 18 75
996901 85 1613
999284 50 2554
997128 96 673
996949 71 1113
998986 66 960
999261 80 983
998599 35 1441
998588 72 1433
994247 1 970
996210 89 2552
995561 44 116
998726 44 609
999135 53 1966
996278 76 130
998477 87 2476
997425 9 669
995726 54 2758
997688 72 2609
997934 91 1850
994496 87 2852
997840 21 2906
998362 35 2274
996621 12 2518
998747 17 1518
994788 85 808
996004 10 875
996443 52 2860
998471 20 627
995838 69 2272
996490 15 2947
996404 97 1445
996565 53 1961
996849 82 2943
997578 39 2661
995648 91 2822
995878 24 448
995541 75 1702
997961 39 2658
994636 59 2889
998088 49 765
995212 95 816
995356 70 734
994001 93 83
998385 92 1319
997133 6 2408
994096 7 2800
997991 37 2316
995301 96 2885
996590 13 432
999461 70 2961
999045 45 2549
998609 99 1897
997064 79 489
997831 70 514
996467 44 197
998113 41 1559
994742 54 51
999982 92 1760
999847 94 523
998877 27 2325
995263 35 1377
998414 2 2996
994992 61 1552
997377 51 1651
997359 70 264
995444 42 759
994674 3 424
998639 32 2334
999203 25 647
994464 29 1905
999680 38 2102
999352 62 1156
999196 10 2680
997696 12 1546
994999 37 1752
998094 86 2162
997313 51 2571
999225 94 2163
998332 95 1172
999125 80 377
994570 65 783
995272 70 310
995955 92 1437
996471 39 1318
996523 26 2006
995997 56 413
995259 33 1392
996504 45 336
998079 100 1896
997190 81 2201
995468 67 1063
997260 32 2831
995516 45 1806
995073 96 1974
996758 25 1203
999852 4 1461
997046 93 2174
994097 71 799
996578 100 2677
999862 40 1281
998561 61 2134
994361 23 2673
997891 58 731
998560 88 2355
999697 93 947
994858 42 2482
998669 81 2288
995072 98 2815
998347 70 1208
996831 77 2076
998638 1 104
997266 13 1154
996381 46 1471
995671 31 2512
995239 68 1449
998458 6 266
998434 23 387
997983 18 2575
997607 80 1729
999705 60 416
998429 3 1144
994237 49 33
996161 27 2731
995668 98 2971
999800 36 2018
997841 28 1792
997929 47 2583
998905 36 1546
994906 10 2288
997691 41 1611
995238 8 857
996693 47 2730
997258 27 412
999448 9 171
998108 64 698
994650 91 2703
994910 3 311
998487 18 2622
994855 20 1829
995758 8 1968
997909 50 2993
998668 63 2983
998035 76 1203
996869 34 1874
995093 66 1474
999810 22 1829
998600 23 84
995138 53 2726
996848 1 2052
997370 5 1592
998703 52 1114
995856 18 914
998176 59 627
996387 50 2435
995292 55 1375
995329 35 2211
997336 88 342
997599 80 252
998160 70 448
997522 65 1619
998983 44 1138
994799 96 678
995695 7 1349
994889 92 2815
999090 34 441
997086 54 1074
996085 44 2628
994606 30 523
999572 96 2709
996841 88 2014
999145 37 1542
999687 29 343
999814 85 1105
996803 75 159
995548 42 576
995666 73 2160
999798 22 276
998623 99 356
997812 86 486
999013 42 1515
999016 66 2334
996442 53 25
994943 56 1564
995779 40 1126
999111 20 542
997207 9 483
998138 31 265
994115 96 1985
995296 62 165
995192 7 2467
996046 62 2447
998320 96 2248
997366 41 1085
998137 94 2494
995266 47 334
999098 50 1821
995237 17 240
999123 89 1272
997297 65 148
995268 100 846
995049 52 1352
999260 13 2160
996507 84 1580
995185 94 2613
998840 34 616
997879 75 1442
994863 75 1416
998124 43 1943
995481 33 2705
994240 84 1955
998145 14 2668
995162 63 512
999838 81 1030
999608 16 130
996097 11 655
995600 76 913
998875 67 44
997412 17 1151
998205 29 1375
997201 23 1694
994128 95 2419
997165 41 2446
997176 42 918
998922 42 1961
994002 24 1918
999645 75 2067
996628 87 598
998605 82 2269
998611 64 1266
997271 63 898
998343 27 1667
995278 67 1187
999783 92 1615
998657 68 2807
997902 72 2712
995253 33 2997
999983 15 2488
999208 85 1025
996910 95 312
998635 52 1757
994251 11 898
994896 46 1627
996435 3 1660
998416 88 911
997638 31 403
995308 37 2878
994601 7 24
994530 83 93
998929 86 614
996313 67 465
994099 6 208
995807 58 2891
995740 81 504
996801 81 94
998722 28 574
997660 63 2740
998115 63 344
995707 60 963
999949 36 2570
999354 66 2954
995725 24 2375
994859 81 1174
999819 7 2517
998848 4 1735
999015 18 1231
995589 56 1584
1000000 90 485
998649 44 1828
996170 11 2970
996549 71 852
999524 11 1251
998499 36 1525
998917 85 1717
997349 95 2258
994602 49 274
994034 88 1118
996781 46 653
996475 31 1313
998557 51 1926
995223 67 1764
995781 59 1725
994768 62 2282
998446 89 2948
996242 84 1585
996663 49 1964
995968 23 222
998249 72 1173
994460 5 437
996553 26 2020
998926 47 1938
999489 5 416
998251 68 67
994103 65 162
997910 66 1038
994782 56 2355
996589 43 1475
997329 93 1431
997943 56 529
999573 79 650
995034 56 805
995293 4 2105
999933 80 1230
995625 11 1001
995730 72 1079
996143 30 1978
996791 9 1384
995581 74 619
998182 45 770
997968 54 966
994040 8 1125
998085 91 616
999412 94 1328
994497 90 1993
999036 94 1899
998479 56 2014
997082 62 546
994655 82 2089
995850 85 1971
998502 5 1681
994658 94 1464
994098 89 1837
997559 13 444
997033 27 2250
997449 24 1967
996183 73 1220
998828 81 744
999736 88 252
998306 82 587
999619 83 2544
997883 8 2517
998106 34 536
995270 47 1676
996095 94 1804
997215 57 2872
996520 23 975
994320 39 812
994645 91 2132
997536 92 1787
999725 47 2201
999121 16 1540
998537 64 193
995372 41 1371
997802 18 2813
996009 78 845
998803 80 1314
995587 57 2149
998990 12 2601
998077 51 899
995887 40 1269
996426 76 2524
997651 11 1480
998435 22 1801
997445 64 2102
996169 41 1577
995992 81 647
994010 98 2334
994334 7 2921
995590 84 2645
998009 32 2179
999738 67 1048
994241 79 718
997120 7 2284
997520 13 2801
998296 71 1355
997421 82 1512
996861 71 1217
998973 70 36
994875 18 2675
996684 39 1447
999582 82 2834
996019 60 1717
995586 1 2829
998189 12 2046
996680 90 1761
994455 50 819
995931 78 2189
996550 98 2485
996539 97 2087
997439 7 300
999086 75 46
994028 59 2798
995136 54 1074
995699 69 1463
994357 18 1338
995345 39 451
997526 85 2858
999604 8 1768
995227 93 1715
995426 61 2840
994524 73 2377
999431 5 696
995773 91 1800
996864 21 1922
994352 61 1297
999902 37 2534
996186 85 1483
994590 8 2463
999879 74 2972
996427 1 101
995952 9 2395
994964 37 291
998765 37 777
994047 73 842
995793 45 2944
994353 22 439
997186 72 343
996477 41 812
996266 48 2239
998595 43 1368
996153 96 1232
998738 74 1260
997279 7 358
999822 48 1802
994065 39 1124
996245 57 2843
997751 60 2067
996316 83 1940
996479 15 90
995549 63 419
996885 47 772
995206 13 2074
999777 98 1760
997701 83 227
999897 67 2369
994812 31 977
999314 82 2403
995455 89 1765
994947 33 1220
999806 100 1475
996098 48 2252
994331 57 339
997152 71 1235
998701 40 1959
996600 100 1032
998234 57 2454
998972 16 215
999500 13 2551
997422 42 1183
994219 99 2868
994245 92 1062
994960 72 2994
997872 21 2865
998817 14 1337
998762 97 261
996570 32 2168
999510 76 2142
994499 89 970
999885 73 654
996112 94 733
996132 80 171
997055 22 1066
998907 59 68
994290 93 1222
996582 93 2600
999726 41 277
995685 82 1473
994714 67 2710
998884 1 2071
998894 53 2148
994475 35 1113
998743 13 658
999761 61 666
999598 93 1487
994837 29 2914
995576 50 863
999338 13 730
994686 37 2055
999881 22 1192
996390 99 2147
996866 61 2728
996833 69 600
997092 60 1905
995530 20 1100
994419 12 1091
997316 65 277
999661 31 901
994924 27 1466
995508 16 1519
998821 60 1516
994712 16 1477
996070 100 776
995662 9 2795
995570 47 194
998050 55 2867
996281 48 135
995538 17 551
995659 8 995
995322 47 2222
995746 98 1232
994723 88 2050
994474 83 1446
998281 68 579
998689 99 2441
994883 4 686
999247 25 2938
996585 40 408
999740 65 1436
995042 18 2093
994160 11 2399
995321 42 1433
994449 6 51
999540 92 1520
995355 87 627
994806 86 936
996967 97 2338
995575 79 2765
994073 62 2893
999161 47 1318
996871 36 552
997784 18 1248
995843 52 1337
994545 33 546
994026 67 942
999075 62 141
995032 87 678
998918 67 2700
997532 64 1415
997919 42 2617
994680 81 1161
996237 65 2849
998566 4 952
996876 20 2956
998730 67 2454
994938 2 177
999206 66 1252
998612 65 77
996716 17 1397
998645 62 1408
996386 65 189
999559 66 799
996524 50 1904
994568 60 2973
997476 55 2022
994865 48 494
995553 22 1254
999635 23 263
995876 2 2786
997372 91 1564
996375 1 827
998830 50 920
994003 62 805
996236 8 1535
999919 73 2585
996230 53 2954
996071 2 1785
997142 3 2727
998808 38 727
997324 98 195
997555 4 1460
997846 11 1805
999119 86 2962
996045 78 1590
997746 97 2866
994981 87 1213
999769 18 2652
996674 98 898
999668 55 674
996416 82 1456
999451 78 389
998775 97 2528
999589 47 1261
998109 74 1478
999396 62 2890
997289 6 363
994458 67 1941
998598 11 1415
997976 1 1810
994285 75 1552
994522 71 587
999941 91 2722
999398 83 1122
997081 60 2691
998470 49 477
996537 85 2864
994203 55 462
998286 55 2713
997113 76 2544
995200 39 2571
994552 19 364
996027 37 2930
998931 4 2504
995456 25 2765
999154 24 170
999566 21 803
995283 80 1070
994202 83 2804
997946 46 512
996035 13 2671
998526 12 375
995476 60 2633
995340 55 150
999280 94 930
998163 11 2403
997268 35 503
998812 60 188
999137 37 2399
995814 76 1366
998708 40 500
995110 70 1000
995022 13 656
997552 37 874
995911 16 122
995543 2 2630
999171 3 876
997797 73 2391
998948 37 1277
998289 77 1951
994354 32 279
999682 47 2114
997108 40 2580
995816 15 2307
994493 52 795
997259 97 355
995676 89 1897
997771 78 2369
999234 23 1267
995000 75 1354
995294 36 2669
996495 77 1559
994755 20 1172
995871 75 1658
998515 77 1172
997584 85 322
998497 83 1381
995710 54 1663
995215 50 944
995571 61 2356
994880 90 2445
998122 82 2098
995123 28 2627
994446 98 1436
996531 74 1249
997519 63 1635
995133 40 2830
999003 90 525
995845 30 673
996401 49 858
996257 41 1324
994591 97 2229
995595 95 2502
995629 10 830
995550 48 2960
998481 57 1345
997806 65 774
995012 3 2106
999229 54 1427
994949 46 95
999737 61 1635
999358 81 463
995310 23 2763
997523 78 291
997032 4 2917
998437 63 1366
997383 7 2423
995593 86 1476
997368 100 335
995588 85 524
997633 100 1350
999341 77 680
996136 86 2498
998262 51 539
995673 7 1879
998263 32 1933
999780 14 1657
995029 79 1867
999195 30 721
995479 62 3000
999076 65 2321
996896 90 2319
997275 25 1418
998319 62 1894
996887 92 1957
999562 37 2647
998070 77 2635
999233 90 2100
995760 67 2662
996643 39 2405
997672 14 2648
995316 100 2788
998576 28 2740
996247 99 1487
997170 34 900
997753 24 1480
996087 59 2247
997016 88 1385
999914 78 1172
997958 72 634
999711 3 2586
998489 19 193
997100 59 2258
998312 94 1317
994503 77 2955
996652 42 1630
995756 94 1845
999615 78 2696
998228 70 508
997263 70 2627
997918 95 2841
999796 85 2390
996309 40 133
994412 21 334
999096 38 549
994484 58 1835
998667 89 2919
999174 35 884
994856 71 902
995895 74 1331
994694 87 2876
994662 4 257
996434 40 988
998960 83 1319
994344 68 2958
996911 63 2100
996320 74 2438
998571 57 2252
999318 29 428
995741 80 2688
997965 51 1772
997566 9 1401
996319 42 963
998616 51 1693
994554 23 2662
994179 4 641
995352 4 1238
994774 71 1007
997062 92 150
999526 100 2556
994185 95 793
997892 66 2925
998709 53 510
997503 92 2086
997454 88 584
999391 57 491
994059 54 75
995551 62 461
996808 26 2577
996498 99 1044
995774 49 686
995665 12 734
999065 75 1906
997117 47 1968
998980 73 2550
997666 47 923
994167 76 2231
994254 69 2623
995720 53 23
994531 2 708
995976 74 1681
997437 33 638
999721 49 807
998339 92 2579
996420 99 1858
998900 10 1511
995927 26 148
999056 14 2415
996413 71 1598
995697 73 2274
998340 24 2550
998235 53 377
999014 55 1118
996838 47 772
994144 40 611
994613 48 379
998044 76 1776
996462 92 1956
999109 35 2473
996521 57 2405
995700 26 2163
995672 11 19
994316 34 598
996859 7 430
994675 53 2562
997094 60 1413
997623 56 2078
997717 6 310
999355 58 910
996899 1 766
995524 73 1794
996728 21 2442
999404 53 1689
997131 68 2025
999790 14 595
994340 38 1653
996255 94 2982
997318 92 785
998136 73 2906
998551 71 1365
999913 57 290
997327 67 25
999469 49 2500
998318 55 2323
997419 66 2034
999116 28 1101
995088 35 1486
994579 10 1009
996917 17 2387
995103 69 2052
997553 83 1681
995033 96 102
995615 98 1896
997884 26 533
994175 17 235
994017 57 1107
994533 83 244
994819 65 952
997941 47 2078
997284 21 1093
996516 26 691
995848 92 1932
995492 79 2364
999727 34 631
995892 91 2420
998675 17 159
994506 60 609
996366 9 1385
996631 38 139
996542 49 606
997328 52 1331
997464 67 52
997054 35 2740
999487 25 1987
997667 98 1866
996306 16 2766
999332 21 2336
994402 23 2437
997189 36 2912
998290 90 2483
995982 33 2282
994668 91 2891
996819 28 419
998866 94 75
998254 76 2500
996298 12 1022
999394 42 1557
994572 15 2385
999292 100 1201
999532 16 1890
998516 69 2912
997462 39 542
997319 78 2892
998315 73 2962
998661 30 980
994711 99 2708
994914 88 2793
998011 37 1878
998293 23 1404
995295 40 967
997172 28 1070
996960 60 254
999436 76 2827
994987 56 2429
999720 26 1579
994477 24 525
995459 70 1397
996719 58 2947
999030 83 2487
998123 12 2970
996359 32 289
996275 78 1297
997820 54 506
995070 21 691
996279 93 427
994804 42 1187
997358 7 564
997077 100 223
997769 52 1519
995810 42 1956
995465 8 2733
995205 90 1152
996497 74 1687
997230 70 618
994445 20 190
997360 25 1198
996538 39 596
994078 28 1018
995171 43 68
998364 12 2523
994543 32 1049
998378 11 1328
998311 7 751
994194 37 484
995109 68 1047
999876 73 985
996785 7 1254
997817 34 2026
999325 81 531
995506 14 2212
994461 72 1965
996615 39 387
998881 72 442
994539 65 2583
997351 51 1873
994267 77 555
994260 59 1814
999428 90 1324
998227 50 1594
997800 85 1607
997515 51 272
999844 11 489
994794 88 36
996379 68 1731
996938 51 2809
994382 40 2724
995107 53 2600
995075 24 1780
997158 7 762
996191 15 89
995772 29 2517
996810 63 1055
996060 74 2387
997093 31 1228
998370 62 2550
997738 27 2198
998714 48 1617
999657 66 1183
997456 89 171
998637 65 2298
994551 70 972
994822 96 1700
998889 86 2575
995418 62 1310
995723 58 457
998736 22 1308
994737 72 125
998264 63 2032
995653 50 2112
994076 94 363
997435 39 2516
999776 17 1352
994162 29 1911
999577 36 2643
998763 49 2763
997911 30 1307
998467 61 1599
994834 53 1330
999549 7 2628
996745 43 1703
998032 72 1934
995435 40 2536
999291 18 1613
995470 77 796
996506 71 1897
997001 67 1767
996641 76 1589
994309 15 2779
996669 79 2119
995299 64 240
994450 80 928
997592 94 2258
995421 48 653
999956 36 1676
996857 8 107
998947 67 665
997166 28 1115
999126 84 1832
997998 29 1550
999517 53 311
997852 92 2685
995074 96 1176
998183 51 2135
995874 33 657
995869 34 145
994632 92 1515
997834 86 2001
999148 75 520
994706 14 2613
994037 8 2588
995605 53 913
994936 86 1798
996066 69 596
997572 68 659
995167 73 1427
996900 31 2922
998628 93 1209
994529 81 1430
997178 20 610
996082 16 849
995232 74 2641
999300 60 2180
997501 49 524
999788 59 990
996720 8 2520
995218 38 2050
994462 54 2505
997735 2 1686
999926 71 1947
997348 68 1484
999647 70 870
997767 44 1983
996912 82 2805
995115 26 2877
998240 25 717
995220 2 1106
996463 32 770
997480 43 461
995540 80 1352
998165 25 2677
994690 14 37
999932 60 2230
998751 38 1434
994941 88 2359
994791 76 1854
994366 48 258
995836 47 2857
996541 35 1299
998927 58 2017
995800 66 30
996675 42 1892
999760 1 1727
997749 3 2770
997248 35 2848
996964 52 1484
998393 63 2873
999961 93 2648
994131 6 2953
995087 44 2601
996091 64 1527
994297 34 686
996692 79 2514
995439 93 1880
996687 14 234
997049 28 732
997427 78 2526
994388 20 304
994878 44 959
996702 39 1185
998601 30 2017
994707 38 118
996870 92 1264
998491 90 1127
994757 10 2340
998323 47 2673
996201 1 304
998700 14 1697
994643 84 2783
996400 16 2519
996024 24 79
999297 54 1014
995379 86 1024
999922 14 1257
996892 25 245
996160 8 1934
995507 31 2829
995143 30 1634
995889 63 1382
996529 83 1570
999316 87 1039
997925 99 1091
997489 65 1117
999317 7 749
995178 65 2935
994089 26 984
994161 49 2191
998567 89 263
998483 17 1374
995152 53 361
995943 40 97
997668 72 1698
995267 23 2448
998697 61 2723
995722 73 2165
998827 32 1600
995471 69 1863
995979 99 2332
994893 14 2394
994626 61 2996
997452 36 2688
994359 37 2355
995457 1 175
996824 43 591
996725 93 2560
999457 94 1431
996007 91 2973
998941 2 2143
999672 58 1961
994745 78 156
998681 15 916
999185 93 1602
999558 94 420
995071 63 1725
998513 39 2123
999653 97 866
997978 31 677
994226 78 1702
994721 42 2783
996759 28 792
999336 46 181
995121 3 2193
998076 24 2836
995057 96 2046
994421 39 112
995236 76 2036
997020 67 2481
997408 5 2696
994067 31 998
995513 41 697
995076 83 2389
997286 37 1796
996399 68 890
994093 85 458
995191 19 1769
999920 73 1321
998404 85 2077
999518 3 1750
994113 65 1376
994507 45 2112
995122 85 2118
999869 3 1906
998676 7 310
996261 67 2710
995437 26 1580
995100 56 2734
998749 50 1607
995336 93 1742
995880 56 2049
999930 89 693
994510 75 2366
999160 17 485
998040 18 809
995537 44 2844
995244 71 1032
995411 73 1890
999378 29 2433
996318 92 105
997499 25 1539
998177 5 1876
997334 76 1653
996376 56 2607
998432 68 1425
998944 80 1694
998199 93 2816
997220 39 813
994977 66 2063
999441 33 1291
995901 96 1441
999542 85 2072
999613 50 202
995280 58 392
998887 73 1600
999385 52 2144
995366 15 966
998584 48 804
997367 88 2939
994578 25 521
994505 36 1630
997468 23 1521
998268 87 2089
995670 56 819
997756 77 1886
998208 2 2743
995410 15 2061
997491 4 930
995320 41 239
998734 32 26
996296 76 340
996779 13 590
994887 46 2218
997420 80 1782
994125 100 608
999019 57 672
998151 31 892
995063 5 1238
996488 58 1842
999861 99 1383
997882 70 301
997980 57 95
997157 22 134
996611 14 1208
996990 99 576
997281 43 2288
999313 46 787
996228 47 2031
997544 1 55
998801 12 1674
998939 83 809
998075 91 2842
998280 7 1731
999055 15 1711
994965 16 714
998559 91 849
996782 6 292
997053 27 2655
998981 31 2766
996323 60 1317
996031 87 2370
997481 50 2427
994009 71 1675
999519 46 1036
997513 6 837
995260 18 726
999102 64 1464
997590 88 1650
997096 19 2223
998891 7 770
997474 65 1767
999815 37 469
996746 4 1704
999681 42 1863
997144 54 732
997269 56 617
996773 23 237
997972 99 5
998114 52 887
999839 9 715
995778 47 548
999450 93 1186
994322 67 1611
994789 41 1168
997470 79 1437
999472 20 2342
995168 87 1352
996487 81 1291
999302 95 315
996371 16 259
999678 15 408
998954 35 34
995920 34 2880
995291 79 1339
996263 44 1580
996975 88 579
996856 41 1536
996072 11 2334
996566 19 706
996721 45 1017
998457 8 1120
999578 19 21
999753 97 2089
996108 32 1920
996354 60 1074
997775 8 1618
996500 41 1565
998087 48 2165
998445 80 840
998739 17 1990
995930 64 188
995119 22 1042
998831 79 1077
996117 89 62
997331 33 2191
994380 15 2925
996439 15 2485
996940 10 1827
998161 76 155
996860 56 2624
999787 41 2534
998768 48 381
998993 96 2204
997099 98 472
994654 3 2272
997760 65 2364
999168 9 982
997557 53 1882
995904 38 1382
997285 42 980
996731 41 1566
998391 86 1305
999593 18 1347
998964 61 1217
998532 10 1422
996036 60 720
996800 61 1126
995142 71 252
999865 39 2950
994648 20 973
997115 86 1330
995061 27 1497
999410 97 2809
999648 95 1922
995564 20 6
996608 16 1937
999241 58 1792
996567 48 2990
995804 88 163
998247 61 4
994854 31 2380
995754 51 3000
994885 71 1778
994305 44 803
996193 47 2622
998444 56 2114
997138 25 2331
997952 5 2854
995004 52 2363
994498 90 395
996116 95 861
999342 48 1767
999278 26 2530
994646 40 2667
999033 79 1813
994492 47 2739
997974 80 2149
997684 80 222
994074 47 2976
997944 23 675
997114 36 440
994062 77 1926
997999 96 1864
994311 2 983
994436 96 1977
995165 88 441
999081 4 159
994558 95 1987
996743 99 1201
994134 55 2336
999409 44 1905
994612 5 1301
997626 87 503
998475 33 435
994206 20 1168
999353 69 272
999627 16 2612
997562 55 217
996640 26 2102
999752 38 1341
998135 3 2297
994972 92 110
994872 96 784
997554 92 249
999827 15 1605
997403 28 1308
999837 33 1305
997867 51 1618
998462 40 2727
997768 40 1683
999153 56 1263
998766 55 2974
997398 14 1555
999808 44 1349
995897 45 1494
998431 81 793
995555 25 537
998021 60 153
996077 23 909
997710 26 2829
997217 89 1102
996875 62 2375
999555 69 1213
995325 55 1188
999570 45 968
994918 13 1709
994451 57 1242
999972 38 1117
998989 41 1922
994176 100 749
994403 69 1965
994435 5 1174
996878 52 424
996883 72 2544
996233 65 980
999935 3 2174
997057 47 585
995909 44 1316
995597 23 770
999347 64 2878
996304 49 2420
999722 25 762
994735 78 2507
998842 47 260
996879 42 1096
997431 48 1120
997629 54 2142
994922 60 1507
999128 40 582
999624 60 2242
996790 51 1772
997198 72 673
999101 30 916
997219 37 909
994469 17 2247
999801 21 2111
996012 71 2499
998867 30 172
999367 33 1671
995638 91 1440
994183 70 2364
999927 18 2429
996429 62 2484
995339 15 59
994264 80 325
997833 12 640
994192 39 2991
995451 56 2087
996646 59 908
998614 19 2767
995834 48 687
999675 34 2123
994056 1 1665
998823 32 2958
996239 37 833
998603 62 1705
996935 76 2443
996972 68 391
998814 60 959
998408 89 2526
999401 17 266
996709 51 1892
994303 52 1869
995999 31 384
998634 17 329
999525 89 227
998121 69 2415
997038 99 1511
995980 19 2642
999438 84 1779
997149 72 2681
998193 21 1077
996482 74 124
998666 76 377
994818 36 2663
997614 5 2424
998270 21 1531
998299 13 1572
998034 49 189
994105 37 1607
998770 96 1810
996898 9 618
999164 53 1884
999024 87 1334
997478 50 1736
995948 82 1618
996163 99 651
997540 39 911
997512 22 346
995709 91 463
998846 98 1147
996253 83 2964
998753 33 59
994407 28 2735
995125 16 2941
997015 76 846
999918 95 1607
997075 93 2387
996619 27 125
994198 96 2160
994827 64 991
999959 67 2059
995390 11 2363
995391 24 2592
998688 2 2037
994848 93 1146
995534 30 480
997815 64 571
999063 42 1468
996053 6 2183
997967 85 49
998729 14 1045
998097 17 193
999773 58 882
995399 88 2207
998572 65 610
995338 95 1959
996650 99 1937
994274 64 2395
995016 3 239
996765 30 1154
995651 22 647
996410 66 1213
996609 99 1934
994619 14 2286
994288 3 1341
996737 52 951
996260 46 1057
996846 45 1796
997973 4 824
995047 61 2801
995343 5 2387
998914 89 2796
997288 21 2700
994178 57 291
998308 14 1513
998127 97 1114
997545 25 1635
994213 75 367
994030 41 1127
997632 94 1258
996425 15 2730
999667 30 1287
995362 83 1433
996398 76 2175
995289 13 1860
994082 76 2944
994304 79 1472
996454 53 935
994603 75 493
995007 22 799
997635 46 922
995450 71 566
995373 89 189
996868 49 390
997163 73 2105
998392 20 372
996624 61 1876
997801 79 1336
998573 96 2164
996995 35 601
997494 66 2639
995764 2 2111
996033 53 798
996039 33 2245
995558 81 728
998901 47 758
999136 51 1400
996104 71 219
998951 40 2853
997303 72 1425
994871 38 594
994980 72 2434
997731 50 472
997996 42 2788
996481 31 968
997525 13 2441
994587 62 1407
997627 78 2426
997321 86 897
998498 42 1697
994786 22 1896
996303 38 488
996064 9 1659
999547 7 2000
996837 38 2180
998472 19 1963
999058 88 2395
995865 57 1573
996268 71 1017
995298 66 793
997610 12 835
997750 54 2217
997392 76 787
995077 33 1874
999301 55 2938
997063 10 411
996307 42 705
999497 22 1214
994287 4 939
997283 4 242
996357 57 377
998164 96 405
997589 66 2219
996799 1 2670
998522 43 1035
998382 18 824
999747 15 369
995675 67 1749
998045 65 2211
999110 100 350
998043 30 583
999889 27 801
999884 56 672
996267 21 2993
997504 86 1015
995161 6 597
995241 96 1195
994623 17 2180
998221 21 2956
999649 90 1551
999612 68 2054
997992 83 2525
998026 88 2051
995173 49 291
997025 95 1018
994527 25 1800
996535 73 2532
996151 15 45
999794 97 688
996000 82 2407
996015 34 2266
995469 41 1083
998798 30 1881
998872 53 1152
998321 42 504
997401 56 1242
998100 75 620
994501 57 1614
997646 63 1924
999079 83 28
994174 57 1002
997560 36 1519
997436 37 751
999567 86 1441
996389 38 815
999222 66 1422
996093 20 2399
998287 49 2953
995919 24 1365
999724 34 1206
994688 15 2497
997493 27 2744
998658 91 718
997890 100 2708
997121 22 358
994798 19 2139
998376 39 2750
995512 72 1344
998868 2 1495
998256 79 383
996251 97 470
998902 23 1100
998224 57 959
996558 91 2081
994433 93 418
999484 42 781
999892 31 1704
996620 8 444
999112 90 900
994886 21 1194
995193 83 1179
997251 13 43
994750 3 121
999384 89 1043
997956 72 1098
999774 53 2545
995429 21 1820
999887 93 1470
994824 30 859
996757 87 1732
995877 97 786
999699 51 112
996402 81 1881
998919 51 1339
994215 95 210
994677 18 2295
997620 99 1093
996943 46 2034
998485 23 994
997915 18 1727
995441 43 1675
994518 82 1056
998776 69 73
995761 62 2450
999632 19 1670
994617 87 920
999829 48 1094
995436 14 2313
995769 56 537
999974 68 92
998552 1 761
999804 83 1826
994519 53 1458
995256 5 1967
998014 26 969
998892 91 1128
994045 62 1680
995104 89 766
997245 6 1376
995577 84 1085
995621 40 231
999162 51 353
996008 90 2311
997580 67 2501
998858 69 1801
994077 58 2198
998218 20 2019
995782 76 2378
999958 77 2231
999915 87 530
998570 35 147
994149 24 2502
995092 10 2686
994233 56 1124
999286 100 637
996690 95 559
997647 41 466
997881 32 1874
997441 24 2103
998791 32 2849
996661 60 2116
997104 26 1126
999230 72 1503
995566 68 1664
994118 86 2604
999333 38 348
999328 66 416
999299 68 2428
994463 87 1284
996310 62 173
994946 28 2773
998245 4 2738
996288 77 2041
994275 53 844
999763 7 1460
995896 97 1044
997384 83 2704
998105 25 809
996612 69 534
999235 82 2508
998625 99 2631
996768 71 1976
995466 71 1883
999276 50 2159
997581 88 640
999004 37 1884
995041 53 1308
995044 7 290
994301 75 2955
997391 46 719
995608 19 2079
998171 5 2539
995051 76 1583
996338 75 846
995915 27 225
997122 84 2202
994234 57 1511
999263 56 1323
994141 57 1734
994959 35 2850
996966 68 1278
995584 67 1962
998350 46 1406
998582 88 98
995113 11 2375
998756 39 2467
995502 56 657
998627 45 2845
997162 55 607
994756 4 576
996920 79 192
994968 90 1323
998794 94 870
994295 66 2429
997516 93 62
997023 91 2196
994704 19 2071
998361 33 1787
997380 93 2785
998344 35 2328
996797 12 586
999490 65 597
994326 34 1716
998101 85 1459
997779 55 128
996254 92 2329
996622 28 1574
998800 65 395
994165 50 794
995767 52 159
995314 24 1147
996246 52 710
994998 94 2116
996080 95 1804
998214 88 2697
999440 91 105
995489 54 1998
999686 59 1063
998629 45 1084
997272 56 346
997402 40 915
996214 19 2140
996415 8 826
998054 32 12
996639 63 537
998679 80 2154
996931 77 314
998928 26 2862
996393 20 480
994593 24 747
997997 6 1627
997205 88 2211
995473 88 2866
999048 3 1550
995639 10 358
997868 77 2402
997534 56 1314
996865 21 2930
996905 31 1210
994780 98 2222
995544 21 1182
998640 94 748
998073 27 1429
994157 2 380
994963 30 92
998524 17 2010
994286 91 2739
995609 51 1299
996178 93 187
998353 79 867
999563 46 1798
995652 21 2931
999427 16 1959
994976 8 1960
995729 26 2453
995719 26 2595
999139 84 526
994483 93 386
996688 56 495
997446 88 2479
995195 73 1405
997966 94 2900
998982 91 989
999529 44 2103
997538 45 141
998727 44 250
996460 67 1873
997981 72 566
995692 67 2127
994277 36 1964
994242 30 2678
996030 26 583
997597 9 596
997602 11 1280
994888 7 1734
998118 77 2742
995346 96 2668
998466 82 495
995020 24 690
995514 57 1658
998223 26 1768
999044 31 386
996670 45 2143
998451 100 200
996002 47 1277
998888 51 2440
994007 88 999
997905 31 2197
995395 48 2675
994790 48 2433
994299 24 2198
995937 70 2196
994549 14 2915
997509 4 296
999274 67 1330
998992 82 1062
994085 73 1015
997567 14 2391
997894 30 531
997719 52 431
995201 83 1916
994024 27 1946
997931 86 2723
997389 38 151
995245 62 1839
995592 79 1912
996195 80 2143
996157 73 361
997471 82 1759
997235 33 674
996352 50 2338
998813 98 670
999616 2 396
996829 12 538
999393 4 2189
996561 92 2425
994393 20 514
995975 100 1724
994088 18 2958
997517 15 2249
994779 31 911
995552 3 1796
999665 89 1145
997098 48 2696
999717 67 781
999531 55 686
994289 80 2086
999641 12 1099
996051 88 2860
999149 9 477
994173 16 788
999614 78 2978
995519 35 1717
997985 43 2285
998418 73 484
995505 8 476
996853 27 2279
997213 4 117
996752 49 2975
994169 30 1273
998310 62 1145
999202 38 137
997807 13 656
995105 58 1450
994308 77 195
998024 84 2026
998870 75 334
998013 96 1912
998651 37 852
995231 99 2208
994041 11 2314
999156 23 1932
995640 25 618
994126 90 889
996753 91 1374
997014 34 2925
994265 56 2557
999382 57 318
999032 12 562
994136 83 2156
998242 60 82
997231 85 1729
994815 32 2279
998300 45 617
997763 61 1390
998426 82 1052
995446 1 2677
996166 90 1090
995287 34 2975
995867 46 281
995039 76 1638
998547 32 2677
996552 69 2402
994166 46 246
998328 67 779
994481 27 1516
998341 48 1621
998843 38 1936
999703 24 1883
996058 89 789
998062 60 747
995681 22 1544
998647 25 1357
999655 61 2220
996363 40 2247
994541 64 527
998608 42 390
999973 7 1091
996597 26 1544
996491 64 376
998374 86 2387
995246 60 1763
997765 92 2373
995933 50 949
997792 65 776
994937 10 2461
995786 76 2003
998971 25 2608
999092 24 1372
998272 37 42
998568 46 2035
994718 38 2986
998938 78 2401
994351 16 678
999931 16 1175
994348 90 139
997648 97 947
999020 94 2144
996014 8 237
997179 36 1917
997518 4 531
995400 49 681
997184 25 965
998000 85 421
995824 25 2702
998702 62 2056
994729 34 1457
994058 89 2912
994515 30 1229
999077 80 2860
997343 46 973
997009 54 1303
997209 25 1006
998004 63 2622
995913 46 2907
997426 96 1673
997326 40 864
994511 88 872
994428 59 2279
996802 61 25
999778 4 2236
996710 4 2683
995846 79 1382
999587 16 1198
995324 25 995
995817 19 49
995632 31 2326
994431 9 830
997715 66 707
999891 26 612
994063 10 1875
996809 45 2033
997339 81 1564
997707 66 1028
999113 80 2083
996804 62 687
994248 71 93
999953 87 2866
994452 58 814
998937 66 2971
999091 7 2342
997073 94 972
995813 91 1793
998849 82 2975
996627 17 418
998179 10 28
996276 45 2734
994970 22 2476
999249 96 930
995148 20 2728
996832 22 1092
995636 74 1142
998210 61 564
996450 42 2918
996038 64 1638
999157 67 446
997739 81 1647
994356 3 1562
994891 30 2387
998442 96 1433
995743 91 1214
998336 37 1919
999611 56 2837
994785 8 2499
997169 88 1195
999543 63 2420
999310 71 1893
995637 73 278
996190 99 543
994807 91 1652
994881 69 1188
997374 16 1350
994520 86 1387
996135 64 43
997058 25 1169
995991 72 1295
998111 13 2212
995704 48 2179
999579 63 220
996457 71 2457
994302 68 1902
994124 97 1439
997644 73 2683
995281 20 2590
999483 47 1212
994547 92 717
997639 4 146
997413 100 899
994912 81 2737
996083 66 689
997132 45 1765
999556 1 1299
995443 64 368
994634 18 1538
997704 65 2689
995416 46 830
999053 71 2588
999631 15 1871
999087 36 2546
995853 41 1818
995360 68 340
996090 43 1859
999642 54 338
996533 69 2156
994276 75 2101
996299 34 441
997813 99 1015
999184 55 2625
998396 81 230
994278 45 2817
995522 5 1403
997810 3 554
997827 33 2153
998820 99 923
996599 85 2377
996963 73 574
997199 79 1724
996664 24 1214
994708 22 1470
998932 16 1854
999789 17 1970
998071 12 748
994314 35 1445
995285 20 2837
999684 52 141
999890 47 2869
995374 65 705
997621 39 725
998933 43 2988
997067 17 2642
999748 18 1873
995563 3 191
998979 62 1361
996763 63 2833
997066 29 316
995117 46 1474
997018 67 1608
999732 90 2681
999309 83 140
997524 87 1952
996114 29 18
996954 18 2459
998474 13 2955
996422 6 796
997210 61 2399
994890 84 1311
998194 98 906
995309 74 777
999306 89 2398
996197 86 1600
998476 65 2475
995335 86 1820
996682 7 1715
996146 50 2260
998510 10 816
997035 33 2841
997277 61 2136
994378 97 725
995313 18 2022
998063 59 1558
997537 30 2723
999183 40 2673
995751 8 2393
998631 34 2365
998965 18 821
997875 85 1228
994939 97 584
996395 36 2128
995498 22 2927
996514 9 1930
994739 31 535
998413 64 212
996937 56 1775
994170 25 1069
996441 68 1999
995914 99 2116
999068 47 1742
995528 60 2900
998687 10 1339
995809 72 2926
995951 21 2419
999067 58 1505
998419 30 2956
999496 85 2112
994400 60 747
995428 34 365
994996 87 2137
995939 100 814
994534 9 2642
997870 93 841
995829 5 1351
998673 64 2021
999945 96 1190
994427 32 873
995825 99 1219
999985 8 1701
995423 40 1406
995203 89 1342
999413 15 1864
996159 97 2565
999282 88 2765
998641 2 328
997730 14 2199
995861 40 1811
995654 83 49
999360 67 2446
996494 76 2398
995354 58 240
998005 83 2207
995977 24 1073
998857 89 2700
997194 50 1939
999781 60 1439
997237 89 1517
995433 81 550
995737 21 379
999946 48 778
999453 34 2664
995431 89 2906
998147 72 1697
997134 21 99
999625 58 1747
997428 66 1279
999464 59 2227
997076 99 128
998514 39 536
999728 40 1848
996893 72 1757
994369 37 1743
994154 59 55
997880 64 2693
996168 39 485
995261 23 461
995762 40 2404
995775 33 1111
997847 89 939
995690 68 1254
996677 77 2244
998731 90 554
994749 34 104
997585 39 1586
999899 76 354
997362 23 713
995375 76 2726
995967 54 2114
995902 44 1081
994734 91 983
994678 90 2460
996595 62 1788
994473 80 1051
997455 70 2727
997505 66 1125
994710 11 792
994395 21 2113
997008 58 2190
996807 29 1475
998935 98 1471
998241 11 2081
994432 62 2343
999186 1 707
994616 93 370
994894 67 871
994700 51 79
996407 65 2742
995837 68 2411
998864 43 930
994687 9 2705
997056 30 2926
994239 44 583
996473 90 1926
995159 10 1042
997159 31 2212
996057 83 1205
995757 74 289
998815 9 1923
998558 40 2479
996958 4 2982
999232 18 2071
997338 71 1007
995950 6 2986
998023 41 2436
997861 48 1301
999989 17 991
998958 91 648
997451 94 1244
995701 85 2677
994246 26 1280
997843 55 482
994776 71 720
994346 87 2783
997954 80 2540
994238 57 479
994950 1 1808
999370 34 2061
999792 38 2124
997895 12 911
995830 50 2856
999244 93 2240
995250 39 997
994899 70 1497
995808 70 128
996630 59 227
996150 24 1744
998550 96 775
997305 48 825
994111 20 437
999596 27 1567
996018 75 2817
998540 17 59
998653 50 2462
997511 3 1975
999193 87 1201
995282 76 231
997233 37 1472
996956 93 1187
995264 42 1533
995966 66 2449
997741 4 1856
997948 48 466
997698 79 1326
999452 38 2327
997308 30 454
998619 80 2751
996989 89 147
997786 39 1589
995273 89 1873
997758 27 2162
997293 65 1552
997563 82 2687
998327 46 757
999356 51 496
994672 71 1508
996493 56 2368
994022 82 1940
997819 93 792
999874 68 884
999522 2 2310
996446 91 952
996056 10 1177
997241 12 1246
995594 46 388
997242 72 2431
999399 28 564
998173 35 2761
998500 12 918
995803 64 528
995164 36 2654
997160 68 95
997187 90 1476
997541 14 1580
999629 92 788
994365 65 2463
997903 28 1918
996999 94 1802
999262 98 2098
998143 16 2953
996321 58 308
996092 89 879
995598 6 1460
997400 35 2903
995315 20 1136
994008 36 197
999638 39 225
995221 70 302
999571 8 2407
999099 84 1106
994092 52 2553
999480 28 2149
996177 54 2799
997126 52 2190
999870 13 108
995286 39 2032
999141 87 2825
996305 73 2412
997865 14 1573
996271 12 271
997311 22 248
994879 92 1316
995935 98 46
999140 52 1053
994652 21 2746
994821 32 1992
996171 37 845
999696 27 2920
994268 52 1138
998549 49 447
998535 16 323
995019 7 1045
998677 8 2735
997206 78 793
997949 100 2822
997558 87 374
994018 56 1622
996350 63 1724
995610 83 2942
996173 86 2957
995868 98 2670
994857 91 1665
998185 82 1144
994642 89 2422
999650 12 2757
999061 55 1400
994693 77 315
998556 93 2018
994595 89 2921
999835 49 681
994184 19 904
995262 42 2566
994468 92 1994
998155 55 1282
994540 5 498
995194 55 1438
995056 24 2362
997548 70 2933
995417 13 2734
994689 51 2845
998448 47 1384
999708 16 2056
997859 66 224
998352 96 1525
997885 43 474
995900 21 957
996705 37 2741
998896 94 553
996324 47 1190
995494 12 274
996985 5 2005
996770 12 2028
995182 26 1990
997460 18 560
999420 94 1229
995956 68 52
996453 5 2637
996461 8 421
996704 30 1510
999813 58 2410
999443 95 782
994915 37 754
999575 34 1342
998041 79 2864
996149 25 400
998398 67 1082
999830 8 2872
995820 10 2706
994072 53 1695
996814 33 1303
996485 69 596
997975 81 2627
999585 56 2843
999590 47 1842
997700 45 2523
995461 16 1943
998966 99 494
998606 11 1072
998836 12 975
995891 69 587
997809 43 2784
998116 86 843
996458 74 1526
996579 91 396
998066 11 2861
998845 72 1343
994208 66 1576
994051 100 128
994347 75 2735
997424 94 2089
996355 59 1765
996107 80 840
995972 31 2937
998439 86 2035
995488 76 2130
994389 74 1653
996546 68 369
995490 15 1403
998305 11 2599
994012 48 2705
999226 99 119
998417 20 2758
994216 58 158
995599 97 2046
997877 36 379
995500 3 567
999173 18 1069
996944 10 722
999990 39 2866
997438 98 1913
998786 23 714
999165 82 2301
997188 57 2902
997989 40 2436
998482 34 2605
999001 42 102
999603 96 774
994038 54 23
998773 51 1114
999744 43 2709
994121 5 36
994719 78 683
997571 72 2858
994155 51 1500
999188 71 466
995732 93 1294
999905 66 111
996509 90 2739
998316 58 2864
996929 40 1477
998659 98 117
996812 100 1596
998438 86 1528
998835 6 656
996544 54 895
998696 95 1274
999863 82 2675
996890 53 2863
999898 90 553
995923 41 218
999828 65 2707
999073 84 2600
995501 24 1842
999714 61 1847
998569 96 1071
999405 51 1191
995752 54 512
998834 91 1503
998337 88 2930
999506 33 696
999189 82 572
996592 57 391
994225 20 1306
994577 92 2768
999904 90 1996
999503 37 2722
996708 31 2524
995509 48 1807
997549 40 1255
997140 96 936
999375 60 2218
998294 26 2124
998610 37 2897
997214 88 1119
998855 87 1886
997591 8 460
998850 51 297
998678 87 691
997352 80 1268
999258 64 336
995907 3 657
995822 39 1644
996984 67 224
998783 20 2539
999626 95 2701
996234 20 1545
996372 85 1182
994653 80 2592
999606 32 501
996843 40 709
995986 48 1858
997716 68 2352
998507 43 197
997065 36 128
998274 9 2918
996862 57 1180
995198 75 2495
997264 55 2375
998755 14 1962
998423 17 431
994262 64 800
995882 47 983
999072 39 2028
998886 62 622
995328 46 2601
996977 97 2116
998711 46 1772
994443 26 1185
994153 13 2544
998463 98 970
999504 40 2914
999209 47 1009
995005 31 2992
998180 87 2106
999634 58 2641
997175 37 458
995748 97 1689
997069 75 1419
996349 28 2037
996904 26 1948
997940 63 2110
994635 23 2729
995381 46 1324
999713 98 485
994620 27 1820
995620 6 1340
994404 16 1839
998186 61 1800
998007 2 1134
995367 55 2601
995812 37 1791
998015 25 693
997762 45 2790
995949 46 646
996980 98 2067
996384 57 226
999463 82 2979
997849 20 2851
999928 45 519
996584 74 2908
998236 43 2409
996767 19 2538
995156 9 450
997502 23 899
997876 67 737
996492 66 1389
995101 49 1492
996003 32 1781
996933 39 1780
995794 100 395
999213 77 2918
999527 76 2390
997060 2 1537
995067 64 2763
998985 91 2739
996331 47 186
999707 28 2809
998879 54 1683
998455 8 1602
995312 23 1819
998952 62 1447
999446 18 1927
998988 42 154
994696 10 1974
994851 65 1805
996806 53 2566
997171 52 1234
995906 50 2175
995389 26 435
999273 44 2889
995407 64 1200
996123 42 1909
996740 100 1458
994631 35 1918
998778 95 2425
994489 73 2510
999293 10000
