16
292723724 1 488438250 220965981
265219649 1 214736854 463351046
364149306 3 319547905 279075024
138447881 1 30934882 193874889
452271387 1 184044085 433642150
212531202 1 27076592 33070914
187114502 1 6511613 99763966
205016010 1 435377969 296483171
302868717 3 123483055 277949198
382224999 5 111730747 354082621
36208792 1 120898592 346822885
119808360 2 227327134 244617996
49638351 2 411571372 30091194
422452258 5 234614115 38770752
134829054 5 464697018 148950468
124462409 4 10335673 421562648
