16
166740902 31302 390443950 18796251
310701013 269284 276237350 42934459
345798090 9198 382771290 88037175
449233799 213259 263707529 357560859
234503556 402273 290555386 391919764
453010105 162260 252727562 3505412
75596747 107868 155198753 147075031
432212811 312185 383872703 81647831
497422161 397076 393903538 175993885
205566273 23656 34776952 6939480
432924588 335943 251367338 68488229
493141412 163802 240119456 374801087
93757268 242668 467015866 185070651
302391677 484342 423740536 194926198
80487604 196021 5737041 354641184
455560078 332702 404698861 424103155
