16
132990566 493832 328007263 52507828
96884701 484693 307912855 62551671
273422184 485161 289638216 90480869
113661699 492648 311662202 49524022
73147723 457309 292867586 71243378
254769848 488103 276987587 96482576
228627686 452473 302935013 96287843
321859784 478961 320287561 72692619
158638818 494254 327352982 77501799
26298756 480440 303881658 77473241
335330186 499102 315204638 69192286
49158746 485583 295824184 92275754
182523243 476121 313990914 88024156
299720695 454157 315870270 90414414
203834349 479816 327383340 95942833
330544313 457855 312761066 71534587
