16
293565698 4554 245393870 407832665
86282789 498103 331499059 293377952
226545383 451138 372724275 308221254
136914833 459127 307202831 312421780
69290064 472871 347651366 294218370
261083156 461735 380262122 293861894
187564356 457688 349558480 304127907
286208948 475576 369894815 279103412
124996324 468783 315475347 316067772
27374424 464318 359909481 277571607
163325871 478258 332606587 311414498
52511917 466202 357924132 300723751
207610451 460277 363743632 298266966
249444637 452650 374943886 287541612
105969580 482761 321355329 302921012
304793430 470193 376542162 267166278
