16
319748562 475142 205922809 288400827
270299979 472571 219844749 252874188
298452163 462278 218677202 279858824
166075487 219738 164251106 21051120
152213944 457806 234700002 299825619
119169904 450127 261866598 293948177
486252532 47437 356074323 110429752
86134386 454558 294859778 293905841
429730408 98328 32385346 293718963
61770745 472011 295727822 317401436
221757549 454088 233009824 288251540
31151093 468045 265268023 317561289
365047251 2729 79671874 264331982
239894499 482888 220300612 282823802
176613228 468146 240184834 318740069
194008574 455015 243925224 305085114
