16
198478805 212694 398931936 329344831
188037367 479537 325004932 289414642
411279500 78390 299833644 455955772
243541376 183137 256786045 347806126
229622533 479223 351726303 304278437
158119568 485278 297336054 291663563
104191513 6675 418433368 291198029
129452182 485737 314131634 279791758
32205180 481181 327640675 321780310
321495080 20771 275004923 57253515
50634553 483536 334552646 310262911
90835248 499134 300168904 304445961
391364354 164817 324125412 50626045
264916147 487309 316447214 304263915
161942066 26471 446696853 291724060
397650534 93971 356899861 222696009
