16
306153774 66529 220616878 191033837
238024309 154700 494257607 414561534
163432247 473812 177338081 345024507
96694946 229670 213001360 389045396
197195323 457306 202367723 336291076
425458862 121465 66376331 474927655
213948096 114594 64005328 195478150
166791907 21766 328154479 262831318
231151904 134668 332206622 448541394
134845377 94791 495461830 370262261
228086561 453002 181142645 345957233
492816567 185663 481997945 229230256
109656674 499522 230082340 346055819
56842591 474737 207161851 316162225
377284879 44744 317452559 7161921
165947359 173408 206017529 430895592
