100 153
79 7
54 94
20 8
59 71
76 41
27 1
47 25
88 40
6 42
99 84
86 3
65 51
33 28
73 24
52 19
85 98
56 11
55 38
91 72
67 49
18 70
35 16
96 82
93 100
97 81
30 5
36 32
34 26
68 10
45 62
89 14
13 57
17 75
69 48
78 9
2 22
29 21
46 37
61 4
66 80
58 60
12 31
44 74
83 95
90 92
66 15
77 22
43 53
87 64
63 8
39 50
23 80
3 68
79 15
12 45
38 59
2 24
95 75
65 6
100 67
21 20
46 19
4 43
71 84
76 37
14 97
92 78
83 8
73 80
98 10
61 16
64 35
11 26
50 27
41 72
56 9
5 87
48 18
40 22
33 52
47 88
39 35
49 28
31 82
99 57
13 89
42 69
30 81
25 29
44 36
85 23
93 53
17 96
86 7
1 90
58 91
70 62
77 55
66 94
51 60
90 34
32 52
54 63
74 29
31 78
51 28
24 61
21 76
47 2
59 4
64 77
14 5
30 93
57 81
55 18
38 99
13 71
39 26
84 40
60 65
3 6
97 46
79 11
74 42
1 34
82 45
10 50
95 20
100 56
54 69
36 98
86 88
41 81
67 89
27 44
68 12
19 32
37 17
49 91
92 72
48 87
33 70
75 83
23 63
37 15
62 25
7 53
16 96
9 85
94 92
73 58
84 66
25 43
