1000 1504
80 784
384 242
241 689
748 485
707 605
90 950
758 819
834 288
180 151
939 597
625 258
541 121
567 551
432 425
185 218
523 397
914 482
808 312
742 848
256 88
535 975
539 454
227 46
10 830
546 594
36 502
417 188
323 822
917 39
245 932
12 209
294 396
176 684
37 126
616 25
329 120
891 435
455 934
55 410
445 123
364 92
153 286
581 310
423 298
752 105
299 655
780 896
360 925
828 289
754 948
726 110
558 879
620 803
529 61
889 489
751 776
532 791
664 957
671 898
536 921
221 802
650 583
731 954
480 70
138 106
835 400
749 510
673 804
678 528
899 140
712 240
953 893
457 34
677 351
496 857
204 336
768 783
637 401
169 456
733 198
112 919
255 272
408 476
127 448
259 293
977 268
622 516
9 685
43 669
284 851
792 317
11 785
1 959
883 87
321 231
305 507
526 999
972 916
515 102
40 464
393 728
319 944
520 453
56 807
525 100
65 426
876 738
131 388
129 850
300 161
478 67
836 156
143 585
186 693
698 606
368 787
359 630
124 908
441 559
704 764
874 913
852 64
136 992
135 566
968 997
765 653
132 865
511 89
379 930
334 142
688 487
800 790
732 280
59 83
569 283
696 341
856 910
759 750
926 27
676 366
357 962
929 815
611 870
69 652
623 219
481 212
436 608
306 614
662 854
829 887
715 229
253 741
398 996
170 449
772 428
236 390
355 427
760 501
202 527
84 699
433 149
114 905
230 422
572 988
2 788
661 391
296 75
370 279
952 141
94 148
763 600
621 506
831 447
81 356
265 509
167 414
66 735
14 238
571 295
837 771
275 762
239 781
262 667
517 404
570 494
5 472
266 324
187 178
565 385
813 779
556 469
724 711
134 821
946 701
257 91
493 166
888 437
695 320
531 205
93 761
933 168
796 668
860 568
880 634
174 377
700 243
249 109
122 386
6 176
203 409
971 798
99 95
362 450
651 984
949 663
343 486
858 739
145 467
666 708
983 963
21 945
961 207
584 424
412 753
348 619
392 885
554 247
184 755
687 115
562 246
345 291
405 276
128 553
540 928
603 325
369 719
155 378
979 573
534 8
183 833
915 716
576 101
993 973
809 508
173 872
217 970
990 470
419 648
41 26
782 327
277 429
199 636
853 922
682 862
113 646
163 191
347 981
381 935
823 871
941 812
322 367
194 632
859 894
213 79
97 200
718 951
415 903
460 222
465 920
225 942
150 304
260 309
533 484
108 147
387 681
825 318
335 22
654 346
575 193
303 895
274 172
705 635
224 628
23 399
228 344
475 483
797 902
530 144
50 588
794 966
29 146
702 713
49 264
208 512
775 659
826 490
195 692
820 721
411 537
868 314
882 582
16 995
911 137
842 133
884 182
542 849
722 658
892 376
847 466
53 660
340 756
468 273
639 974
73 793
446 604
499 13
832 890
103 841
901 301
846 86
694 30
406 251
160 924
190 333
307 843
965 471
349 691
503 85
434 491
548 827
244 518
586 863
982 918
810 767
799 308
4 38
864 734
54 631
680 395
618 998
814 869
254 192
641 723
291 418
729 459
627 955
766 587
339 62
574 740
461 60
52 165
35 778
223 290
201 444
383 78
20 72
164 380
159 352
237 980
672 215
263 720
547 560
442 845
940 745
994 544
19 313
342 297
596 931
111 474
746 589
302 770
402 24
906 28
640 706
522 234
976 624
125 989
235 552
626 281
801 590
76 519
269 524
923 964
316 674
311 3
683 730
875 592
643 658
440 358
943 463
727 897
877 737
909 629
607 985
107 292
969 171
206 644
555 211
210 960
786 44
48 657
250 549
421 595
1000 806
363 937
162 477
371 811
591 332
220 612
416 18
855 118
361 633
177 233
389 375
991 598
638 578
451 413
315 157
824 420
844 252
139 32
744 492
248 938
647 679
354 430
838 196
642 986
725 98
609 497
71 886
958 181
68 602
179 936
805 365
33 521
116 338
326 495
649 615
881 216
458 431
96 7
278 599
736 331
613 670
789 51
717 873
473 709
769 513
462 978
714 63
579 350
58 403
665 867
697 564
214 795
47 743
545 382
479 31
645 439
904 282
504 538
610 514
189 505
839 900
987 577
601 82
675 452
817 861
372 747
353 271
543 261
42 270
175 328
866 337
158 947
617 407
394 757
438 580
956 561
967 197
104 840
773 818
498 154
690 57
656 443
45 710
500 330
912 777
550 117
774 77
15 267
287 152
285 232
816 927
563 907
74 130
17 226
488 703
119 593
557 373
374 878
686 327
254 651
710 313
905 142
774 899
353 169
736 574
975 454
997 25
445 764
215 758
245 65
209 863
157 331
78 205
538 400
338 907
470 318
985 537
423 554
951 345
293 963
523 13
4 913
535 859
505 938
229 43
389 297
948 402
709 694
642 281
364 430
223 256
488 346
930 695
700 359
12 56
27 372
138 276
902 439
619 196
51 102
467 983
541 450
164 175
792 551
994 98
972 959
796 928
627 546
516 507
940 41
723 500
38 873
165 725
871 922
801 152
623 967
108 30
73 447
347 322
261 472
644 23
512 465
85 617
118 887
876 780
521 341
740 665
833 734
295 427
57 298
697 442
629 944
461 335
728 548
850 978
109 508
258 126
69 191
252 350
648 319
17 678
826 986
446 134
719 753
937 676
917 667
309 988
477 14
809 47
495 646
688 712
273 240
433 212
836 316
653 549
602 36
224 532
647 499
184 97
269 222
96 901
385 468
577 62
534 490
794 524
921 354
634 514
543 358
498 251
247 306
173 890
911 192
915 550
596 576
226 471
732 578
232 886
497 716
311 813
755 66
227 288
845 233
888 417
255 839
741 952
793 31
432 357
280 398
63 395
431 558
208 699
803 112
903 879
210 16
326 869
875 927
778 829
453 486
394 190
474 119
555 564
320 968
48 436
613 883
868 787
573 727
609 802
593 206
637 342
45 658
630 822
266 463
79 584
9 237
513 387
333 408
493 440
759 659
368 186
267 161
441 962
805 143
217 687
90 265
83 536
897 581
735 413
480 592
858 612
419 274
287 656
168 158
738 290
666 620
230 352
991 683
819 817
834 21
285 806
958 563
797 749
279 503
912 492
906 325
698 148
329 321
624 76
889 726
81 150
434 737
114 271
130 636
896 382
669 660
977 614
782 993
378 511
365 491
673 391
153 919
811 360
681 853
381 71
449 257
396 160
58 691
228 116
259 300
643 640
711 854
949 767
74 225
77 743
473 827
37 407
597 32
981 125
424 562
855 182
312 770
744 283
761 361
426 203
348 1000
657 956
489 891
120 519
909 457
194 542
884 696
575 815
522 139
690 411
146 145
356 334
296 742
693 708
141 547
679 851
214 570
195 301
418 137
437 155
594 754
790 332
520 945
204 526
414 739
776 638
185 1
188 303
54 147
946 841
926 730
101 379
278 971
323 965
923 337
5 943
406 393
174 898
286 166
713 595
234 633
969 475
216 167
865 253
751 89
616 494
964 591
180 582
702 403
820 44
26 768
908 650
625 135
187 795
894 682
455 830
835 885
798 35
877 260
762 992
804 248
55 509
976 428
844 91
87 706
284 506
846 317
349 760
931 193
459 689
128 327
999 409
340 80
895 685
235 989
179 384
724 569
263 823
515 67
369 589
462 654
704 60
299 838
961 478
122 308
929 900
775 397
785 243
960 99
771 557
201 213
553 675
674 410
987 121
111 731
291 377
105 49
159 485
567 404
84 277
373 769
652 942
590 307
314 821
974 231
686 6
132 566
11 799
910 86
748 722
955 707
579 680
816 211
856 501
103 701
852 405
848 715
451 604
832 950
874 773
783 777
560 814
671 533
828 610
600 107
371 781
355 904
422 918
294 786
479 936
924 386
100 2
843 466
849 880
464 117
351 438
941 292
106 199
343 64
934 162
824 88
807 525
336 831
366 151
239 518
176 587
29 42
757 601
456 717
954 622
202 129
733 529
552 586
249 599
881 878
443 68
362 262
328 779
163 860
720 539
947 363
244 882
420 496
746 19
53 15
635 270
124 207
661 791
818 998
990 8
4 583
156 392
527 367
7 618
172 763
110 28
556 250
649 939
655 672
339 662
444 615
200 236
304 198
218 984
18 72
840 565
747 181
784 628
605 982
481 530
588 718
670 221
10 388
598 721
609 979
585 966
920 177
302 305
705 92
631 484
149 104
61 867
460 421
664 75
608 559
766 476
772 714
935 621
289 246
40 837
115 330
380 864
390 458
765 123
82 607
973 33
94 50
315 703
93 626
810 415
425 46
504 24
20 242
272 957
540 750
133 847
645 812
545 3
729 344
788 684
995 932
825 399
752 197
452 914
412 857
282 632
376 171
268 800
916 401
663 870
677 264
469 808
275 219
220 517
178 310
639 692
668 893
996 531
603 34
528 487
238 568
140 113
571 370
448 170
580 872
866 482
611 925
429 606
861 127
842 892
970 980
241 22
136 70
154 641
862 572
197 483
544 183
416 144
756 502
39 95
374 953
561 745
789 435
52 189
324 510
59 383
375 933
131 238
796 793
352 410
833 553
24 758
826 43
529 113
18 454
640 888
882 33
11 596
116 467
507 932
240 767
417 36
299 827
659 785
102 250
768 781
739 799
79 434
783 802
569 800
863 902
537 151
98 407
655 904
978 546
648 208
521 742
824 607
644 58
719 707
703 195
414 526
470 203
264 255
849 782
366 896
130 714
498 831
443 183
501 398
204 663
62 45
461 627
866 89
620 60
427 202
709 486
3 274
226 392
906 638
631 587
694 324
926 269
230 578
552 516
712 798
179 350
513 493
325 628
442 705
700 162
515 708
452 623
776 674
838 543
993 87
991 431
416 599
88 517
850 514
855 186
619 732
114 804
678 133
535 345
271 303
127 185
624 286
910 164
213 288
484 681
211 959
51 61
55 618
874 748
142 497
64 755
495 892
879 326
249 829
27 786
49 868
925 191
968 591
316 771
651 689
647 915
296 934
938 867
126 982
747 825
393 123
592 666
30 6
421 270
313 157
962 684
107 123
244 806
267 166
566 905
380 927
595 145
449 821
995 385
780 374
10 14
729 13
222 144
854 971
287 852
808 690
420 868
503 749
536 616
278 891
602 791
170 103
977 750
575 990
301 794
924 908
574 376
491 946
460 953
268 613
702 603
121 720
237 279
340 163
105 585
797 862
994 395
523 893
795 73
822 281
992 295
440 318
725 75
59 698
522 74
477 2
235 588
531 870
90 941
436 670
399 765
432 413
807 167
661 216
389 801
450 8
610 54
252 447
966 508
723 494
469 328
989 311
182 737
738 217
545 939
710 828
332 740
641 686
351 848
680 379
485 496
621 549
676 560
704 481
784 110
657 415
290 581
884 471
534 294
752 147
210 206
99 697
171 388
722 880
228 219
505 937
883 263
735 562
32 683
605 172
401 860
342 188
283 921
669 334
975 944
835 887
372 65
636 693
349 339
375 80
846 945
394 306
1000 384
435 685
564 615
97 423
94 511
573 148
181 22
617 557
525 119
129 815
239 593
360 502
390 945
165 561
492 728
898 139
650 437
451 555
412 519
136 331
108 506
943 851
227 909
688 633
660 964
397 773
445 196
761 84
300 840
21 626
101 309
253 96
117 242
539 980
285 426
629 153
92 439
600 344
143 679
589 63
132 766
558 329
687 952
56 949
832 872
878 499
974 312
282 820
540 889
790 682
229 912
480 402
28 653
664 488
409 12
425 716
86 736
337 530
632 871
457 899
29 111
533 576
981 922
584 72
956 141
160 903
198 895
95 654
810 169
406 322
544 961
918 259
901 241
547 973
774 220
606 310
365 23
193 817
998 911
462 965
510 634
695 9
951 792
812 150
106 17
455 405
571 396
359 731
355 408
453 565
256 218
662 788
128 66
900 382
321 967
70 231
194 667
177 741
428 947
979 843
976 844
673 265
701 970
734 391
104 16
958 419
512 257
954 986
556 764
830 34
180 568
335 759
356 302
441 5
706 671
864 787
120 489
997 276
858 819
760 225
665 563
985 876
936 778
25 293
721 178
604 154
746 236
158 298
957 46
247 214
280 809
370 923
411 297
234 42
717 57
190 630
635 886
614 877
963 711
803 836
77 754
542 19
85 570
983 859
743 346
26 853
307 518
125 999
579 744
763 292
175 47
608 474
692 358
538 48
429 209
7 174
811 258
520 597
890 814
40 35
996 691
715 464
248 473
920 387
940 459
31 524
308 118
881 475
357 38
625 479
834 873
541 668
532 528
83 289
223 642
367 386
699 559
500 845
696 137
652 649
15 857
76 476
433 53
261 478
168 675
777 353
816 567
456 215
465 192
134 161
762 315
277 122
354 243
656 205
152 438
856 39
472 383
487 403
159 446
463 577
645 251
363 336
124 950
590 987
935 818
68 93
594 972
323 333
305 875
52 598
69 823
769 960
839 713
865 677
338 929
583 262
200 582
245 745
672 44
377 138
50 361
378 91
572 364
841 424
466 418
919 131
789 341
869 155
199 756
733 775
20 586
373 81
724 482
369 348
917 109
189 400
554 643
330 371
284 320
201 78
1 404
368 112
444 246
37 942
221 751
187 317
907 730
430 933
266 551
527 837
757 726
548 779
805 897
254 637
272 930
135 914
490 343
931 861
67 82
847 770
146 622
984 448
885 41
928 580
483 314
468 184
115 509
646 969
212 319
362 304
233 260
753 601
988 504
727 347
772 273
813 948
550 232
173 913
842 156
149 955
894 140
207 612
611 458
275 224
639 422
718 100
916 3
842 418
53 381
71 518
