4384819.29059479106217622757
2507326.19183369167149066925
3414949.01363110728561878204
3926096.83531338721513748169
1549767.89166305749677121639
4751556.92962340917438268661
4501582.01783801987767219543
2801550.34194889571517705917
2386920.96462295996025204659
2997150.24880819348618388176
2119241.46648346446454524994
3394884.99011576641350984573
2729242.69600513996556401253
4095310.64201476052403450012
2943003.68779232725501060486
2962719.63972975220531225204
3731954.24329692032188177109
1732753.33728666463866829872
3378889.50204746052622795105
2905409.21861332561820745468
3503335.33568134205415844917
2555399.97135096974670886993
2520969.38250837707892060280
1730681.43755644583143293858
4398325.63845472875982522964
1875681.85350496741011738777
3008939.71517308102920651436
1719988.75447850907221436501
2674862.14386965241283178329
1347770.56783774262294173241
1167420.29947805800475180149
2043361.47794595034793019295
2660841.56527987169101834297
2431726.03112246608361601830
1719904.99691795185208320618
1665341.85729075153358280659
1844303.86403782293200492859
2523259.52367562102153897285
2782742.13859139475971460342
1375582.51369025441817939281
1519976.85781139135360717773
1300545.03627928369678556919
1693077.54638407984748482704
1690678.79832615889608860016
1349389.20040949201211333275
1961393.25170194241218268871
4178960.34766601072624325752
2545279.42686782544478774071
1704088.60805597435683012009
1806617.61552315321750938892
1945542.84187990450300276279
2563642.78234909707680344582
1626197.17340333131141960621
1654791.26440260093659162521
1561762.23152537317946553230
1719889.40635648672468960285
1712464.94243557797744870186
2394561.44912482332438230515
2290320.04387268749997019768
2180323.18005644576624035835
1943111.61577737610787153244
1225953.73424101551063358784
1714264.64249052014201879501
2254246.51773824635893106461
2236406.20390569558367133141
1861482.90931531693786382675
1695911.65871778898872435093
1594668.33900862280279397964
1389168.97214784868992865086
1441934.41864333255216479301
2279359.03290949203073978424
1689470.14975394075736403465
1169897.88736132043413817883
1008200.04558727424591779709
2762793.27368918340653181076
1879699.81642060773447155952
1838175.67864537565037608147
2467862.50964179867878556252
1491347.05952141922898590565
1099488.19909601984545588493
1217840.91512564243748784065
1104122.43847200670279562473
1586618.72621512506157159805
1931285.56346233934164047241
1273555.45858084014616906643
1458237.65671695629134774208
957928.89608084014616906643
3075558.95278560509905219078
1281680.62102556112222373486
2005517.79013909841887652874
1362363.64711312111467123032
969938.64871719200164079666
1664873.64806308597326278687
2092720.37093941424973309040
1517703.42289116000756621361
3104683.87921741604804992676
1303690.65821030363440513611
1908832.88881451543420553207
1068065.53859245870262384415
705297.47972264105919748545
2164832.94632153864949941635
2154686.98424101527780294418
1458637.62585097132250666618
1303283.14877384621649980545
1777073.40476070949807763100
2103363.75913051981478929520
891838.64877384621649980545
1627607.97061453899368643761
1192430.38736132043413817883
2728535.93560192175209522247
1076828.18847200670279562473
1571431.80155162420123815536
2263330.76088362280279397964
1462255.32001348817721009254
1702115.53769222786650061607
1570111.04893189086578786373
1386268.70040949201211333275
2537430.54841030808165669441
2105710.67944128438830375671
2710916.53834348311647772789
1648194.25113099603913724422
1465633.00838306103833019733
2645918.17368481028825044632
1221170.16462422907352447510
1289130.32722264109179377556
1551678.11150128487497568130
1243689.13683377858251333237
2520012.71404541563242673874
1069690.04989089886657893658
1054790.88736132043413817883
1097618.96353200683370232582
1538778.27577581210061907768
886516.56468981993384659290
1797435.80427274759858846664
1784842.52611132059246301651
1053694.94885925156995654106
1267350.88390048057772219181
1305656.63477297127246856689
1145003.58696120767854154110
1943074.28241961915045976639
1152064.21210257709026336670
1012935.16314496577251702547
962526.50097642396576702595
2501239.48389883153140544891
1544718.95124641270376741886
1616031.57859490974806249142
2232205.65975758247077465057
1999564.30905600078403949738
1103218.68782077962532639503
2009998.75832784269005060196
1336220.12916392134502530098
1280382.54265499953180551529
1522879.71210257709026336670
1339936.64902698784135282040
1224157.04251015000045299530
623678.55275699228513985872
2561224.37811224674805998802
2166235.90895468741655349731
1991140.79770888690836727619
2720298.92808013781905174255
1200767.17864537565037608147
659525.21942365891300141811
1034961.19451188656967133284
1350785.14131063036620616913
898770.94451188656967133284
2534151.00479185115545988083
2869691.14066795166581869125
834857.83752486389130353928
1588962.56707615870982408524
833714.38390048046130686998
1380439.03500674408860504627
843644.03859245870262384415
1358862.56907711643725633621
1181797.28091890527866780758
940357.23429170355666428804
1881649.70789087726734578609
1302048.38390048057772219181
1937142.19708587089553475380
771455.73011309956200420856
1595419.02977422927506268024
1092846.84822044800966978073
859979.66971017327159643173
823166.01440260093659162521
1961846.37540465267375111580
1217434.51884611393325030804
1614524.50312408478930592537
1247204.32403154298663139343
2306432.81462422944605350494
2035302.81929695908911526203
1046051.35547353583388030529
980190.07089179882314056158
1613418.35217944718897342682
780603.99022322718519717455
1608990.19610618194565176964
1360758.93770232633687555790
1214059.28091890527866780758
1108500.97072737291455268860
977573.10083670541644096375
2492977.68912977818399667740
627058.58325145160779356956
1010597.08752486389130353928
2185138.42089179903268814087
1562249.95974171068519353867
1571587.19436256261542439461
1153460.49720143666490912437
880328.73410914535634219646
633641.21923600335139781237
1459254.55175223853439092636
1272186.48651576368138194084
820844.23429170355666428804
667675.87480136565864086151
1530397.40279390546493232250
1453363.24616044969297945499
1226424.17864537565037608147
1106403.34275639033876359463
1574366.01462422916665673256
1369503.92397878132760524750
1009061.24022322718519717455
1862030.25958587066270411015
984526.51809091586619615555
1298807.01535224472172558308
1547626.79322870913892984390
1029027.07851135381497442722
753941.02395741827785968781
716981.33011309953872114420
1225831.38220130046829581261
662633.58193405170459300280
1548540.84084744472056627274
1553350.34586869366466999054
1702989.71723381383344531059
1157086.90931531693786382675
1307327.67584348330274224281
777046.64902862359303981066
1273441.48651576368138194084
690741.19501411146484315395
627531.09964396362192928791
762812.42351179395336657763
2248467.48889695294201374054
847500.34275639033876359463
1230219.54251015000045299530
1196430.55040046572685241699
1507292.41312320646829903126
1584210.21723381383344531059
679073.21416350675281137228
1083732.68106926768086850643
1205328.24474700517021119595
1942741.83696120767854154110
2570295.98684645164757966995
772278.57799101551063358784
1285351.49991811811923980713
989507.52898706926498562098
952365.14902862359303981066
1206285.88220130046829581261
1314033.54645960195921361446
1051609.80575064243748784065
2408846.51412977790459990501
1459401.61961261695250868797
974200.34275639033876359463
1353781.62916392134502530098
1420057.62811224674805998802
1163181.62228244449943304062
780603.35083670541644096375
1551033.20679230918176472187
1213468.41512564243748784065
2179981.43492934014648199081
995191.38728120585437864065
1196406.33637684001587331295
979915.13609032565727829933
1080495.87562244944274425507
1336927.56783774262294173241
712372.17562244937289506197
1208221.69978120597079396248
663399.35729075153358280659
1463403.62916392134502530098
1850642.77103565959259867668
2049982.52310018450953066349
976458.28450165584217756987
968372.29722423816565424204
1026783.61493939568754285574
1469852.01380700711160898209
944954.98993939568754285574
1148575.52319203992374241352
912446.62364647141657769680
906865.45020474609918892384
759223.65822737303096801043
759561.16361132054589688778
1670801.32403154298663139343
1050955.02741044969297945499
732236.67125507490709424019
1569125.00456566829234361649
1655201.57170007168315351009
1716907.08061577798798680305
1207281.74474700517021119595
1566423.19440725771710276604
935496.00622449314687401056
684109.02687192591838538647
1797552.94440725771710276604
2260475.60099146608263254166
841190.50097642396576702595
729195.62943456158973276615
1134449.87556549813598394394
1038899.06146692368201911449
1717411.27153752208687365055
941969.69909601984545588493
886811.33505644579418003559
770101.33070262358523905277
1116242.69565373589284718037
1123145.67865605745464563370
1104573.97994768782518804073
1443859.44251014990732073784
1829597.50770006142556667328
1461546.63220130046829581261
1236639.47363059967756271362
1589294.91151157673448324203
1732854.27562244934961199760
761291.45482423971407115459
1214341.53366382187232375145
1240587.82936468115076422691
1091792.41512564243748784065
2317035.85187709424644708633
1036709.87562244932632893324
2148017.46170166553929448128
1475222.28547783941030502319
819859.90652783005498349667
751672.23429170355666428804
946974.90784682717639952898
819910.04558727424591779709
1434117.62916392134502530098
701565.59187414974439889193
1569881.94978120597079396248
1151652.01513407984748482704
1514042.49388642422854900360
952504.68106926768086850643
1307513.00385003071278333664
912968.06478752091061323881
1368743.16764309071004390717
1575395.49763078824616968632
1280887.21885116305202245712
1220025.36020525917410850525
769971.37562244932632893324
690864.14871719200164079666
1137063.62228244449943304062
743120.53070262353867292404
1428765.48574378294870257378
881134.58752486389130353928
781886.43635200022254139185
1181096.32835847814567387104
750735.65784682717639952898
1454630.12916392134502530098
963061.68880686920601874590
1381993.36468981998041272163
689251.68010262958705425262
693446.46949262230191379786
897649.63458587077911943197
1117273.58489537565037608147
1684569.51813964173197746277
627514.78152783005498349667
868440.28929745487403124571
996171.22125507495366036892
1318618.11197805823758244514
1161979.26146692363545298576
1359568.70040949201211333275
807187.28091890527866780758
1159571.48452498810365796089
1273225.25362787442281842232
705451.02395741827785968781
790410.94451188656967133284
2006624.67896943259984254837
671640.14608084014616906643
1069132.92520748311653733253
1311557.55310510564595460892
1640763.13887029560282826424
1230270.88390048034489154816
785600.11787189147435128689
1085040.00626768008805811405
1338937.25222975248470902443
879272.08214872749522328377
1056740.69254278601147234440
1075017.76146692363545298576
784429.00832784280646592379
1603640.90071981912478804588
842362.34562709426973015070
945031.75604654732160270214
1662266.48200431140139698982
690155.77132749976590275764
754358.79278154298663139343
1204811.46877822279930114746
1083366.91889641922898590565
1089326.68010262958705425262
1448378.92733084014616906643
694721.15687151299789547920
708694.13011309958528727293
766193.11783498921431601048
1048667.75751411146484315395
804097.04265499953180551529
1696788.71312626870349049568
1014055.87093941424973309040
877333.52898706926498562098
668845.24991811823565512896
1356118.18847200670279562473
1254091.59808916924521327019
943711.33011309953872114420
1182764.80394787248224020004
1297411.51535224472172558308
1862129.22072737291455268860
856258.78450165584217756987
1602835.81809091591276228428
878625.85547353583388030529
832445.20139695273246616125
942321.13357327296398580074
1335325.43770232633687555790
880439.69644089590292423964
1118073.43070262367837131023
1178490.51535224472172558308
848220.26223902893252670765
771275.43429170362651348114
1125786.01590296230278909206
724281.66949262225534766912
1386229.94565531518310308456
736427.17222423816565424204
1132314.87228244449943304062
1506997.80742107564583420753
692292.17562244937289506197
779860.06296927353832870722
1289517.29151918133720755577
997619.66169181151781231165
1853953.95957852434366941452
693025.40652783005498349667
769834.63643843890167772770
1406726.62585097132250666618
878724.73610181442927569151
776569.32851135381497442722
810837.01590296230278909206
1081993.93070262367837131023
1364825.12540465267375111580
883834.06146692368201911449
1694098.53266882244497537613
878723.07089179882314056158
1300500.14877384621649980545
797333.81610065023414790630
1109199.70351135381497442722
1140160.73610181454569101334
1614224.18989646760746836662
1235402.21312626870349049568
1078082.39653752208687365055
1333664.35714245866984128952
730798.35142424912191927433
827578.48993939568754285574
1076720.69451188668608665466
1653828.18142250273376703262
1720280.12585097132250666618
2108346.24193456163629889488
875160.41360987885855138302
750897.81405612337402999401
1199389.02528357366099953651
877019.09720362885855138302
844051.89608084014616906643
931777.43429170362651348114
1178294.26146692363545298576
856497.27864472474902868271
687845.10622449324000626802
1302758.88390048034489154816
1431944.86468981998041272163
888390.35605128854513168335
1292354.65821030363440513611
1364251.97448907326906919479
675133.87170007161330431700
924690.85656313435174524784
1022492.64298981090541929007
1086858.89115574001334607601
749072.07065531518310308456
1072268.46210257709026336670
780689.61787189147435128689
981605.06929695908911526203
1286185.16096741310320794582
1797916.90117107564583420753
1267525.66096741310320794582
818075.22125507495366036892
786653.33011309953872114420
1232657.17864537565037608147
718315.72929042007308453321
789054.48652617482002824545
711954.27784521994180977345
930134.30575064243748784065
1415796.39173774584196507931
960472.49602556112222373486
864168.66169181151781231165
973475.64608084014616906643
695161.73530726961325854063
671785.68847200670279562473
1449698.23651576368138194084
1855040.33637684001587331295
901814.64298981090541929007
649666.33084590570069849491
1143896.56296927342191338539
1803100.50212246505543589592
1333302.50717917410656809807
1520301.11251948866993188858
828513.81610065023414790630
1582171.14313964173197746277
833981.83134900720324367285
874722.57598198344931006432
1260746.25385003071278333664
1504986.65904545783996582031
739226.88609032565727829933
1092644.95020474609918892384
1407500.69565373589284718037
938815.70482423971407115459
1282118.71885116305202245712
1576606.61725220456719398499
902979.04989089886657893658
1039023.02528357366099953651
783810.11212561326101422310
1141184.39461261709220707417
991270.61493939568754285574
1230330.65964784868992865086
1249543.92025625379756093025
1467501.36204387131147086620
754444.06296927353832870722
785742.63357327296398580074
1452154.08156160311773419380
1101353.56296927342191338539
871997.79771321394946426153
1625694.76660559931769967079
1116563.05940558621659874916
960065.52528357366099953651
1040261.34413987305015325546
1836946.26131134387105703354
1716497.69032852700911462307
1013237.52655255282297730446
802237.70482423971407115459
1103916.88631822913885116577
1001578.96949262230191379786
641544.41658478486351668835
1123912.67222423804923892021
971411.40953855821862816811
1357574.69821489229798316956
1342749.86468981998041272163
1185656.89461261709220707417
1316276.15821030363440513611
1302145.62916392134502530098
955232.35513867344707250595
867537.06929695908911526203
632817.35513867344707250595
721325.10873233503662049770
1407716.92076758854091167450
1099738.94251014990732073784
976759.52687192591838538647
1013688.91715487861074507236
1167636.74474700517021119595
653582.53152783005498349667
1263485.64677617559209465981
1453071.25588604435324668884
1231597.20040949201211333275
820728.20744746830314397812
835319.75604654732160270214
784942.06478752091061323881
1059961.28091890527866780758
610105.03152783017139881849
1216032.42865605722181499004
1326937.69515193277038633823
965556.79486032109707593918
861564.26471975771710276604
1266167.71152698784135282040
765737.58710378140676766634
1064618.68796927342191338539
1061973.15964784868992865086
1269428.25385003071278333664
1135337.37556549813598394394
919350.40821030375082045794
1221872.75362787442281842232
1225068.62916392134502530098
843826.79346146015450358391
909348.09071125136688351631
890142.94909601984545588493
824134.94254278601147234440
1076408.67357017030008137226
835283.46127635543234646320
933325.55940558633301407099
1645337.95873798592947423458
1061698.92357017030008137226
750727.01577411289326846600
1457426.73610181454569101334
732564.17125507490709424019
711451.61048364033922553062
760177.15391120337881147861
999289.06296927353832870722
1131163.41894950089044868946
1089488.66201577149331569672
794985.12705046101473271847
865095.64608084014616906643
921675.37562244932632893324
1128212.75385003071278333664
749564.36048364033922553062
1166598.66201577149331569672
631754.84005131479352712631
642092.96690660633612424135
977624.36048364033922553062
758149.01424263301305472851
907832.45575578836724162102
1442480.66201577149331569672
706817.77132749976590275764
776710.25377044803462922573
1098655.72489060298539698124
785130.51190456270705908537
991679.95744746830314397812
712519.21432802861090749502
773403.44545894663315266371
806210.63609032565727829933
759904.37943456158973276615
817900.53989493648987263441
1116827.42828156705945730209
852734.74022322718519717455
1342996.61197805823758244514
771521.12308022484648972750
790647.79532272391952574253
1771282.50737791787832975388
1079345.80862610228359699249
1325025.23723388859070837498
892774.04558727424591779709
861833.07037720456719398499
1236395.97363059967756271362
1120675.18782077962532639503
1024030.59720362885855138302
1424292.49808022473007440567
892664.64603565959259867668
924858.93300107796676456928
941650.89115574001334607601
803886.85547353583388030529
720442.54749684012494981289
795064.34782686794642359018
1212470.88631822913885116577
667751.05275699228513985872
809386.94283774239011108875
864171.64228987297974526882
1189904.29996946640312671661
928983.26146692363545298576
802555.01190456270705908537
783619.29532272391952574253
1286070.23723388859070837498
899775.42357017030008137226
670879.39812085428275167942
813913.26146692363545298576
868332.16950431140139698982
1008810.99904011236503720284
768645.60873233503662049770
1119456.90931531693786382675
947274.72282765759155154228
1026996.39461261709220707417
985844.11253553966525942087
1036203.34166117606218904257
711151.68909682717639952898
1820746.70527654560282826424
1452681.25222975248470902443
859940.08710257709026336670
910146.16894950089044868946
1013177.21366542007308453321
712018.32338808779604732990
769998.90822737303096801043
1283855.23723388859070837498
680511.26949262223206460476
754420.58692292030900716782
1365433.34763728594407439232
955451.44251014990732073784
1031091.27528357366099953651
761680.24995905905961990356
822822.30980630847625434399
908265.27528357366099953651
919205.00626768008805811405
1435648.73651576368138194084
1091852.55455457279458642006
743034.86232040252070873976
1229295.88631822913885116577
1145689.67222423804923892021
903936.34413987305015325546
911787.25336833228357136250
1260764.53366382187232375145
957528.80862610228359699249
728078.33134900720324367285
1120628.64877384621649980545
1034293.46977177227381616831
719365.04146803228650242090
747795.05954845866654068232
744720.14608084014616906643
774313.86493939568754285574
769343.72621512529440224171
1478529.24443895369768142700
815576.62705046101473271847
618992.84005131479352712631
945594.20351135381497442722
677108.42271321394946426153
1137444.48651576368138194084
1462415.29686534032225608826
1189876.83709038910456001759
1006326.11725220456719398499
1004355.34768860228359699249
714004.08134900720324367285
881006.61493939568754285574
1166375.26435526879504323006
748375.80365605722181499004
939747.63429170357994735241
853924.80455457267817109823
965512.06292548566125333309
703570.17384584073442965746
788443.33505644579418003559
829012.02687192591838538647
786814.99024245771579444408
946014.96210257709026336670
750812.22929042007308453321
642261.71923600335139781237
937131.05455457267817109823
849071.64902862359303981066
911141.82338808779604732990
849884.40390055521856993437
959907.30455112236086279154
854848.96056308585684746504
937411.06582974607590585947
873718.49904011236503720284
997399.61117855319753289223
985911.67222423816565424204
776816.82338808779604732990
1111096.25362787442281842232
1452685.17418077820912003517
1185544.52864472474902868271
786825.31738648563623428345
700450.17384584073442965746
760523.66146692365873605013
1143576.49618939566425979137
970838.88631822925526648760
803644.36805090727284550667
832165.65671695629134774208
1196958.62228244449943304062
775198.86253553966525942087
1003101.90931531682144850492
1457000.23651576368138194084
1118434.63959307759068906307
779289.47909292392432689667
828964.14871719200164079666
1011578.02115411311388015747
868455.88728120585437864065
1000716.71885116305202245712
796433.92351179395336657763
777720.30158690328244119883
763004.09423600335139781237
724443.47909292392432689667
1062143.52006282121874392033
933864.69451188656967133284
1154328.83214872749522328377
794828.79461261711549013853
865200.64298981090541929007
835598.01809091586619615555
1161880.00958587089553475380
1149066.87228244449943304062
1099779.20555281033739447594
873231.52115411311388015747
894105.53464784868992865086
1188795.50958587089553475380
948425.17865605733823031187
1096071.47363059967756271362
1015934.17042372236028313637
715721.75604654732160270214
632522.29884430114179849625
776273.58404082164634019136
1287294.71885116305202245712
798265.98509218182880431414
842862.60083670541644096375
745800.16986032109707593918
797088.36805090727284550667
989162.02319203992374241352
1294138.23651576368138194084
1026032.69729330157861113548
756859.00097642396576702595
821451.01080653967801481485
839699.36048364033922553062
863338.69729330157861113548
1315625.28651157673448324203
769628.32357579108793288469
738593.91715487861074507236
1171245.79996946640312671661
1134455.42828156705945730209
668841.39812085428275167942
1240170.47220362885855138302
880120.66314496577251702547
730933.35723335715010762215
817565.80940558633301407099
1058627.85605128854513168335
767397.83579263940919190645
1038717.31405612337402999401
732348.86949262232519686222
825402.63429170357994735241
809042.79278154298663139343
727272.02390002389438450336
867125.05575064243748784065
720600.16815950302407145500
818806.59103339479770511389
842275.22282765759155154228
845246.91715487861074507236
789149.14677617559209465981
771630.27972264110576361418
892329.34768860228359699249
874401.34064544783905148506
887376.97489060298539698124
969440.95020474609918892384
1052127.50958587089553475380
831940.03062663483433425426
743589.82353817974217236042
1008068.37556549801956862211
1190436.53366382187232375145
852408.46949262230191379786
850311.44583152874838560820
693720.20482423971407115459
794728.44451188656967133284
1189422.33709038910456001759
846178.22994768782518804073
935177.94885925156995654106
793297.50622449314687401056
816045.46366542007308453321
968251.66201577149331569672
1154496.23723388859070837498
809770.40784682717639952898
1061625.24474700517021119595
728421.15822737303096801043
804584.83100788574665784836
827635.81509933678898960352
893508.24474700517021119595
870973.58709038910456001759
820583.83100788574665784836
958230.06292548566125333309
848036.90953855821862816811
736907.29771321394946426153
1035096.02864472474902868271
851847.02655255282297730446
1067396.71366542018949985504
1072102.88631822913885116577
766408.25070748839061707258
685950.23530726961325854063
1235991.18300107796676456928
991408.58489537565037608147
750630.60873233503662049770
823931.01577411289326846600
936017.70555281022097915411
886534.31405612337402999401
765635.15319284144788980484
674679.02180534007493406534
1051702.62228244449943304062
767517.33070262358523905277
935616.92222423816565424204
806911.92042372236028313637
1033953.31842551520094275475
1053851.24237879132851958275
968430.57667341083288192749
1367847.11197805823758244514
891010.27528357366099953651
925577.03859245870262384415
711529.82353817974217236042
850702.61117855319753289223
920950.43551278067752718925
1044334.79996946640312671661
860818.37093941424973309040
1166004.65821030363440513611
846411.77006282121874392033
758938.05365605722181499004
873391.29278154298663139343
834239.77864472474902868271
872017.86309404298663139343
970453.01590296230278909206
944159.04996946640312671661
673826.48010950908064842224
1197581.64902862347662448883
784332.23662482318468391895
933695.24100215570069849491
821351.37228244449943304062
785417.01424263301305472851
782136.02395741827785968781
914061.02741044969297945499
1225706.68300107796676456928
806664.39115574001334607601
837869.18880686920601874590
893828.80862610228359699249
678941.71432802861090749502
870831.40953855821862816811
982189.59048530959989875555
1010551.24474700517021119595
815879.24904011236503720284
840261.81509933678898960352
847330.45744746830314397812
947833.22489060298539698124
890597.34166117606218904257
658285.58193405170459300280
884965.50626768008805811405
1156880.73723388859070837498
1077304.47220362885855138302
1164171.21885116305202245712
668172.96437988069374114275
966311.84822044800966978073
904423.59720362885855138302
903890.18796927353832870722
897991.67357017030008137226
908744.85605128854513168335
821142.45555281022097915411
895665.67042372236028313637
716792.18480630847625434399
859496.07667341083288192749
821486.53505644586402922869
948464.93070262367837131023
681468.96690660633612424135
1112359.71312626870349049568
968974.18782077974174171686
705747.54146803228650242090
1066765.92520748311653733253
780472.84048530959989875555
1054974.96877822279930114746
832570.79722423816565424204
861220.99618939566425979137
940189.24237879132851958275
776182.97282765759155154228
975796.42828156705945730209
818372.01337969943415373564
672324.53070262353867292404
1075267.53366382187232375145
1035466.33709038910456001759
921034.92520748311653733253
1022641.26146692363545298576
989672.33214872749522328377
1082669.04251015000045299530
1087890.68300107796676456928
947770.13959307759068906307
846378.09048530959989875555
922909.89653752208687365055
818258.77879228000529110432
1201680.61197805823758244514
851329.47089179884642362595
753132.69056669052224606276
928799.64603565959259867668
670855.70482423971407115459
1242897.36468981998041272163
784751.43429170362651348114
913408.19254278601147234440
860605.96127635543234646320
744526.25854081637226045132
788584.75097642396576702595
828983.92222423816565424204
976594.49618939566425979137
899830.01337969943415373564
731612.27655255282297730446
772504.09423600335139781237
1123812.66096741310320794582
706277.33084590570069849491
875818.96977177227381616831
1086196.67864537565037608147
982584.64902862359303981066
897786.02006282121874392033
820129.65690912434365600348
829645.47972264105919748545
730963.18909682717639952898
632675.76631063024979084730
900650.82403154298663139343
840677.61253553966525942087
728784.27784521994180977345
908116.21366542007308453321
1303915.50385003071278333664
1199153.43770232633687555790
978196.73723388859070837498
1002860.37228244449943304062
1101851.53366382187232375145
712622.36048364033922553062
835327.88959307759068906307
660447.50622449314687401056
998710.58696120767854154110
891621.31842551520094275475
720306.67170007165987044573
794909.15391120337881147861
823482.35513867344707250595
708704.30992245499510318041
859064.61493939568754285574
886502.22125507495366036892
685754.29771321394946426153
1107978.88390048034489154816
700389.79346146015450358391
921012.33579263929277658463
966694.42828156705945730209
1155680.50385003071278333664
901185.84822044800966978073
892010.07851135381497442722
775592.80992245499510318041
768747.47170007170643657446
1066960.88220130046829581261
686689.69501411146484315395
759380.79346146015450358391
754583.74995905905961990356
986385.91894950089044868946
820312.29486032109707593918
684236.59316163649782538414
807378.83579263929277658463
809306.84782686794642359018
771521.79278154298663139343
723641.16912597266491502523
946907.47994768782518804073
634478.79884430114179849625
752629.98509218182880431414
