36793864.72475590556859970093
24821903.69032446667551994324
15924175.48357376083731651306
32603706.95580627769231796265
12380886.21580790355801582336
40421695.10538925230503082275
25546596.06449536979198455811
11956137.00998676940798759460
24460858.74090146273374557495
23123447.00288243219256401062
31740292.91534245014190673828
15706747.38522220402956008911
23169827.15956191346049308777
26098771.93843775987625122070
17371566.40523967146873474121
16792254.13996155560016632080
16688918.10159687139093875885
26426098.97833764553070068359
20264519.76668457314372062683
19644764.00596002861857414246
30950976.81973846629261970520
15369104.51530394330620765686
33424894.71096978336572647095
19214283.47828092426061630249
15695252.47821660526096820831
34435888.39650917798280715942
22158948.22603073716163635254
25326371.17411652207374572754
8377549.93191238306462764740
7957033.81833394989371299744
21749209.85156710818409919739
13065180.32639822736382484436
22233920.09498392790555953979
23210474.49072792753577232361
12198125.45814558491110801697
24154234.21703818812966346741
25320775.70820956304669380188
11363024.67897536605596542358
16858297.47108883410692214966
15386878.85485930740833282471
13433825.19371985271573066711
11979560.15739504620432853699
17826804.57028009742498397827
11212660.38004280626773834229
25106141.54489335045218467712
26961025.80684670060873031616
28559741.59231568127870559692
17044616.71418197080492973328
13768168.11742887273430824280
20488991.85255935043096542358
5885270.99814558494836091995
17074268.46006872877478599548
20063767.74176435917615890503
15453546.17205468565225601196
5457144.39630555082112550735
12236453.65009271726012229919
22102466.82147867232561111450
9801299.36356176808476448059
21862778.57986578345298767090
28764714.62637936696410179138
37200473.45718682557344436646
12968712.84756295569241046906
13554594.34296642430126667023
12672784.89399678446352481842
12587373.06782227195799350739
16328891.35584571957588195801
11725618.98391510918736457825
27880324.40886562317609786987
23809643.83254975825548171997
23889035.70865003392100334167
11176719.47278190776705741882
17865068.60918216407299041748
16719055.59083746187388896942
7821559.20759084913879632950
26738996.41845428943634033203
11125890.29482300579547882080
14734621.32747361436486244202
9348251.55149000696837902069
19775796.84840263053774833679
16412496.22056468576192855835
12666648.30366414599120616913
11801295.54036649316549301147
13862682.56129236519336700439
11785352.08750447630882263184
20171472.41279918327927589417
11374234.35801942460238933563
13048218.97424835339188575745
19464658.52653793990612030029
8998328.81675938330590724945
19965345.98983630910515785217
16485799.30263550579547882080
14264821.42351723648607730865
10155367.12980650365352630615
15346625.37035109475255012512
21083872.29329250752925872803
23578137.24907982349395751953
18224830.72577633336186408997
7708474.76542683131992816925
15926154.01269408315420150757
16908090.13210474699735641479
24887397.14398225396871566772
12738654.28199737705290317535
8175709.04092418216168880463
9357849.31675938330590724945
16104378.58316780626773834229
15414333.28081900998950004578
8893402.84685992635786533356
13935575.78624283894896507263
18267929.94565647840499877930
11224070.31297221779823303223
16600921.89655220136046409607
18980781.93976252153515815735
9928214.11641611717641353607
9586901.89148263074457645416
11234817.47912528365850448608
13534007.64204777032136917114
13739767.94155229255557060242
13172097.53609092161059379578
13699442.15388495475053787231
6332151.55130991805344820023
17726270.20837192982435226440
16033365.47092204913496971130
12622753.37981654517352581024
13467548.93718331307172775269
5875886.80130991805344820023
30953189.27507548034191131592
10363075.99265301041305065155
13523485.91370300203561782837
17644093.52698769420385360718
10401195.39814558625221252441
9330037.45615436136722564697
13230036.23456147685647010803
10812038.34520614892244338989
10955223.01675954647362232208
6488918.15862422063946723938
15827733.06190964765846729279
8271766.42817352060228586197
11439469.47061473131179809570
14788718.80650550127029418945
9929497.62351816706359386444
13099288.10657493956387042999
13080164.60387141816318035126
13160286.54878147691488265991
18642676.23036792501807212830
13251664.26244281232357025146
11576623.55800621211528778076
12315301.32913471944630146027
12628402.24812887609004974365
6226634.80130991805344820023
18897238.85331908240914344788
15581177.10715363919734954834
10273270.92299568280577659607
9788522.52572060748934745789
9868224.57031342200934886932
13977794.01812141947448253632
16301446.78022843599319458008
12959585.28980477526783943176
11060580.06001732498407363892
21872860.72917632013559341431
16740022.44192204251885414124
12927597.15685489401221275330
22237846.24947684258222579956
18435893.11869281157851219177
12597392.60439656116068363190
12733811.28399221040308475494
13335177.27916859649121761322
7160885.93191238306462764740
6290341.96332977060228586197
14450638.31986646167933940887
7050264.29546311777085065842
7358184.31048051081597805023
8435953.86233644001185894012
15739488.22245907783508300781
8060264.81048051081597805023
12777169.21597315557301044464
11323543.35801942460238933563
12204695.34814558550715446472
14951420.76654139161109924316
18200779.29355282336473464966
7238140.36233644001185894012
21924761.58693728223443031311
12658309.40472732298076152802
12818085.76553327776491641998
9307318.03033172525465488434
12519908.28394740447402000427
7860436.43995548784732818604
16452455.40153794176876544952
22196705.43371782079339027405
16226719.07450574636459350586
18234128.33024164661765098572
12409166.86361248791217803955
23843146.81345453113317489624
16681383.66892612725496292114
7270649.43864092137664556503
13761505.07484328560531139374
12706086.99778587743639945984
8035582.92817352060228586197
6826606.81048051081597805023
9472266.55149000696837902069
15445714.93593833968043327332
11166127.30342531576752662659
5509013.67678841017186641693
11090577.56849873811006546021
5983364.21777220815420150757
14596422.10009288042783737183
13740413.40532347187399864197
18776087.06855870038270950317
10643611.84847291000187397003
11063373.08813983760774135590
5816908.32965983822941780090
8912980.24981596320867538452
16882480.48456147685647010803
15201533.74703633412718772888
23395743.04349873960018157959
5601463.07565887644886970520
13019190.46899678558111190796
17765484.93807252496480941772
9065851.74485382437705993652
19106284.37579853460192680359
9544316.73736920952796936035
12871793.82536641508340835571
6779072.67407279275357723236
20759006.59073110297322273254
8090772.19394963420927524567
13154136.64780629985034465790
18142472.52439073845744132996
17407579.07908830791711807251
13915457.92148321121931076050
17586061.97379644960165023804
7386652.20536966808140277863
7661745.40622930880635976791
7532723.28424936905503273010
12788428.67218046449124813080
7152033.64579195156693458557
7618583.69249120447784662247
8228133.00551379658281803131
13187219.44585097767412662506
15489615.29076812975108623505
18210281.00228143483400344849
21434401.07560757547616958618
9277349.24981596320867538452
8400407.28528190776705741882
15925234.37007689662277698517
6392812.17916859686374664307
8409617.05674692243337631226
15230041.46598530560731887817
11733150.81879435852169990540
12418544.42287442274391651154
7908103.85574483685195446014
18034048.75367876514792442322
8730921.69390189275145530701
14816531.20685150101780891418
6729983.71332977060228586197
9285679.45341023057699203491
6002685.15608447231352329254
5891063.58674356341361999512
18077299.10486578196287155151
13655683.46671310625970363617
9216960.57041588053107261658
14125364.03724362328648567200
12745527.70722627267241477966
7606057.37709298264235258102
13838584.81986646354198455811
18914086.66860237717628479004
12743845.11783372238278388977
7765639.66067475825548171997
12491944.43453633412718772888
13364087.87007689662277698517
12421226.85220940783619880676
5324617.31597315613180398941
12895083.58230277150869369507
6836047.00473156012594699860
7009327.20053229015320539474
4887690.74141611717641353607
9015958.69713309034705162048
13061019.27009241655468940735
10005309.85672153905034065247
20711168.34865238517522811890
13216711.98317661881446838379
9121432.77636276930570602417
12762702.81632598489522933960
13031043.30219827964901924133
14612592.88998979330062866211
7768651.65759198181331157684
5384538.89579195156693458557
5592157.38976252079010009766
14662589.55678180977702140808
9882325.46551739983260631561
6303526.62425751611590385437
6572852.53639714419841766357
11415687.30060150101780891418
8337038.40951813012361526489
9232675.28394740447402000427
15337899.41732432320713996887
8711681.87335896492004394531
5978980.96796165220439434052
11027373.82925954647362232208
7379604.59277220815420150757
8623555.37302075885236263275
8427002.67031342163681983948
11687731.34055761992931365967
6752576.40319979563355445862
14256029.22848147712647914886
15433767.73299265280365943909
8089390.47317475825548171997
19566387.35237659513950347900
21190969.22183617576956748962
12421626.73879975825548171997
10971365.30535146407783031464
6524406.63864092156291007996
11180753.08813983760774135590
7685698.59466406982392072678
6806270.27564533706754446030
9355653.53191238269209861755
12369527.21349745243787765503
9372450.06934239901602268219
8599234.15471884049475193024
16750388.71717320382595062256
14068720.80800621211528778076
10859770.15949382632970809937
12520363.39112976007163524628
5424507.45759084913879632950
5333061.25147955399006605148
8825026.64583526365458965302
15251376.61992450058460235596
4993831.43765740562230348587
10508493.71498253010213375092
8219506.41713967453688383102
9118956.08759388141334056854
7193665.38109768461436033249
8931854.43694647029042243958
11874324.00869974866509437561
12982090.10111645981669425964
8162300.72907279245555400848
11856326.03750588372349739075
15636206.51883516833186149597
10187034.40400310605764389038
23672477.89116530865430831909
8666730.75994062982499599457
6146445.81239443738013505936
5587651.09574787504971027374
10098922.43772989511489868164
6080033.64531277958303689957
13246173.78641412034630775452
11094691.97515189275145530701
9339729.34745907783508300781
8887551.86650995165109634399
11219624.04115138575434684753
12449292.22149221040308475494
7194859.55674692336469888687
7907216.00364675559103488922
13120345.24424692243337631226
11954932.68471212685108184814
7307167.83851109258830547333
14885536.77674721553921699524
12319651.29231200367212295532
12766909.77241150289773941040
10465466.94672796875238418579
11419553.67897536605596542358
11316978.60351657867431640625
5488204.67503133974969387054
17797487.14221883937716484070
11998671.29403491690754890442
10174559.46551739983260631561
9334563.19341388344764709473
12645216.81888804398477077484
10184251.47548392787575721741
6309460.69907279312610626221
6302265.31048051081597805023
10239662.67506333999335765839
9103221.29567692428827285767
20006117.37598770856857299805
5400374.21777220815420150757
15902037.36361248791217803955
10150176.79546311870217323303
12447476.93541960790753364563
6669260.84235606342554092407
9435159.44302943721413612366
5783944.13510782457888126373
11681991.27031342312693595886
13495378.69123728573322296143
11498357.93694647029042243958
13149169.33006765320897102356
8720864.20870997011661529541
5169877.92678841017186641693
8226692.97332312632352113724
15138703.85015189275145530701
5853878.40374921262264251709
7429311.86903032846748828888
7082693.00551379658281803131
12012630.39304545894265174866
7227926.76513957791030406952
7822740.20669229887425899506
12313686.01412574388086795807
5674978.81048051081597805023
6458179.62330816686153411865
9594188.90002322010695934296
12552803.82199839130043983459
9292751.62075497582554817200
11441106.24601653963327407837
5692626.10561476927250623703
10742118.54018483310937881470
12701550.49808230809867382050
13035261.49265301041305065155
8159295.55004644021391868591
9793831.10676003247499465942
16833626.79831586405634880066
12192245.39583526365458965302
18212823.16289907321333885193
6870670.57763632759451866150
8325143.83832977060228586197
8225231.25706287194043397903
10309705.24621893465518951416
8110996.07763632759451866150
8894001.46455474011600017548
15413690.96722489781677722931
7463168.60798657778650522232
9703599.18277195468544960022
9118485.46837954223155975342
5220085.33141564112156629562
12459845.57041588053107261658
13416056.38164919614791870117
11996563.81879435852169990540
5859870.16067475825548171997
6861687.41203085705637931824
11786461.75964325293898582458
18787283.29773262888193130493
6792559.26542683131992816925
16486441.20685150101780891418
5731014.05038448609411716461
10101771.03787082806229591370
13885400.08698008954524993896
20542648.35776320844888687134
5691537.59502743650227785110
6323233.28641411941498517990
8591261.01837178133428096771
9340446.89490238763391971588
10602394.42299568280577659607
12310126.04375308379530906677
6518024.96269090659916400909
5793900.96862643677741289139
7150461.46837954223155975342
6400683.96847323514521121979
6827191.50434987433254718781
7098197.33832977060228586197
11016586.54318315722048282623
9127313.30467320233583450317
17903149.31251078471541404724
8646709.32934987358748912811
13447593.87917114421725273132
5797665.26892726961523294449
9497883.04648829251527786255
5846178.93378962110728025436
7638512.31934239901602268219
7678668.85390902683138847351
6827790.60945218708366155624
8761396.78263982385396957397
7435745.35657493956387042999
20287124.40631334111094474792
10475120.13526904210448265076
10466687.68944080173969268799
5332172.43406609352678060532
6439755.54399692639708518982
5186243.81547741219401359558
4985827.85433108080178499222
9325571.27582977153360843658
8261112.22621644474565982819
13495688.13282833620905876160
5647268.89823658578097820282
8210221.64701745845377445221
6637597.64981596451252698898
9191407.34832312539219856262
5610425.03864092193543910980
9911020.32102388516068458557
13530150.74933394417166709900
8673327.20161977037787437439
5496383.34547137282788753510
7965897.07974691316485404968
6821165.42294505611062049866
9047890.99273886904120445251
15130227.86158411949872970581
11857762.06726547330617904663
6670269.31934239901602268219
13504139.40996184572577476501
8913894.82842744700610637665
6036367.58139120973646640778
8062095.24981596413999795914
8421149.58123402670025825500
9182681.65825497545301914215
6234364.09277220815420150757
8223276.65608447231352329254
16079723.05216849967837333679
8534345.94008206017315387726
8418929.70781805180013179779
7388163.05978808552026748657
9816939.25906071066856384277
10263137.53787082806229591370
5402530.67390223965048789978
12022981.63510782457888126373
13618679.05416859686374664307
10862814.86738950014114379883
6397978.65759198181331157684
20317908.82694080099463462830
9362877.40869974717497825623
11538723.98174872621893882751
6464248.06814427115023136139
6916368.36458429880440235138
6016699.05149000696837902069
7547257.51837178133428096771
6887681.96313983760774135590
5786773.64579195156693458557
11127307.13340928032994270325
7386915.20781805180013179779
15739467.64197370223701000214
5864421.33639714401215314865
6554623.78967493679374456406
11665789.40197403170168399811
6397280.96847323514521121979
8655397.21399123407900333405
14960712.64659157767891883850
12469414.52474750205874443054
5849685.53451813012361526489
13503673.32773321121931076050
11318335.24087436310946941376
9947620.23736920952796936035
5180701.41164789441972970963
5334599.33088433649390935898
11144430.06585282646119594574
6401088.73555471003055572510
12450414.81354320794343948364
11695639.25638804212212562561
16686894.62899382598698139191
9700264.10676003247499465942
7061506.92904041707515716553
10855478.20669229887425899506
6228198.68944080173969268799
9595552.70079219713807106018
6429068.01542683131992816925
15691945.55378961935639381409
11636775.44930648989975452423
7556036.32102388516068458557
11928121.75943887606263160706
7376125.24533081240952014923
7110813.67674281168729066849
9453624.28544108942151069641
13378554.15208429843187332153
17928083.85676003247499465942
6363470.34340947866439819336
5537017.59502743650227785110
9897118.94791763275861740112
8183681.95147955417633056641
9468010.46269090659916400909
6118459.24981596413999795914
12184355.69249643757939338684
5205905.91304212529212236404
6459570.78967493679374456406
13462008.94652272947132587433
10682094.07343827188014984131
9174573.62351816706359386444
11963308.64011514373123645782
20734948.55397536605596542358
5720835.17967320233583450317
8641190.15147760324180126190
5129548.04503594152629375458
6723198.90228383336216211319
8872995.12736824899911880493
9198610.29567692428827285767
8259341.34235606342554092407
16089334.20159989781677722931
5973812.80669731739908456802
9490567.96269090659916400909
8174871.35312769562005996704
8082438.49171302467584609985
10747597.02277413383126258850
8311189.03173520043492317200
10323846.43772989511489868164
10449217.32512021437287330627
5735398.00364675559103488922
7492291.30178841017186641693
6470659.54648829251527786255
8620677.86210065707564353943
9153425.62736824899911880493
5892634.69907279312610626221
5691903.80332061555236577988
7063624.34943862073123455048
14079518.11826656386256217957
5492379.27899336256086826324
10163553.04486068896949291229
7132072.18088075891137123108
12433309.15147955343127250671
6237301.53108447231352329254
6844517.15339090488851070404
6425633.03787082899361848831
5741023.18566345144063234329
12717534.07066977396607398987
7042339.85312769562005996704
8709215.92407279275357723236
6932804.28544109035283327103
8181733.78520794026553630829
9786838.88494062982499599457
7957375.05798657797276973724
7770123.17218046449124813080
7057926.05060150101780891418
13135843.97026649117469787598
7291017.63378962036222219467
8699033.92958155274391174316
14248262.89550030604004859924
5718919.14572777040302753448
7601073.98413186892867088318
5728338.95182337798178195953
13312049.10798657685518264771
10552827.82512021437287330627
6844857.66067475825548171997
6565149.06650995183736085892
5929984.93174692336469888687
5826034.02929330058395862579
11994748.65727872774004936218
14825044.61843418143689632416
5714583.70972371380776166916
10704923.82925954647362232208
6528577.45966460835188627243
10557403.03316299244761466980
6277045.79011703189462423325
10114567.07925954647362232208
11071551.52723522670567035675
5734866.07853948138654232025
5572921.81239443738013505936
13763224.70244102366268634796
5918362.96419000811874866486
9949073.40673520043492317200
8173846.56547741219401359558
12342148.98834199458360671997
8314499.62819402106106281281
4988244.60945218708366155624
5562339.66164789441972970963
10089647.79546311870217323303
13225121.24896102957427501678
8194521.45615436136722564697
9516104.03191238269209861755
5545178.34080383460968732834
8410337.32766586169600486755
7130289.47621644474565982819
11575892.66176078096032142639
7940686.66899692639708518982
8397120.12075497582554817200
9637677.55399328842759132385
7067460.90951813012361526489
9072159.78520794026553630829
8138570.06282266788184642792
6622177.65759198181331157684
6585008.98413186892867088318
12629638.13800653629004955292
6667612.10662215389311313629
18028802.93505650386214256287
7473682.99889293871819972992
8605859.92649000696837902069
11279096.37861214391887187958
8085110.70614472776651382446
5820793.68909701053053140640
8255783.86939987912774085999
5675673.43995548691600561142
8900037.86269090697169303894
8951136.27439073845744132996
15910032.05630870908498764038
7985740.46837954223155975342
10540312.92660729587078094482
12440481.19173000752925872803
9862511.54114718176424503326
7928565.43930607195943593979
5436901.42799740284681320190
9122452.28259198181331157684
5654779.28977613430470228195
15451927.15410905331373214722
9220961.78173520043492317200
10093133.46041890606284141541
9716656.34981596469879150391
6003513.60036141704767942429
7287200.72907279245555400848
8425764.70739777013659477234
11288875.59039620496332645416
5433174.17269203253090381622
5477484.96370991971343755722
9726726.60157833620905876160
8851587.51926547661423683167
7494891.60676003247499465942
7127375.86939987912774085999
12358118.06782227195799350739
10378225.29546311870217323303
8031847.39490238763391971588
8823642.96551739983260631561
7401090.33269410300999879837
8578225.82766586169600486755
7821116.60226060356944799423
5852085.06528365984559059143
9748898.60157833620905876160
7300144.55399328842759132385
7351382.74509411398321390152
10862454.74804675951600074768
10178036.23308083415031433105
10183206.60672153905034065247
6790851.71305277105420827866
5313034.81833394989371299744
5670476.16164789441972970963
7094988.67269203253090381622
5889454.67967320233583450317
7693673.86650995165109634399
10824526.20079219713807106018
6824428.81833394989371299744
5998533.80038448609411716461
5813751.38260210026055574417
8681165.80839667282998561859
6892227.10210290271788835526
11578254.95849774777889251709
11762966.29664700850844383240
6022772.73041242919862270355
6503198.84876016434282064438
6289337.65030075050890445709
5780323.18909701053053140640
7918276.53804212529212236404
8845692.80182337760925292969
6361482.17558240517973899841
8135723.03191238269209861755
5883295.32443315722048282623
7446198.27636277023702859879
7345310.08123402576893568039
9153863.51875293999910354614
6927200.65339090488851070404
9107529.99171302467584609985
6247496.14643935393542051315
8055794.60869974829256534576
12052977.81879435852169990540
8967675.45636922866106033325
11694340.49061205983161926270
5674846.86335061304271221161
8494043.30219827964901924133
5002355.43765740562230348587
11155572.87352565303444862366
12074409.15727872774004936218
4943371.10433108080178499222
6271940.80182337760925292969
6536251.03787082899361848831
5423438.53552497923374176025
9315749.89546311646699905396
9114361.48481093719601631165
8146470.53033172525465488434
5815611.94566002953797578812
6506685.78719470649957656860
8330310.18277195468544960022
10080324.54407493956387042999
6335817.50361214391887187958
14747217.42880470678210258484
4841408.10432407259941101074
7609113.49755100347101688385
5943058.64579195156693458557
6849695.40622930880635976791
10118712.76837178133428096771
8403703.70161977037787437439
11458818.54407493956387042999
10680172.82925954647362232208
10318817.93675908446311950684
7079841.68694646935909986496
6884422.07974691316485404968
12886850.89501883462071418762
9247625.96803635172545909882
9002740.19750941731035709381
12300282.14816359430551528931
6244909.12853143550455570221
7894258.74485382530838251114
9417421.21862643584609031677
5948027.10216850042343139648
9134717.01715059392154216766
5673850.07041587959975004196
7768835.98481093719601631165
8828150.58170049265027046204
15349426.55007594637572765350
7564610.29666326381266117096
9826490.41152049228549003601
7380037.42958155274391174316
6270162.17805373389273881912
7609010.54305704776197671890
6535411.03804212529212236404
19526627.86082350462675094604
7179239.81168550159782171249
5975556.53261966351419687271
9741191.41152049228549003601
9375296.84981596469879150391
8703829.23561716638505458832
6102816.63470301777124404907
8342978.96419000811874866486
6091360.90440862998366355896
6378212.27203746978193521500
6898130.00364675559103488922
9076538.40825497545301914215
10573169.03316299244761466980
11042208.51237375102937221527
12480126.42572737671434879303
7211329.62819402106106281281
11344531.57661878317594528198
5202426.04926876723766326904
6568456.63509162329137325287
9345808.02708429843187332153
8014014.81675938330590724945
11871468.59222489781677722931
9678351.82604214921593666077
7529154.90816299244761466980
6275940.80178841017186641693
5788283.78641411941498517990
5151838.67269203253090381622
8670904.70200155302882194519
6642344.54477054439485073090
8172420.21305277105420827866
6334810.60036141704767942429
6374856.17805373389273881912
6046299.27929330058395862579
6021901.10334614943712949753
6026790.93028428032994270325
8605049.81746520288288593292
8393433.18566345050930976868
5972965.25209298264235258102
5900799.81550757680088281631
9892955.79477054439485073090
6199992.95497605763375759125
10725932.41789292171597480774
6396160.63509162329137325287
6476771.65673520043492317200
6653864.99754705652594566345
8010108.76876956969499588013
9024076.68772989511489868164
9744048.97096635773777961731
7025428.19394963420927524567
7916617.56499017030000686646
10279682.18944080173969268799
9250610.28544108942151069641
5862571.52338820695877075195
5913187.87005246896296739578
11334242.03412553109228610992
5613247.43864092137664556503
5691542.78844740521162748337
6016501.71862643677741289139
11540095.09315667301416397095
5774620.00419833697378635406
6380168.77159157861024141312
6972979.76876956969499588013
7638138.82934987358748912811
9136574.46803635172545909882
6637836.38849384151399135590
9006172.91899692639708518982
6802073.66067475825548171997
5810267.03844740521162748337
8621413.07573977671563625336
5828586.73966559488326311111
9221837.30669731646776199341
10600547.03804212436079978943
6003635.13109768461436033249
9056637.51349384151399135590
6256773.17503133974969387054
6722931.20098701585084199905
8838018.01349384151399135590
9636451.32102388516068458557
12252543.15179991163313388824
8283152.55149000696837902069
8800713.70161977037787437439
9761408.29894668422639369965
5542318.97002743650227785110
6165422.88109768461436033249
10002480.65608348697423934937
15351288.78147891908884048462
6211135.33851109258830547333
6120067.31837932392954826355
15337358.49061205983161926270
7800862.78520794026553630829
5967433.97002743650227785110
7052976.93930607195943593979
5873292.43406609352678060532
9093190.73513324558734893799
5637155.92638953216373920441
4728480.53844740521162748337
5357376.03467119950801134109
9202499.31894963420927524567
7873686.71277911588549613953
7735969.99171302467584609985
6500430.38849384151399135590
11209024.08813983760774135590
8720658.02572060748934745789
6423044.62853143550455570221
7214990.31282266788184642792
7763495.41899692639708518982
5435549.65716406982392072678
9000130.04407493956387042999
7897456.51349384151399135590
7222029.65793215017765760422
5000731.99936076998710632324
6966937.21041890513151884079
11487830.98556856065988540649
9686825.88494062982499599457
7174553.49171302467584609985
6007950.73555471003055572510
7990734.28394740447402000427
9079612.29546311870217323303
5550000.53467119950801134109
6123190.47812769562005996704
6458821.68930607195943593979
6617981.73566993512213230133
7679607.29567692428827285767
7517085.30839667282998561859
8766124.37335896492004394531
7454204.78528190683573484421
7094090.92817352060228586197
11004424.85837130621075630188
7036367.24256662279367446899
5774889.77043078746646642685
8711799.82102388516068458557
6784644.20098701585084199905
8946820.43543623574078083038
6153756.13378962036222219467
8360315.19341388251632452011
9306053.08170049265027046204
10923592.78420166671276092529
7648248.82766586262732744217
9383566.71455474011600017548
12599482.37353920936584472656
7631434.70870996918529272079
9290056.84832312539219856262
8282460.22621644474565982819
8163068.69394963420927524567
5522087.33088433649390935898
5958150.33851109258830547333
8429494.76837178133428096771
5830325.03864092193543910980
10085577.32604214921593666077
5340065.67184442561119794846
6794995.65940553508698940277
7822360.77899336256086826324
7109848.41713967453688383102
9695402.24573943018913269043
6284932.11233644001185894012
7841856.99273886810988187790
9464948.29567692428827285767
9005145.63763302564620971680
6603364.15030075050890445709
9644603.63763302564620971680
5589241.53108447231352329254
5116432.56151794828474521637
5158834.07299892790615558624
9049076.69750941731035709381
5566454.60931321792304515839
7183179.42678841017186641693
6694090.85390902683138847351
6534512.40741513017565011978
6530186.60342949256300926208
9419705.90869974717497825623
12221880.31879435852169990540
16225758.67390223965048789978
9232563.17564533650875091553
7848298.42638953216373920441
6726506.89293490257114171982
9803927.16520587727427482605
6001359.18088075891137123108
8740753.82240829989314079285
9157306.67674281075596809387
9461302.31168550252914428711
8599341.75943803787231445312
6086090.07443315722048282623
6461960.82611761335283517838
6283649.70735671371221542358
7982598.96803635172545909882
8777114.01049297302961349487
6758524.96277911588549613953
9706500.13665394857525825500
6449412.19249120447784662247
8672337.67919833585619926453
5379644.04503594152629375458
7561660.61236921045929193497
7913752.63849384151399135590
6540518.92638953216373920441
5774873.12999659776687622070
6126858.57763632759451866150
7089844.47543416731059551239
6042016.07974691316485404968
8305898.96269090659916400909
5766482.29663698188960552216
6701568.35157833527773618698
9517050.31894963420927524567
7063719.70614472776651382446
8533044.56282266788184642792
10758258.36236920952796936035
5137034.99049740377813577652
5979784.87005246896296739578
6110520.63109768461436033249
6195925.08952020853757858276
5443587.19257773738354444504
10050409.40400310605764389038
5725798.60629601404070854187
8209623.04732456710189580917
8008314.42751718126237392426
6990470.45147955417633056641
6710642.63470301777124404907
12454218.56782227195799350739
4822152.53378962073475122452
6009626.51902106218039989471
8899379.89293490163981914520
9261868.62351816706359386444
4723002.85561476927250623703
6452563.40197403170168399811
6391076.29546311777085065842
5639352.53261966351419687271
12872121.73041242919862270355
7251429.54092418216168880463
11506415.28569699451327323914
7523754.23561716638505458832
7213773.87302075885236263275
7202636.25994062982499599457
5352216.30317352060228586197
7337064.97332312632352113724
7457736.06282266788184642792
6960598.44750941731035709381
5614160.66602743603289127350
6344834.60226060356944799423
8750324.06879435852169990540
5407541.33378962054848670959
8302489.53191238269209861755
7112416.05798657797276973724
9493610.68277195468544960022
10840480.86236920952796936035
9863622.25756978802382946014
8625301.57573977671563625336
4954879.73478044755756855011
7686592.89293490163981914520
8132246.18144408334046602249
6780041.24256662279367446899
6292944.58952020853757858276
7890275.62736824993044137955
6954942.03544109035283327103
7531122.56048051081597805023
12700715.56782227195799350739
8389966.64215059392154216766
6508486.67218046449124813080
11472632.71399123407900333405
8279746.62351816706359386444
10102837.99530602991580963135
6258151.24533081240952014923
7310183.78520794026553630829
7393250.31746520288288593292
7698001.70161976944655179977
6237035.70735671371221542358
7421964.42407279275357723236
5460557.40166030824184417725
13002326.88228001818060874939
10686037.18944080173969268799
10933219.35837130621075630188
6781290.60226060356944799423
7557968.75943803694099187851
9202012.97579994797706604004
8672377.23736920952796936035
7634666.78259198181331157684
12025992.65727872774004936218
7251647.02415793202817440033
6277422.84224907215684652328
5090098.07565887644886970520
6471096.01049297302961349487
5552478.28953638114035129547
9288639.67674281075596809387
6946409.42919833678752183914
6451548.90147760417312383652
9157416.23163915053009986877
5356207.06528365984559059143
7724582.67564533650875091553
4880612.32373790163546800613
9015483.31719996593892574310
7147122.16899692639708518982
6102345.22450574580579996109
6664852.27899336256086826324
7556937.70200155302882194519
10606101.41789292171597480774
5720582.85147955454885959625
5380255.30729214940220117569
8598623.41152049228549003601
9752461.36441681906580924988
7104912.54619702138006687164
9313537.82139398902654647827
13371932.01085051521658897400
6313099.85699561703950166702
8527412.48674356378614902496
8545168.27929330058395862579
7151827.22621644474565982819
6480878.69002140313386917114
9912551.58813983760774135590
6138199.79663698188960552216
5907854.72621644474565982819
7445965.68144408334046602249
6032289.46419000811874866486
5757328.37639038078486919403
8815525.11361248791217803955
5469253.41304212529212236404
4984832.16164789441972970963
6407217.87709298264235258102
6305692.35390902683138847351
6867302.57299892790615558624
5918820.86501718219369649887
8983377.28173520043492317200
5347994.55317352060228586197
7327646.91013747639954090118
8593591.10157833620905876160
8039254.31258220691233873367
11209793.06585282646119594574
6275263.28929649665951728821
10242469.13102536648511886597
12061364.06497248448431491852
12981441.83602734282612800598
6983450.19915290921926498413
10518881.92299568280577659607
5528985.11501718219369649887
5472724.09466407075524330139
7033493.41152049228549003601
6210700.15281978063285350800
8116080.45377051550894975662
9048359.73499364033341407776
6472739.99754705652594566345
6891923.31258220691233873367
9353471.70079219713807106018
6412881.97543416731059551239
9633826.45966460928320884705
10232878.24347081035375595093
7463472.90002322010695934296
4634549.33478044811636209488
7625426.02415793202817440033
13097294.07275015302002429962
7346257.20739777106791734695
7432176.68277195468544960022
6136030.67269203253090381622
5360004.96370991971343755722
5199681.89072682149708271027
9589794.40673520043492317200
6696331.82611761335283517838
8606426.98386663198471069336
6135721.98674356378614902496
8089701.65825497545301914215
7571183.32240829989314079285
5481309.57680414337664842606
6676230.68854320887476205826
7436914.34235606342554092407
6239105.31597315613180398941
7947194.00891573913395404816
7720909.08170049358159303665
5262720.74611399881541728973
7465578.25943803694099187851
4721491.73478044755756855011
6568472.28997483383864164352
8183752.11597315594553947449
8956270.61970840953290462494
10051830.99530602991580963135
5494959.80038448609411716461
9185097.03316299244761466980
11166642.53412553109228610992
10947677.31879435852169990540
6070038.91013747639954090118
5036702.13478044793009757996
8095621.69750941731035709381
5741525.56748034060001373291
6801267.67166005074977874756
8092474.02708429843187332153
7404887.98674356378614902496
6273178.58695017173886299133
6482428.04305704776197671890
9038594.51875293999910354614
9040715.62173432111740112305
5225864.06547741219401359558
6178156.23020945303142070770
6484550.91713967453688383102
5918415.15949382632970809937
5678707.92638953216373920441
5781121.21419000811874866486
9034839.53191238269209861755
5442350.34080383460968732834
5695191.85924440436065196991
6635378.79666326381266117096
7039563.15716406982392072678
5236113.56151794828474521637
6865964.85343627166002988815
5252015.41278066486120223999
6253969.05798657797276973724
11248834.06782227195799350739
7464946.07573977671563625336
9642018.63763302564620971680
6618026.98907496593892574310
6252509.12173540517687797546
6006320.75756978802382946014
6487404.40622930880635976791
7983984.27439073845744132996
6310703.43864092137664556503
6108045.91831105574965476990
5173234.43406609352678060532
7143377.63849384151399135590
7173793.96419000811874866486
10469764.36236920952796936035
7065071.64623240754008293152
9012412.18772989511489868164
7180841.14215059392154216766
6159275.01902106218039989471
5667777.23217934928834438324
8378240.59174261242151260376
7469602.65147760324180126190
8452799.86441681906580924988
6774419.77018324658274650574
6362302.80951516330242156982
9737797.55399328842759132385
6592546.02985606342554092407
8974825.90400310605764389038
6755502.11597315594553947449
5766389.73217934928834438324
9880132.40673520043492317200
7269681.43639714363962411880
8474582.55399328842759132385
6404842.37281139381229877472
5199149.81547741219401359558
5458243.47847320325672626495
5421415.40808278415352106094
7895031.90825497545301914215
6404908.19394963420927524567
5593562.06763452105224132538
9809029.32965983822941780090
7767875.11361248698085546494
5817383.45182337798178195953
5972091.92028350569307804108
8616708.79114718176424503326
8368044.14531277958303689957
7520867.53191238269209861755
7029105.97317475825548171997
7106393.53191238269209861755
5700935.40440862998366355896
7369011.64701745845377445221
7664487.30219828058034181595
6821675.16520587634295225143
9443894.34239404276013374329
9668701.39546311646699905396
7918158.78173520043492317200
4960210.04503594152629375458
7888775.27636277023702859879
6107071.41520587634295225143
7434760.57573977671563625336
8135781.94302943628281354904
8209611.28844740521162748337
7894110.32139398995786905289
5691577.83926974050700664520
6853602.03363273665308952332
7153899.16482991911470890045
5351840.65334865823388099670
7988257.23513324558734893799
8925122.15741512924432754517
7013642.40685489587485790253
10299808.43772989511489868164
9193936.39546311646699905396
5652445.89072682149708271027
8266984.34832312632352113724
8291859.06258220691233873367
9867876.45966460928320884705
8487831.38494062982499599457
5232772.58695017173886299133
8286274.56837932392954826355
6497833.68144408334046602249
5161078.89516647253185510635
5428478.60931321792304515839
7337758.53173520043492317200
5416709.34399912506341934204
5806334.48217424377799034119
7425492.86210065707564353943
5655123.03927790839225053787
4936911.73478044755756855011
8523081.63964204117655754089
6030140.43028428032994270325
8285145.13763302471488714218
5587937.78953638114035129547
6523531.88065790105611085892
6008106.16482991911470890045
6257796.47621644474565982819
5794161.13665394857525825500
5611022.06763452105224132538
9724988.16520587727427482605
9314421.42299568280577659607
7115570.75706287194043397903
5524617.27296268101781606674
9374530.31894963420927524567
6622971.57763632759451866150
7500854.63964204210788011551
6211007.46650995127856731415
5757901.50419833697378635406
9302712.68944080173969268799
5335711.27296268101781606674
5377291.70594457443803548813
7185982.65608447231352329254
8982174.49530602991580963135
6772160.50891573913395404816
6865621.77106322813779115677
5483986.07944733183830976486
11275976.53412553109228610992
9709969.04114718176424503326
7715718.43543623574078083038
6247222.70161976944655179977
10724584.56585282646119594574
6047611.07299892790615558624
6833624.23561716638505458832
6215271.33269410300999879837
8495258.35780667513608932495
8616452.23566993512213230133
6337352.93639714363962411880
6406754.56048051081597805023
6264756.42678841017186641693
6655523.15053329989314079285
6180738.67715963907539844513
6795184.30951516330242156982
7933492.18772989418357610703
8176010.58170049358159303665
6668594.29885073378682136536
5453653.00747050158679485321
9278496.91789292171597480774
5534172.12878489401191473007
5636388.01066579204052686691
8067579.56547741219401359558
7157254.56258220691233873367
5697781.89823658578097820282
6387244.15754103008657693863
7714934.34685992635786533356
7061174.06547741219401359558
8707407.40673520043492317200
5614670.25229554064571857452
5624304.10561476927250623703
4877826.81180653627961874008
7015257.21277911588549613953
6762693.43995548784732818604
5613406.16482991911470890045
8622405.45966460928320884705
9609189.86236920952796936035
6556575.11210065707564353943
6526165.87991167046129703522
5809127.97812769562005996704
5616300.97916859667748212814
5849061.20219164621084928513
7152968.69394963420927524567
5236362.60945218708366155624
10603045.85837130621075630188
5546633.12878489401191473007
7668983.65741513017565011978
9937390.63763302564620971680
6912027.06499017030000686646
8230836.78544109035283327103
6533656.81407816987484693527
6122925.12999659776687622070
6633317.99442425463348627090
7951449.60342949256300926208
5980478.48217424377799034119
5740060.53639714419841766357
6976320.54619702138006687164
8449470.35343627259135246277
5918356.86334199551492929459
7932474.11970840953290462494
5434108.80729214940220117569
6035598.96796165220439434052
6007548.65716406982392072678
4732569.47847320232540369034
8538840.70079219713807106018
8892832.93675908446311950684
9485593.90002322010695934296
8664727.94008206017315387726
5856608.12173540517687797546
8084826.04648829251527786255
6113652.78424936905503273010
6091528.18174692336469888687
5851222.66474897507578134537
7024606.37991167046129703522
6564168.99755100347101688385
5071326.20083015412092208862
9059618.43772989511489868164
6809035.64701745845377445221
8442553.89546311646699905396
9832537.85837130621075630188
8419874.68277195468544960022
7388444.80182337760925292969
7673636.85780667513608932495
7220865.58468033745884895325
7662829.44008206017315387726
5108657.65334865823388099670
7271890.74673432111740112305
7058518.28844740521162748337
7393085.31890189275145530701
7001915.18566345144063234329
8767218.03787082806229591370
6444308.89293490257114171982
7535817.36269090604037046432
6837679.00434987433254718781
9564743.22579994797706604004
7185101.70200155302882194519
6226995.12052803952246904373
12101051.65727872774004936218
10193182.03412553109228610992
6958294.22621644474565982819
5927566.86335061304271221161
10536413.29477054439485073090
8076362.46455474011600017548
6225415.83926974050700664520
6585315.45497605763375759125
6604250.98907496593892574310
6598973.69915290921926498413
10179939.01715059392154216766
9797414.56585282646119594574
6532123.53363273665308952332
8274384.81168550159782171249
7395234.64531277958303689957
7141632.10869974829256534576
6880549.20669229887425899506
6302272.16269090585410594940
8498242.22579994797706604004
6492679.35699561703950166702
6251028.42908120807260274887
9730580.32925954647362232208
8078352.60837130621075630188
6693309.17958155274391174316
6161824.10334614943712949753
7114984.06837932392954826355
7564193.79114718176424503326
6776706.35157833527773618698
5783887.71862643677741289139
8496230.04114718176424503326
8277647.67674281168729066849
10171383.00765196979045867920
5786483.89072682149708271027
7027669.10780667513608932495
6978126.18144408334046602249
5800162.00620775576680898666
8575581.01049297302961349487
4981095.27929330058395862579
7175470.64197370223701000214
6965462.40816299244761466980
5885160.60945218708366155624
6048900.56972428690642118454
8768421.23308083415031433105
8851743.50765196979045867920
6797331.77203746978193521500
8351301.81894963420927524567
6125143.76715059392154216766
6533904.22543416731059551239
8241804.90869974810630083084
6410445.38494062982499599457
8340272.40002322010695934296
7502392.01049297302961349487
8295345.47096635773777961731
7622232.17919833678752183914
8681380.57925954647362232208
5771708.01213803980499505997
11071678.65727872774004936218
5020255.09296607133001089096
7897493.51875294093042612076
7256783.54732456710189580917
5710223.19257773738354444504
6943597.60342949256300926208
7289832.86970840953290462494
8789972.79477054439485073090
8266646.84981596469879150391
7101217.45377051550894975662
7994084.12173432111740112305
5821969.41713967453688383102
5532439.86885831318795681000
9284888.03316299244761466980
8133314.47579994797706604004
7359221.35343627166002988815
5439442.73041242919862270355
9641143.82512021437287330627
6729348.70759084913879632950
7604250.57604214921593666077
8348319.29567692428827285767
8797946.49530602991580963135
7597260.23566993512213230133
7339812.27929330058395862579
6566725.09466406982392072678
8185861.21455474011600017548
6070295.28977613430470228195
8790825.13763302564620971680
8197474.12351816706359386444
5772538.73020945303142070770
5260713.20083015412092208862
5445051.35433108080178499222
7055398.21305277105420827866
8315747.51715059392154216766
6420903.65147955436259508133
7519493.48386663291603326797
5903377.05317352060228586197
4935294.39630555082112550735
7292239.08468033745884895325
5063343.09296607133001089096
7215974.57766586262732744217
8616997.32604214921593666077
5975621.30869974754750728607
7807058.87335896585136651993
5497429.22487472556531429291
5142085.46659504435956478119
8438403.66520587727427482605
7922592.04133363906294107437
6412166.95377051550894975662
8322735.34239404276013374329
7731134.81719996593892574310
6648532.28424936905503273010
