57579733.03240960836410522461
50002942.03650249540805816650
43629338.38306005299091339111
144190431.35594946146011352539
50554256.49009533226490020752
173782179.67934685945510864258
78582627.22377723455429077148
101742329.92500743269920349121
77029722.05818539857864379883
61331620.32045418024063110352
99882669.89704805612564086914
73271555.40062204003334045410
67536967.93241724371910095215
91009439.31661039590835571289
62273949.15062204003334045410
98001574.27322623133659362793
105627918.17693197727203369141
54958912.08737098425626754761
53881298.51983897387981414795
92662849.68792408704757690430
76291717.43800228834152221680
103532567.89422601461410522461
70996091.07894617319107055664
157983787.80949589610099792480
62851068.08256442844867706299
102969260.77636963129043579102
77922157.73267132043838500977
118563934.54988501965999603271
73122762.60582727193832397461
51121556.39988501369953155518
53686159.71623976528644561768
74995058.32372130453586578369
276180645.35271769762039184570
77890576.86655531823635101318
72987660.67159748077392578125
93817084.70453751087188720703
83201025.75012394785881042480
76787535.43996569514274597168
215436853.62285250425338745117
79269908.03661081194877624512
74685924.00390273332595825195
59185228.57204804569482803345
58663266.17494955658912658691
121663083.93412844836711883545
78898591.27322623133659362793
75588867.55478335916996002197
70301278.43314011394977569580
117556722.77944126725196838379
90322030.22377723455429077148
75136525.42777432501316070557
92137858.81479725241661071777
48724995.99009533226490020752
95873478.22799412906169891357
75352916.78851814568042755127
66507911.41172712296247482300
67747200.21898034214973449707
91190571.29245917499065399170
70369597.90789231657981872559
72325436.67474590241909027100
72399429.22634480893611907959
101576516.96936503052711486816
89182067.42038315534591674805
74422061.50363780558109283447
87044709.40968213975429534912
60149830.52305397391319274902
66274127.47005910426378250122
61127572.56333030015230178833
48278264.77259290218353271484
49981498.73267132043838500977
65542123.64735403656959533691
86052506.71289311349391937256
102888351.38002373278141021729
69736378.22932989895343780518
90969997.56655168533325195312
189754659.52143967151641845703
78297117.43662972748279571533
63873851.65270394086837768555
102990911.77483078837394714355
49101863.05855348706245422363
68219308.38048231601715087891
94499755.85035893321037292480
47157178.39188682287931442261
105597172.50072929263114929199
67670774.05825597047805786133
66959274.59610793739557266235
89566481.77345155179500579834
209207685.98053967952728271484
87631341.12514075636863708496
195485932.65871179103851318359
115782919.67693197727203369141
47561530.38306005299091339111
72943351.90256652235984802246
55816129.93306832015514373779
46559395.04014962911605834961
52694594.18666901439428329468
72582859.10232466459274291992
65830308.42777432501316070557
69672458.58884918689727783203
110024353.88299492001533508301
49234021.76814161986112594604
128298363.37339268624782562256
57044805.16603115200996398926
74655885.76378087699413299561
182914542.60725012421607971191
71278688.12669833004474639893
147314278.99565082788467407227
75903101.76714877784252166748
156074949.01195251941680908203
70257902.14755561947822570801
131603449.90840992331504821777
80029607.36100548505783081055
94634714.01257903873920440674
80431608.92038315534591674805
57373359.77360244840383529663
54350445.17007103562355041504
86031413.01621600985527038574
75993651.49832151830196380615
57047738.35497352480888366699
56141848.25417038053274154663
57289064.56732927262783050537
55746369.52783975005149841309
72302307.87621472775936126709
57968325.35575025528669357300
128718856.09914064407348632812
63530726.24128221720457077026
80053144.11702105402946472168
102989486.21630799770355224609
58856506.88564699888229370117
111877519.39422601461410522461
55267266.40314148366451263428
69741174.86440315842628479004
58533294.77305397391319274902
79652552.42220297455787658691
101602442.59179982542991638184
52674229.62373472750186920166
89867291.26189815998077392578
107376884.00102663040161132812
84104652.86440315842628479004
71712686.53661081194877624512
58734325.84994432330131530762
82893355.34470307826995849609
52953586.81902828067541122437
78408981.28443212807178497314
98879466.42021963000297546387
61215760.86632172018289566040
55838504.70197278261184692383
70042149.01649387180805206299
122308117.30581140518188476562
60564347.58924591541290283203
65220700.02391271293163299561
81435807.99463380873203277588
129458706.32266752421855926514
52853061.55766728520393371582
209227290.56459316611289978027
160961329.16622129082679748535
77678900.01649387180805206299
59524317.56466237455606460571
85140793.55600062012672424316
106935595.19309228658676147461
88202411.70782811939716339111
47430166.70142001658678054810
48571577.67972049117088317871
75746739.24128222465515136719
45556333.35486749559640884399
83481013.02227950096130371094
62153513.80816130340099334717
129388774.37807774543762207031
55913603.18156529217958450317
50844586.73267132043838500977
60419800.62669833004474639893
55883621.81372752785682678223
84213567.12978577613830566406
59872220.79244416952133178711
108411337.80341216921806335449
86632692.70788326859474182129
188225353.91109728813171386719
54916169.92717882990837097168
179905500.35986274480819702148
78088354.59256823360919952393
63582569.74052762985229492188
95157747.03967794775962829590
58532182.90170608460903167725
118330516.30567032098770141602
45658043.93291371315717697144
67365322.18734781444072723389
58491876.62579251080751419067
86114318.84591236710548400879
77128970.62411908805370330811
140328499.25705462694168090820
77588888.43241724371910095215
138645440.24857258796691894531
88615396.31438858807086944580
93387762.75076755881309509277
61028449.86440316587686538696
54521695.31882646679878234863
80477035.67562255263328552246
173883524.56730222702026367188
133136101.82994124293327331543
79740022.07003596425056457520
189473376.29446235299110412598
54098531.45142001658678054810
65104493.16710934042930603027
69294166.47523711621761322021
83917083.66137097775936126709
210729437.81069830060005187988
168180290.88028416037559509277
129509475.94414909183979034424
54459005.42191506177186965942
56535707.32357259839773178101
59197714.08737098425626754761
59606576.01378087699413299561
74502876.52483078837394714355
73708321.12396785616874694824
92245623.01632171869277954102
92901705.23484584689140319824
60652869.29244416952133178711
44344118.53887971490621566772
91713725.28150114417076110840
68088374.83051788806915283203
86794153.55673664808273315430
63094256.61962391436100006104
76970132.07258115708827972412
142230914.26174551248550415039
280921389.68176263570785522461
89717903.41179256141185760498
48855762.23683720827102661133
94997937.08922876417636871338
69703527.43800228834152221680
67783057.02886867523193359375
143831594.04106122255325317383
116458830.24238434433937072754
123036407.67693197727203369141
98616122.84383012354373931885
60791477.09968762099742889404
163176501.02053061127662658691
56442759.52305072546005249023
108788894.00102663040161132812
193504481.42204642295837402344
63422261.59584610164165496826
116948032.48940308392047882080
110739455.21079902350902557373
70902239.42513316869735717773
195605175.30015832185745239258
69547257.57633619010448455811
80621969.21936503052711486816
55996614.61963380873203277588
64702006.26378087699413299561
54866872.75417038053274154663
71588238.70141758024692535400
58234061.23290258646011352539
100424044.14107069373130798340
91737614.96552467346191406250
102007362.42232069373130798340
59542258.78240960836410522461
81392261.23132903873920440674
88071459.96614828705787658691
100059451.53280331194400787354
56259476.03368771076202392578
83393238.07372130453586578369
126226177.06492058932781219482
72974460.83349195122718811035
74336977.16137097775936126709
79714960.35872456431388854980
101207262.27345155179500579834
91332626.78338629007339477539
53493540.63683720678091049194
124811102.02182683348655700684
53697529.54461438208818435669
59251742.43466672301292419434
235892868.33846649527549743652
85438522.81425167620182037354
53302534.09689927101135253906
69074041.61603525280952453613
90630005.71630799770355224609
82340651.43401890993118286133
75492767.52936139702796936035
85329779.71289311349391937256
83148386.22799412906169891357
240427034.27638918161392211914
64650067.41692252457141876221
52030976.28671433031558990479
71811622.17533405125141143799
65878681.23788377642631530762
63964339.81068528443574905396
60798557.18291371315717697144
44354123.03887971490621566772
49917800.21023824065923690796
70229974.08622568845748901367
51144867.35555122792720794678
58288734.07372130453586578369
65902547.68241723626852035522
66634525.01922602206468582153
79055032.46614828705787658691
64732744.23986025154590606689
74459670.53035992383956909180
76795141.20626175403594970703
67247500.41179256141185760498
149083283.69439175724983215332
82253218.39044389128684997559
51616273.19965441524982452393
86742237.67560319602489471436
55519728.23290258646011352539
307578666.49277496337890625000
68149546.76644162833690643311
61163530.80269835889339447021
100854870.79519398510456085205
53644603.01983897387981414795
95143653.96357494592666625977
51492569.08473498374223709106
53818991.96247477829456329346
59049272.81111999601125717163
106807915.03322198987007141113
76012921.41179256141185760498
63046567.28070740401744842529
50515256.91882646828889846802
62872026.15270394086837768555
63581544.98276233673095703125
123371383.54087565839290618896
86776401.38290366530418395996
78987977.50102663040161132812
67195014.39986896514892578125
55702881.35226875543594360352
91057620.32212132215499877930
60302445.19646392017602920532
98540622.77322623133659362793
76209973.27305072546005249023
166605082.38471356034278869629
73803256.12932741641998291016
57004506.45586356520652770996
50474630.29438009858131408691
49468823.49747807532548904419
59482084.12745505571365356445
77096845.08610245585441589355
48176469.42447212338447570801
108389169.38002373278141021729
57945425.61068614572286605835
92167124.94680663943290710449
116247618.39422601461410522461
116064002.77866791188716888428
88396629.54449367523193359375
81425864.81661039590835571289
63692525.94402828067541122437
121756955.43134061992168426514
57321519.52305072546005249023
53278624.59184613823890686035
97551705.75355295836925506592
83761432.42513316869735717773
88659197.79794821143150329590
52535659.83269782364368438721
76998120.61702105402946472168
107721911.24059879779815673828
64892844.91036961972713470459
89422237.90676200389862060547
83727255.93172655999660491943
87231202.06141480803489685059
138489149.36494797468185424805
74629837.29900364577770233154
178230484.22715303301811218262
76518059.59610792994499206543
100822620.23924782872200012207
92921419.00072929263114929199
102205948.50216370820999145508
123899735.98440827429294586182
64843005.23986025154590606689
79808499.26644162833690643311
64619639.92065083980560302734
87487964.75216370820999145508
72542716.92737397551536560059
53047138.35497352480888366699
92556947.03885123133659362793
65882936.41375569254159927368
68359466.01640164852142333984
115629388.63874121010303497314
80377481.69946998357772827148
77887532.41172713041305541992
103585394.61882646381855010986
80600071.50063481926918029785
169380332.73231810331344604492
76018681.59968762099742889404
61960679.92803363502025604248
78771028.01345387101173400879
67553344.57803487777709960938
54024772.05272272974252700806
54272459.90768408030271530151
73674599.23230743408203125000
89804819.30503882467746734619
110376985.99447998404502868652
75002027.20788326859474182129
78654209.11603525280952453613
66571152.24128221720457077026
59415093.62354670464992523193
147714251.86803781986236572266
60571925.33697114139795303345
55421913.72438891232013702393
85491820.12396785616874694824
81729444.22827294468879699707
55512839.54464550316333770752
82135360.46110245585441589355
60192073.20141758024692535400
230450849.29233247041702270508
109676542.87044888734817504883
71617901.90487167239189147949
142096198.66014382243156433105
97117841.17693197727203369141
66210626.17624408751726150513
113128308.96552467346191406250
98987248.91172713041305541992
85335287.43408995866775512695
57675294.80076755583286285400
65335803.49610206484794616699
54076340.38306005299091339111
68881320.67924571037292480469
60930562.21025730669498443604
143071525.41160628199577331543
93127199.46157118678092956543
106088284.96461486816406250000
80408567.72194451093673706055
86934928.77322623133659362793
98032206.67560319602489471436
63147166.59610793739557266235
120940058.93372157216072082520
60550036.85606975108385086060
62851328.67533405125141143799
56302999.33610252290964126587
104553317.97813481092453002930
186582641.09413233399391174316
53819831.97137288004159927368
81289000.26473033428192138672
71969816.84080517292022705078
52897322.81289625912904739380
235959729.69744408130645751953
62025478.59470029175281524658
53728598.68517640233039855957
223968199.77355486154556274414
108980602.23526176810264587402
45665313.58306005597114562988
57507232.80029402673244476318
71888071.91983671486377716064
113643164.69816780090332031250
164537238.56400683522224426270
51434674.70278520882129669189
64569013.68734781444072723389
71639048.07003596425056457520
87002469.09523147344589233398
73842995.03777894377708435059
86188552.08157148957252502441
168507405.59041991829872131348
63861087.88473498076200485229
66863799.76714877784252166748
58706934.52391271293163299561
278349561.49025177955627441406
86125940.70657148957252502441
130354546.73994797468185424805
87731687.74238434433937072754
50212045.95581419020891189575
114350359.73207049071788787842
90440780.80503882467746734619
59740685.00246540457010269165
156314104.19266688823699951172
77722937.38048231601715087891
153975261.68566104769706726074
60278404.84267787635326385498
61217090.95894069969654083252
81338340.71883012354373931885
71526867.71025730669498443604
56928375.76800005137920379639
66057663.52483079582452774048
132854403.91565623879432678223
58477109.21025730669498443604
59617693.53368771076202392578
108364692.67693197727203369141
137357995.85850095748901367188
86533604.10570552945137023926
49522672.46214314550161361694
61395324.81479724496603012085
120371083.24238434433937072754
51364974.60755583643913269043
133066161.71311911940574645996
56375857.31933881342411041260
59216240.04483239352703094482
71892792.69946998357772827148
100354625.68971739709377288818
77456485.68316054344177246094
151231165.12131422758102416992
87004878.47424170374870300293
80245546.97253954410552978516
173046652.01731956005096435547
44292517.49283620715141296387
96576736.48094692826271057129
92109831.22827294468879699707
68759262.40753109753131866455
52877027.98699461668729782104
45371565.60486749559640884399
53833468.83724850416183471680
54012034.57633619010448455811
63205426.95613683760166168213
153109467.33068528771400451660
207230722.46523201465606689453
64602645.26141481846570968628
76572031.79412171244621276855
147743360.00145858526229858398
94237908.94011820852756500244
52608035.24675810337066650391
63183544.17474590241909027100
147901576.78410089015960693359
55878810.12917038798332214355
116670247.15607529878616333008
81302999.18792408704757690430
54135809.36863944679498672485
64742695.91983671486377716064
48559369.40768408030271530151
55622035.54769616574048995972
68825417.81512081623077392578
121190797.63636973500251770020
103825484.00493080914020538330
94608024.42985148727893829346
58299850.70076756179332733154
77449607.59167410433292388916
49261466.15628296136856079102
158397345.35329639911651611328
54366941.59279163181781768799
71862980.11945188045501708984
58191383.86002790182828903198
190820460.07035464048385620117
169851337.99994680285453796387
132499239.63077190518379211426
167436386.34011161327362060547
136864360.57134479284286499023
242685559.64136475324630737305
72724058.71936503052711486816
60372479.84485869854688644409
55305603.08595414459705352783
67719503.17058183252811431885
79197056.80039756000041961670
50727675.35375387966632843018
192312871.53985035419464111328
71193837.59470030665397644043
100234203.78890666365623474121
149508705.04948163032531738281
47319428.25071993470191955566
54265680.25816085934638977051
67877870.96655169129371643066
48140009.26632171869277954102
55642185.42555913329124450684
56814842.88776326179504394531
95890412.50568112730979919434
59818516.25390272587537765503
89389883.09691783785820007324
62775713.90789232403039932251
279707309.88367265462875366211
48554267.33165484666824340820
61191396.21868991106748580933
132616797.01823161542415618896
72525631.44402828812599182129
88626348.86046519875526428223
113447553.87265494465827941895
135776450.52803361415863037109
86415523.69774195551872253418
59738123.82457049936056137085
86296674.28449589014053344727
89104080.09691783785820007324
74371919.04449367523193359375
100660966.74268960952758789062
57804509.71371468156576156616
58295241.22053542733192443848
76390557.67135071754455566406
85345629.93849349021911621094
58693384.35850036144256591797
140636943.50710475444793701172
64861302.98082727193832397461
52121812.18666901439428329468
137527037.94398713111877441406
51624701.82798415422439575195
139099562.96262359619140625000
63591485.40256652235984802246
96346793.73202744126319885254
78295457.27690772712230682373
73017724.13504748046398162842
84208999.25790366530418395996
97712868.01257903873920440674
64977081.72775894403457641602
59247713.82669833302497863770
85548692.31463667750358581543
214880408.67690408229827880859
45587926.91738660633563995361
91198547.72827294468879699707
60794393.35628296434879302979
62150395.43172655999660491943
56930784.58009143918752670288
49911341.99283620715141296387
65888895.75607720762491226196
60212683.57380679994821548462
65439795.74370295554399490356
61571381.86994414031505584717
157060064.60568004846572875977
69381679.27042053639888763428
52594877.50816085934638977051
88171993.46357494592666625977
78160362.58898735046386718750
169256118.53410923480987548828
57133471.02783975005149841309
272833072.03364628553390502930
196579894.42367491126060485840
58275752.47129754722118377686
69146976.37110206484794616699
61614729.50525969266891479492
395934886.10084939002990722656
183043881.85085269808769226074
93427738.27483078837394714355
69838219.67589071393013000488
113496065.94015765190124511719
57714631.16983671486377716064
109492500.48256443440914154053
77133435.26473033428192138672
68496977.52748243510723114014
167429580.70534479618072509766
107192072.60985153913497924805
57884718.09056849777698516846
70156713.88671460747718811035
57724851.14761359989643096924
141325146.86602473258972167969
48879764.79368549585342407227
60550179.47634480893611907959
49747352.37348296493291854858
71618630.46782922744750976562
73208152.17192636430263519287
67862606.36345313489437103271
90609791.72194451093673706055
124734486.18247398734092712402
96197889.54474440217018127441
106494555.75748167932033538818
88220856.30039756000041961670
57245512.67030446976423263550
228245681.50242555141448974609
78960450.26141482591629028320
162463344.06548047065734863281
61373194.74491723626852035522
125025609.24585685133934020996
53174017.20278520882129669189
95340789.10544545948505401611
96700050.28967794775962829590
88508365.06682500243186950684
61837013.86967448890209197998
60336025.80941323190927505493
78088954.09691783785820007324
329599921.13523030281066894531
72782387.09279163181781768799
84590008.46157118678092956543
53645491.99155532568693161011
88421147.36081576347351074219
70430929.82072082161903381348
53169040.38776326179504394531
85576736.34470307826995849609
103485196.34989911317825317383
214083028.42628598213195800781
86747957.36081576347351074219
80921384.90487167239189147949
61390056.83884917944669723511
97660439.47634480893611907959
396705765.37131190299987792969
81581065.91273711621761322021
287223030.87424969673156738281
112822452.56777870655059814453
55589151.00922404974699020386
81069116.81305383145809173584
86551448.47424170374870300293
117629014.15691846609115600586
115177841.38585534691810607910
62920290.42737397551536560059
78323320.74222457408905029297
81811764.67058183252811431885
217784436.20608296990394592285
71885695.38473498821258544922
97780938.39688026905059814453
116492109.72538946568965911865
58490246.89986896514892578125
169281106.20133620500564575195
90035996.79519398510456085205
80877898.30503882467746734619
70656590.79507103562355041504
73649240.38803896307945251465
68497752.97775894403457641602
44046368.85486749559640884399
114440628.26328346133232116699
82659737.85807755589485168457
66130530.17192636430263519287
51861320.76662833988666534424
98290739.97634480893611907959
57131359.96492574363946914673
75094260.50063481926918029785
108863476.39547300338745117188
70829797.65478335320949554443
60735387.36967448890209197998
78298041.13248458504676818848
105670324.52690772712230682373
63102604.91342477500438690186
49091653.72677618265151977539
56986252.19934704899787902832
115129058.26328346133232116699
109080753.91069445013999938965
79387598.07292734086513519287
57199279.45363272726535797119
57022912.84584610164165496826
99169900.71630799770355224609
44832451.90626066923141479492
60502042.26714877784252166748
65624447.41036961972713470459
65049588.97070544958114624023
51986124.75701183080673217773
104206417.00866737961769104004
50093166.14891271293163299561
63091176.53268408030271530151
81527038.17159748077392578125
60787837.29507103562355041504
67669523.17586541175842285156
133435895.11347329616546630859
82736937.97282214462757110596
85447377.02809509634971618652
60771065.77042053639888763428
64524938.50390272587537765503
101470916.02502553164958953857
120967436.23805557191371917725
91424603.87185296416282653809
116030618.19678646326065063477
94249280.18558326363563537598
77368352.30941322445869445801
110590429.07553747296333312988
130843423.78602294623851776123
88681330.97634480893611907959
51825787.58924591541290283203
60471011.22053542733192443848
48561254.10592623800039291382
59024642.58924591541290283203
52924453.78327584266662597656
60418448.89799570292234420776
81586560.07803487777709960938
109509026.24238434433937072754
91911505.20330731570720672607
56301572.19346044957637786865
86047258.96110245585441589355
45475779.60486749559640884399
47765849.50626067072153091431
170456742.20253926515579223633
78952019.47523711621761322021
185610076.47532048821449279785
91982406.62824356555938720703
50909928.89638890326023101807
86998279.31512081623077392578
57034677.49155532568693161011
70475777.49073693156242370605
59930567.75736516714096069336
69817739.60755583643913269043
74702513.38290366530418395996
87884411.76219946146011352539
67105144.69292767345905303955
92637189.25828288495540618896
43965995.89065590500831604004
115711975.36621659994125366211
83142535.03051161766052246094
57530172.98468251526355743408
58946399.26345386356115341187
118976631.74238434433937072754
58439751.74283619970083236694
64191318.31522195041179656982
63793620.20534722506999969482
72164606.03048612177371978760
52889437.68256442993879318237
63122325.50934454053640365601
156695748.25076755881309509277
60862258.23652698099613189697
116363026.89422601461410522461
71604949.68710449337959289551
61730775.15545466542243957520
63691735.81171216070652008057
158414744.13256046175956726074
69991584.59256823360919952393
109459719.77474422752857208252
66017148.52206617593765258789
74835111.09584610164165496826
65159240.17100036144256591797
128470381.23395244777202606201
123068502.73484778404235839844
61148317.97282214462757110596
54715514.62248086184263229370
63636847.31693153083324432373
74585743.95782811939716339111
125139108.37789234519004821777
55773510.43306832015514373779
89012507.68792408704757690430
138029970.89965504407882690430
86437835.60570552945137023926
52852114.39988501369953155518
83617087.16137097775936126709
95507651.00568112730979919434
96994447.61122587323188781738
86372208.67135071754455566406
113399481.40601563453674316406
100768250.75633145868778228760
81966719.88671460747718811035
116170325.12218455970287322998
68637287.85872456431388854980
73739506.24920898675918579102
65152103.86002790182828903198
54568856.60755583643913269043
140936502.84704357385635375977
48437733.50607720762491226196
67968142.32880632579326629639
55550580.89182555675506591797
103059784.76328346133232116699
45347365.06902828067541122437
64100123.87621472775936126709
130407871.57815912365913391113
122903197.74825945496559143066
70740717.25790366530418395996
119081336.24238434433937072754
114160595.96137472987174987793
144497153.01768630743026733398
62189718.86200124770402908325
74791186.55818539857864379883
166857742.34283503890037536621
50130727.29021337628364562988
61871376.85998041182756423950
137932377.55400016903877258301
67163076.06097224354743957520
243491401.21502938866615295410
63946002.60582727193832397461
69609232.92220297455787658691
74322524.69774195551872253418
81489289.01640164852142333984
68944493.77690772712230682373
68454192.65740960836410522461
71882701.92880633473396301270
92349747.12827295064926147461
98642190.13961629569530487061
65030846.97253954410552978516
56963701.64146454632282257080
55074224.33128368109464645386
89399501.47253954410552978516
63274670.33801737427711486816
106181942.93513646721839904785
106016979.40889123082160949707
47622420.02814148366451263428
54658392.87861758470535278320
58562792.35432989150285720825
76952270.74442610144615173340
156334799.38571867346763610840
68849409.30269835889339447021
103830763.58454805612564086914
182164440.95693567395210266113
59150013.52713186293840408325
50905752.81289625912904739380
131976877.69547298550605773926
165421938.76114946603775024414
47751360.77259290218353271484
61079994.68488892167806625366
67706327.07204803824424743652
211928425.67353439331054687500
58703717.25736516714096069336
51858458.09184613823890686035
103401909.87265494465827941895
177976374.52993836998939514160
102753591.46632826328277587891
89191978.47253954410552978516
62317030.20710474252700805664
83078654.72294962406158447266
85570480.08922876417636871338
165291246.28569445013999938965
105760491.53270858526229858398
51654145.67647188156843185425
76279247.01068527996540069580
109210413.57894033193588256836
77345077.60570552945137023926
60603873.65314148366451263428
72133531.23688861727714538574
70075689.50503882765769958496
67480650.94292767345905303955
144849974.36772611737251281738
109251000.47377723455429077148
62134521.88306005299091339111
151590819.71636399626731872559
61282285.67159748077392578125
61956599.24491723626852035522
54459772.48182433098554611206
57053400.87797884643077850342
52163837.39797002077102661133
71666332.78851814568042755127
82525229.32372130453586578369
59966381.43314011394977569580
65928122.00489665567874908447
62905076.49832151830196380615
83266597.81479725241661071777
65398755.46492574363946914673
54273373.68314011394977569580
107225962.39430558681488037109
68210312.66713838279247283936
86447330.53035992383956909180
81249548.50012394785881042480
61022522.60328064113855361938
74930560.10570552945137023926
94530431.09081502258777618408
136034538.49530985951423645020
93691352.53094501793384552002
57930674.37134480476379394531
79030262.59523147344589233398
60176435.15974474698305130005
72510748.11423391103744506836
60047733.27206617593765258789
58172372.87797884643077850342
76768341.60755583643913269043
92401455.28967794775962829590
71858606.85459075868129730225
70514554.15314148366451263428
108501003.16755200922489166260
88710646.13002374768257141113
56188969.25607720762491226196
93477095.55711056292057037354
60635945.02611204236745834351
82812851.19946998357772827148
74375381.25790366530418395996
71218929.97282214462757110596
82068171.44680663943290710449
87113784.67135071754455566406
108070960.75748167932033538818
91723655.39688026905059814453
78268168.96141105890274047852
206710560.47374075651168823242
69269719.97634480893611907959
59503864.37621472775936126709
73715337.81463667750358581543
89911196.01068527996540069580
60512127.27483079582452774048
84222913.68838533759117126465
69928335.07372130453586578369
48349472.21214314550161361694
60133624.00125970691442489624
59808237.99723999202251434326
54080975.88776326179504394531
223725439.19186079502105712891
70409596.50111749768257141113
126679791.08982044458389282227
128850857.93676161766052246094
67764357.71883012354373931885
51235833.95581419020891189575
114152384.55078247189521789551
75830125.69761168956756591797
70998519.90102663636207580566
120706363.65023742616176605225
113124665.33837215602397918701
107709023.50102663040161132812
89886840.20102663338184356689
53276621.13803955167531967163
85430577.14504548907279968262
76784666.79988501965999603271
76273332.79638889431953430176
81089319.00111749768257141113
73768252.81425167620182037354
69240447.28443212807178497314
55107090.82204804569482803345
135145480.85773223638534545898
57229907.55485148727893829346
85439342.82367867231369018555
114025687.40789233148097991943
68890733.01882646977901458740
78531750.96655169129371643066
91583284.78569445013999938965
73999192.03051161766052246094
64837208.78070740401744842529
52830389.63753673434257507324
112007817.38002373278141021729
76346297.90170608460903167725
47015131.79998165369033813477
69743006.90551161766052246094
53694996.20142001658678054810
149639769.47611311078071594238
148899593.00034430623054504395
186348826.83160859346389770508
159937966.27853524684906005859
161159750.43513646721839904785
120854940.72827294468879699707
61887021.35850036144256591797
92937605.18792408704757690430
62722691.75723516196012496948
82338332.18710449337959289551
71666088.02227950096130371094
65513165.55818540602922439575
103792294.96461486816406250000
52291026.06141481548547744751
141992807.01091343164443969727
87443567.31438858807086944580
117405444.17693197727203369141
85695990.55540788173675537109
44677380.70313033461570739746
121711788.92566046118736267090
220620892.10436323285102844238
98255841.32923403382301330566
99144909.72234615683555603027
55119950.95529815554618835449
81078436.72305396199226379395
65959365.80269835889339447021
79944474.26189815998077392578
54872866.74009533226490020752
72779316.67474590241909027100
94244076.82648225128650665283
73571297.30816130340099334717
57804073.02669833600521087646
310164147.28199690580368041992
67652093.17562255263328552246
74331720.48788377642631530762
61181289.70141758024692535400
67983113.05600062012672424316
72634750.87824356555938720703
76604919.58256442844867706299
91368630.81818112730979919434
77284048.83367128670215606689
197751111.92272451519966125488
141415058.82761371135711669922
83444903.05711056292057037354
96732229.27345155179500579834
68995234.35850036144256591797
53845144.44271970540285110474
123692187.12120419740676879883
104179202.93513646721839904785
65620672.59968762099742889404
82190960.98623903095722198486
83163188.42880633473396301270
53688369.03650249540805816650
65893411.27305397391319274902
149430147.00101384520530700684
79524341.40102663636207580566
67811132.83367128670215606689
59403566.52125742286443710327
82586353.10232466459274291992
48312042.22677618265151977539
58409206.81522195041179656982
55318212.60582726448774337769
106372142.43206822872161865234
54717637.70779756456613540649
58659545.96256658434867858887
60423787.32072082161903381348
133438173.83175131678581237793
55332194.81693153083324432373
65182132.53368771076202392578
55061962.39065590500831604004
189489289.04490274190902709961
45374870.46462523937225341797
138461395.25865483283996582031
60277308.50489665567874908447
63675797.91882323473691940308
73131673.93849349021911621094
54531494.19331374764442443848
93766170.52227950096130371094
106965610.02756175398826599121
93052534.91036961972713470459
60049249.49610206484794616699
54460201.65213186293840408325
72268793.48082727193832397461
56932659.09900249540805816650
86739312.80039756000041961670
55978324.21580516546964645386
65459671.45005296170711517334
70225427.25014075636863708496
100072148.14107069373130798340
92497513.29519398510456085205
170644580.30485892295837402344
60790910.42256209999322891235
67755155.16603115200996398926
59834940.84141256660223007202
178147422.11474815011024475098
113477250.35248817503452301025
106640555.86467164754867553711
64370877.88068112730979919434
270633801.17244195938110351562
77798847.76219946146011352539
78591450.96883012354373931885
49663034.56732927262783050537
80022940.54449367523193359375
64792271.85459075868129730225
99394131.62745505571365356445
143674230.25047585368156433105
232323557.56687581539154052734
88417193.79794821143150329590
81955901.07894617319107055664
63595922.54523956030607223511
84268497.70788326859474182129
219062235.20200526714324951172
215509921.05342641472816467285
71119326.93710449337959289551
101368194.73934896290302276611
51983253.59689927101135253906
91466316.07268230617046356201
81741998.03661081194877624512
66567827.29988501965999603271
98667073.84244914352893829346
85270183.15283516049385070801
56677072.45534722506999969482
93526351.81479725241661071777
57892424.80788326263427734375
65538252.17474590241909027100
56599358.86012711375951766968
98488447.97634480893611907959
55556204.00063481926918029785
106750587.30124408006668090820
65985410.92856481671333312988
53331327.15213186293840408325
158091425.35015890002250671387
71416722.16131748259067535400
47727679.71462523937225341797
71826041.39044389128684997559
87503041.58737099170684814453
44163640.70626067370176315308
146274881.40756601095199584961
52411871.44193153083324432373
74752692.26091341674327850342
149040152.26577907800674438477
46875714.75701183080673217773
58856820.45894069969654083252
94295296.45754233002662658691
54143670.97227960824966430664
62981314.92987947165966033936
42798601.20313033461570739746
114975029.74825945496559143066
63116304.14735403656959533691
64487844.55478335916996002197
79862453.32880632579326629639
53752735.49747807532548904419
55195261.68156529217958450317
106972386.84806367754936218262
154141902.69797003269195556641
146568178.98518139123916625977
63432899.61423391848802566528
66288258.47837882488965988159
99426863.75723516941070556641
180286189.85354137420654296875
61821884.00125970691442489624
84141278.71110245585441589355
56213673.49073692411184310913
67641140.61702105402946472168
114129070.76328346133232116699
62886484.37061282992362976074
77454191.47775894403457641602
65013495.77305072546005249023
135014625.52170550823211669922
66759916.73267132043838500977
68576564.59256823360919952393
64673958.76966080069541931152
57340842.54769616574048995972
121302579.74238434433937072754
62263650.71122568845748901367
91378534.62827295064926147461
79750299.77936139702796936035
55532850.32880632579326629639
77194032.33737099170684814453
100077630.17560319602489471436
54111579.57380679994821548462
77827197.28777956962585449219
97003650.42803642153739929199
64468660.60872456431388854980
76226100.79638889431953430176
62027273.28429755568504333496
240147744.24976122379302978516
71534322.55600062012672424316
52845163.71492574363946914673
86682615.13248458504676818848
63339614.12150773406028747559
75675009.93408995866775512695
62329812.61945188045501708984
49895630.35375387966632843018
90194787.26189815998077392578
82738485.17803642153739929199
53789676.77254168689250946045
78932490.86081576347351074219
108272136.41036961972713470459
70247489.34313854575157165527
80007748.95005296170711517334
63966248.03035991638898849487
128778016.74809345602989196777
57356936.78408958762884140015
84474728.29519398510456085205
47172780.78306005895137786865
110349763.82455898821353912354
72477901.16710934042930603027
50447958.37446422874927520752
85069566.93172655999660491943
45960816.56463668495416641235
70554437.06333029270172119141
62925352.41467794775962829590
73822819.58157148957252502441
60546106.05855348706245422363
58695031.88535658270120620728
50213027.69965441524982452393
161076566.40348768234252929688
132607034.38393652439117431641
102246127.50524163246154785156
83226720.88803896307945251465
78159870.90551161766052246094
62821605.67100036144256591797
91807347.12824356555938720703
60674768.30503882467746734619
74508992.70534722506999969482
52003881.18708720803260803223
63145584.32045418024063110352
69205522.44965441524982452393
79709177.17586541175842285156
99760750.64409609138965606689
54822150.68291371315717697144
69117868.65151819586753845215
80478959.00503882765769958496
113929281.14772191643714904785
106734817.67769835889339447021
78338396.20330731570720672607
60555222.90753109753131866455
212997813.04477944970130920410
53236739.35432989150285720825
95281908.04107612371444702148
163042434.58244729042053222656
46265098.52814148366451263428
56448615.88248459249734878540
90926921.30732256174087524414
68296216.68488892912864685059
87072495.89044389128684997559
79115048.70102663338184356689
57903976.39825391769409179688
85781853.42021963000297546387
57716039.72634480893611907959
73789985.27886867523193359375
52445179.85226875543594360352
68710871.53051161766052246094
72944849.49463380873203277588
115576194.62064011394977569580
74453019.17474590241909027100
81219772.03094501793384552002
118746842.76473033428192138672
102956680.27483078837394714355
62801242.76358450949192047119
71906602.50934454798698425293
272187248.77128982543945312500
78197338.55825597047805786133
143013517.88236516714096069336
107997403.32553747296333312988
64349040.36002790182828903198
116565958.83556830883026123047
48788729.67972049117088317871
153306332.35983240604400634766
58866290.65573406964540481567
94920389.91825169324874877930
69956583.50102663040161132812
59206928.40789232403039932251
99223960.71277460455894470215
56779726.55661283433437347412
105544183.77345155179500579834
65783072.54903183877468109131
59830868.86519069969654083252
215037649.78034874796867370605
80197426.62827295064926147461
51459915.58876018971204757690
75460848.25723516941070556641
73584012.71371468901634216309
63194004.85420598089694976807
81196992.77886867523193359375
72272835.95109879970550537109
112620697.38002373278141021729
97589630.63002374768257141113
56092564.33128368109464645386
124551060.72440403699874877930
160224782.58268526196479797363
107918254.67693197727203369141
105917279.06950183212757110596
58255721.51276326179504394531
80113862.22039231657981872559
58285146.80816130340099334717
54656615.30237397551536560059
99117468.95999394357204437256
74890984.21289311349391937256
159101035.54075354337692260742
97242816.86935628950595855713
85865204.76091341674327850342
163627304.05226987600326538086
57795489.46256658434867858887
53710600.55478335916996002197
64786715.29638890177011489868
116817134.12850335240364074707
52823709.11068614572286605835
63953065.90487166494131088257
110198860.83650337159633636475
67155902.08256442844867706299
67137816.01276326179504394531
138292072.17300185561180114746
60661354.84080516546964645386
64273267.30240703374147415161
120304829.19965505599975585938
170833863.16318556666374206543
58082436.34313854575157165527
58296381.31372752785682678223
70672850.85998040437698364258
68587107.36519069969654083252
74391010.91375568509101867676
62681678.56902828067541122437
117833200.36279401183128356934
113313070.78303748369216918945
49997802.71023824065923690796
67665061.12396785616874694824
119631230.52946068346500396729
78325177.03051161766052246094
102493576.38366737961769104004
78581179.12745505571365356445
63856193.97005910426378250122
75174828.89044389128684997559
78688682.00063481926918029785
60234543.62200824916362762451
45952528.46214314550161361694
79766660.58622568845748901367
59248287.25012394040822982788
54120687.63753673434257507324
52852407.43329500406980514526
113873968.54421120882034301758
91098974.17752037942409515381
83346958.85170990228652954102
64027635.16682528704404830933
137965439.27767214179039001465
51792774.83165484666824340820
56692406.88613664358854293823
89353880.46614828705787658691
195963168.56857341527938842773
83793493.66664892435073852539
99093680.51621600985527038574
72252069.41273711621761322021
54521058.87861758470535278320
90800745.22194451093673706055
55427017.81515766680240631104
116424887.93814739584922790527
151603643.39861768484115600586
52225523.16131748259067535400
83419925.48788377642631530762
111917624.04136228561401367188
88162361.25542685389518737793
308738549.18881958723068237305
57661993.61962391436100006104
78238076.88720209896564483643
87481457.01068527996540069580
86755856.98788377642631530762
103226991.11347329616546630859
75143287.41179256141185760498
96618681.76205898821353912354
72789318.02206617593765258789
65606689.12185297161340713501
99180825.80810829997062683105
136851172.58948880434036254883
71680225.89688026905059814453
77478097.65740960836410522461
104495457.91036961972713470459
54210977.64860244840383529663
69918016.56902828812599182129
93132026.17803642153739929199
55647698.03634114563465118408
67304606.57258115708827972412
249011345.03047585487365722656
80302024.29900364577770233154
61240862.01640164852142333984
65035583.83349195122718811035
79001967.22932989895343780518
140294682.33072316646575927734
48158514.85555122792720794678
60546078.65573406964540481567
80276407.46357494592666625977
84868239.49073693156242370605
146424389.47221076488494873047
68286048.51345387101173400879
60588486.45363272726535797119
58248378.55202324688434600830
68383940.00568112730979919434
107582163.15650114417076110840
160345987.20852744579315185547
111626332.70311117172241210938
58500923.00246540457010269165
61179751.73652698099613189697
108503381.50215980410575866699
50143637.39797002077102661133
93379599.44680663943290710449
79710109.46936503052711486816
94883019.78338629007339477539
81575062.57003596425056457520
118310224.51846981048583984375
57512302.86012711375951766968
59103951.44357439130544662476
79419659.78851814568042755127
128037460.47966894507408142090
112609168.39422601461410522461
119591421.05442485213279724121
59569144.15478335320949554443
89073108.62514075636863708496
78701541.60075661540031433105
145873807.81377226114273071289
53394745.53695324063301086426
100472660.79794821143150329590
70062539.78777956962585449219
59975785.71603411436080932617
189891668.80056297779083251953
46795389.79368549585342407227
78695092.50568112730979919434
94868471.67315378785133361816
69414230.00063481926918029785
95028575.70368614792823791504
50159611.29438009858131408691
50680440.80237397551536560059
79755713.79794821143150329590
72769649.21614828705787658691
52369696.66085701435804367065
119149242.66761009395122528076
49663877.93291371315717697144
54955975.03268408030271530151
98661447.52227950096130371094
60147308.02776890993118286133
82586308.17159748077392578125
94544689.17803642153739929199
110513881.30757501721382141113
97338650.00568112730979919434
53407570.69193153083324432373
66240931.84806367754936218262
63552940.57894616574048995972
55893120.60023712366819381714
175968841.06526914238929748535
118967129.39357294142246246338
63022363.43206823617219924927
149018258.03073632717132568359
146685882.89144694805145263672
271814084.15779179334640502930
104333174.45268961787223815918
113194314.34440593421459197998
72135879.17058183252811431885
72910279.79483671486377716064
52534948.70268961787223815918
66628971.71381565183401107788
163152209.14948391914367675781
75308556.98623903095722198486
51418752.02305072546005249023
47422789.71462523937225341797
54981851.28408958762884140015
53424705.82669833302497863770
75628947.36002790927886962891
123275209.74825945496559143066
74712533.46110245585441589355
77984345.25014075636863708496
58044151.31333030015230178833
65651028.82511871308088302612
99854977.11544448137283325195
71878278.71868991851806640625
50166823.39065590500831604004
46984310.25071993470191955566
77964418.66713838279247283936
75469153.02483078837394714355
73706608.62978577613830566406
108179647.57634881138801574707
152885925.46461498737335205078
84029285.95672601461410522461
120909187.72881725430488586426
75310196.55673664808273315430
81075234.12411908805370330811
196570111.41914311051368713379
61702089.96918867528438568115
109226133.56141480803489685059
52409776.73267132043838500977
55503467.69934704899787902832
46405328.47677618265151977539
313516790.84127271175384521484
215035993.26538041234016418457
71668999.88290366530418395996
70920112.35628296434879302979
96054039.42021963000297546387
81538299.46782922744750976562
79265545.10755583643913269043
50783622.22555913776159286499
162866535.16761863231658935547
91433014.01215441524982452393
71206389.27936139702796936035
49722341.69638890027999877930
98013691.01257903873920440674
88340109.57703629136085510254
75767067.18734781444072723389
72726789.66710934042930603027
58053548.60920456796884536743
185691220.41312256455421447754
54062040.57072082161903381348
71093447.57571767270565032959
94474497.76581285893917083740
77684686.83051788806915283203
53401180.62579251825809478760
76289606.30269835889339447021
65647562.27562256157398223877
137944151.27423769235610961914
84455904.31512081623077392578
129840769.15606975555419921875
64839174.62555913627147674561
120986246.91490483283996582031
54515252.07972048968076705933
101195181.36313058435916900635
58793098.77562256157398223877
77663122.87185296416282653809
101018034.91036961972713470459
121439402.23257103562355041504
83463654.31463667750358581543
87225710.64504548907279968262
68244174.62411908805370330811
76622275.47799412906169891357
197152109.21958661079406738281
103951310.41036961972713470459
56156900.48468251526355743408
50888666.43480829149484634399
54339070.21898032724857330322
81717768.78338629007339477539
101760714.80032148957252502441
103479189.91822168231010437012
102885107.05222408473491668701
99986108.13247182965278625488
52503374.28671433031558990479
94021063.31479725241661071777
72457978.12411908805370330811
229775383.42408278584480285645
83109441.53051161766052246094
61274798.21068528294563293457
250510207.59630489349365234375
65970150.03048612177371978760
67153715.00063481926918029785
85826784.45076756179332733154
125163592.08038134872913360596
55230989.99419034272432327271
60675225.91710934042930603027
96758799.70782811939716339111
71184177.35850036144256591797
89784032.00216370820999145508
49116875.75628296285867691040
123406489.74825945496559143066
205292505.85429981350898742676
83671893.67589071393013000488
74724736.34591236710548400879
122836789.34896785020828247070
75199303.84470307826995849609
64251147.33737098425626754761
88209570.70626175403594970703
76141962.68838533759117126465
62697323.95613683760166168213
47933814.83165484666824340820
86819733.68838533759117126465
80468784.59081502258777618408
104735662.27483078837394714355
113489561.94011820852756500244
132156032.42448392510414123535
45773694.74283620715141296387
72272840.35170990228652954102
85741714.27322623133659362793
67784993.68316054344177246094
69275575.72039231657981872559
55258607.30237397551536560059
190310389.90346169471740722656
47691867.04014962911605834961
78064343.24238434433937072754
69439623.22053542733192443848
71332918.20330731570720672607
116581506.47576755285263061523
234217133.11395156383514404297
72563171.95075723528861999512
124243713.29690828919410705566
80670131.46936503052711486816
60596942.22669833898544311523
143275152.53992611169815063477
82089782.49463380873203277588
91870012.97207453846931457520
53265810.09996166825294494629
67865349.90170608460903167725
61759622.53777956962585449219
45531046.47972048819065093994
145712016.56038135290145874023
54374861.71623976528644561768
52070321.46247477829456329346
142706970.14656263589859008789
50941284.21462523937225341797
64031773.71371468156576156616
66602755.22438891232013702393
87498015.75380980968475341797
82088864.73068527877330780029
55590111.89182555675506591797
87732092.75355295836925506592
48975405.69638890027999877930
132675431.40694099664688110352
84579986.34244914352893829346
62654635.98276233673095703125
53112957.36863944679498672485
47576585.32752367854118347168
52451411.74155532568693161011
46788979.36702104657888412476
98792839.70657148957252502441
179084200.14384460449218750000
75181013.05540788173675537109
109779529.88002373278141021729
51360868.98699461668729782104
77625525.38473498821258544922
71904475.08922876417636871338
71359052.91882324218750000000
72210768.55855348706245422363
73389240.80814011394977569580
62371570.73688861727714538574
75044249.68273736536502838135
51682385.43683720380067825317
50791136.28863149136304855347
115023427.88002373278141021729
82056712.71614828705787658691
76873647.98257103562355041504
59723302.63248459249734878540
66592412.31111999601125717163
67589333.43996569514274597168
143717776.05737596750259399414
78242392.67058183252811431885
136111714.51787304878234863281
92755627.21614828705787658691
57917921.68316054344177246094
135909116.36547473073005676270
126890892.77941565215587615967
89575150.30039756000041961670
75727792.40789231657981872559
192744538.88741189241409301758
131733290.99027432501316070557
100792105.00216370820999145508
106637667.53429755568504333496
176846181.52244505286216735840
71419053.02713185548782348633
86276563.78851814568042755127
66640357.23688861727714538574
143039936.20769956707954406738
56214095.19022195041179656982
138431638.38299492001533508301
123382376.57703629136085510254
58205079.84485869854688644409
111225936.72400248050689697266
185157690.14861115813255310059
103953251.11347329616546630859
62168052.87110206484794616699
74139370.88825909793376922607
93143269.92038315534591674805
61372924.30814011394977569580
72178029.06097224354743957520
76427611.31512081623077392578
53583330.46664831787347793579
69161181.34141257405281066895
98215049.55470561981201171875
80160171.95109879970550537109
49770108.97677618265151977539
128662367.85591834783554077148
74916042.43172655999660491943
85749686.27756175398826599121
86037086.00568112730979919434
58605246.22438891232013702393
143762093.71774345636367797852
51480781.28327584266662597656
90301933.60075661540031433105
58469729.03048612177371978760
99047616.17500743269920349121
63420068.91679061204195022583
104929189.29522719979286193848
56518009.61519069969654083252
208701246.27564334869384765625
71148901.79900364577770233154
52114949.18291371315717697144
67530588.61089508235454559326
80239499.82212132215499877930
126796740.46461486816406250000
111353507.14994496107101440430
56045799.06111999601125717163
56248659.68517640233039855957
60632183.90268962085247039795
83304087.69761168956756591797
107081929.06422230601310729980
108514109.36613664031028747559
209271173.74615550041198730469
51961817.97227960824966430664
60363670.03777895122766494751
277040893.91409194469451904297
68118977.88720209896564483643
64887667.81621444225311279297
140029045.94476175308227539062
78673924.75012394785881042480
95209281.86206308007240295410
97587363.50102663040161132812
50948142.95688004046678543091
67572899.05818539857864379883
78225461.62514075636863708496
186672229.60117608308792114258
125212368.86589448153972625732
48051211.61415468156337738037
50361647.39891271293163299561
54631986.80816131085157394409
132702345.75565403699874877930
79431103.22039231657981872559
148407969.58939176797866821289
64735819.36413647234439849854
74780152.05825597047805786133
60387485.00922404974699020386
69917034.47129754722118377686
65609060.20075723528861999512
65246895.88473498076200485229
70825353.72305396199226379395
74347510.15283516049385070801
164331752.03773713111877441406
65261951.58610244840383529663
69475664.23132903873920440674
48444677.35478335618972778320
58878514.76467395573854446411
58457147.92191506177186965942
63999822.03777895122766494751
80049827.79913850128650665283
59089431.62579251080751419067
126565253.24825945496559143066
120992756.32770244777202606201
87953782.13248458504676818848
86718289.60075661540031433105
67782164.96936503052711486816
60843064.42586541920900344849
81887859.12824356555938720703
66453116.79412171989679336548
91401783.31661039590835571289
135198818.78932160139083862305
63008193.59279163181781768799
91755744.55711056292057037354
166307942.02330905199050903320
158437717.16088783740997314453
82039906.16603115200996398926
96169303.70782811939716339111
78440564.64755561947822570801
100227090.27345155179500579834
207587637.34678143262863159180
85676811.79900364577770233154
145256333.17099407315254211426
82437014.37110206484794616699
77113528.23688861727714538574
66310782.52936139702796936035
71771383.26473033428192138672
58272228.45688004046678543091
58836796.02776890993118286133
117196193.74243423342704772949
152091664.09338080883026123047
126271269.31000705063343048096
63881308.30941323190927505493
62479210.41137097775936126709
70010204.45005296170711517334
84552728.07393212616443634033
49777706.30626067519187927246
67327858.30240702629089355469
58709892.39825391769409179688
95605758.42021963000297546387
80656463.72932989895343780518
56257734.35497352480888366699
60084780.51882646977901458740
121559006.20559139549732208252
70923681.36632171273231506348
50868726.16414474695920944214
86872853.82372130453586578369
69573073.72669833898544311523
83489696.97799412906169891357
100817306.75355295836925506592
84419594.18838533759117126465
57205747.88671460747718811035
62300163.58595414459705352783
103338723.63867762684822082520
88519008.32212132215499877930
72207771.09279163181781768799
64882851.90062204003334045410
273440279.51500815153121948242
84042682.89688026905059814453
60846315.44183428585529327393
77387239.44292767345905303955
74757803.47070544958114624023
105840828.13972063362598419189
80045559.60710474848747253418
69600582.23230743408203125000
103121077.79794821143150329590
102439418.84113879501819610596
64663382.50251941382884979248
64135377.75816085934638977051
101921839.21630799770355224609
51777960.49307808279991149902
152616886.76405212283134460449
74941512.16664892435073852539
81968009.12804140150547027588
81104993.09470030665397644043
92802253.40633831918239593506
99122995.75216370820999145508
57857468.22070544958114624023
53848330.44022195041179656982
98668033.20782811939716339111
86781460.01257903873920440674
67212422.00363780558109283447
51494152.54461438208818435669
72713837.07803487777709960938
102373435.50072929263114929199
72200603.98623903095722198486
121449995.36744257807731628418
59488541.63825909793376922607
65435371.24052762985229492188
64397364.68517640233039855957
52092623.86963380873203277588
85627865.98623903095722198486
74187728.50363780558109283447
56592015.04483239352703094482
92674248.77345155179500579834
83153450.21936503052711486816
75019687.41342477500438690186
59812675.62917038798332214355
112891356.45527783036231994629
143107896.84464138746261596680
70172306.74283620715141296387
63650649.25371648371219635010
57713378.75063481926918029785
62130716.71603411436080932617
77066612.55673664808273315430
83271496.17058183252811431885
156007110.94864332675933837891
107789735.38887116312980651855
64868663.38825909793376922607
67660433.93480828404426574707
60796481.25014074891805648804
59474637.43480828404426574707
67273745.96883012354373931885
64267220.29483671486377716064
179123565.12963843345642089844
70049076.00012394785881042480
53331785.70779756456613540649
64123887.95109879970550537109
109944955.74222581088542938232
65330267.30039756000041961670
76474998.21898034214973449707
146269873.55234825611114501953
68747438.44680663943290710449
49409371.69193153083324432373
50763434.23683720827102661133
61953744.08884917944669723511
83682135.53035992383956909180
98689260.96157118678092956543
62031409.19877781718969345093
107884876.14638715982437133789
138692408.53165483474731445312
98850576.01621600985527038574
79421065.15740960836410522461
128762982.01946997642517089844
79689953.85386395454406738281
60226177.81338533759117126465
183114377.26065889000892639160
103566954.00251941382884979248
57897874.68473498523235321045
177850054.99696868658065795898
102062409.25158502161502838135
51750219.97039232403039932251
141613611.32550287246704101562
95489725.78967794775962829590
111488703.86413647234439849854
82057493.98623903095722198486
57223277.57878221571445465088
94585456.84244914352893829346
85654007.42021963000297546387
76178048.14504548907279968262
129068750.72923423349857330322
60974448.20076755434274673462
110340860.50102663040161132812
72482164.75012394785881042480
82446003.45075723528861999512
58168208.30102663487195968628
139442491.37027293443679809570
160339092.74863362312316894531
83470836.31463667750358581543
84482346.28967794775962829590
62139189.59080516546964645386
104974840.34720447659492492676
51536532.61963380873203277588
58143936.95586356520652770996
123339977.24825945496559143066
100235891.79519398510456085205
59444542.57633619010448455811
127422799.12709388136863708496
93664664.25748167932033538818
56711324.72039232403039932251
76964438.25014075636863708496
91160181.77148073911666870117
81604194.31425167620182037354
151099114.75105303525924682617
61985225.92987947165966033936
60132555.80033405125141143799
97540018.49089777469635009766
129329105.41261020302772521973
63930495.16131748259067535400
61508124.01837657392024993896
56066833.50934454053640365601
51954748.62354670464992523193
62407624.84994432330131530762
75377798.12555913627147674561
57991432.53634114563465118408
50316075.82555913925170898438
149939040.55512970685958862305
54801936.14891271293163299561
57665290.62150773406028747559
131546911.86576534807682037354
77235452.21898034214973449707
58774038.44965441524982452393
111664649.76328346133232116699
