1280991664191.06054687500000000000
6234312227.75913143157958984375
7044805492.44496726989746093750
6888949490.22984504699707031250
1282298434205.56054687500000000000
6120389595.45881175994873046875
6357324217.91248607635498046875
1282190121179.56054687500000000000
6994484730.31291198730468750000
1282249473296.06054687500000000000
5623849579.81663894653320312500
1282271902241.56054687500000000000
6398035668.51312541961669921875
1282051063337.06054687500000000000
6464555631.70801353454589843750
6063209662.87521266937255859375
6751028528.50247573852539062500
1281889281412.56054687500000000000
1282122932660.06054687500000000000
6126056674.79640483856201171875
6487146442.68777847290039062500
6738846019.25220870971679687500
6340331375.94869518280029296875
6324420014.02111244201660156250
1282323615404.06054687500000000000
6408819933.42899322509765625000
1282383395060.56054687500000000000
6284953355.35018539428710937500
6712471567.00513744354248046875
1282358006827.06054687500000000000
1282144863815.56054687500000000000
6389292233.87201786041259765625
6594550940.95827960968017578125
6052802706.71120834350585937500
1282203114348.06054687500000000000
1282402825621.56054687500000000000
1282098784857.06054687500000000000
6361344233.18192195892333984375
6649651759.08181476593017578125
1282075242170.06054687500000000000
6381904863.53335952758789062500
7640854165.09885406494140625000
1282301682446.06054687500000000000
1282393042189.06054687500000000000
6561885996.99235820770263671875
1282301092949.56054687500000000000
1282105609810.06054687500000000000
1282012641059.56054687500000000000
1282243970494.06054687500000000000
1282275355518.56054687500000000000
6643225822.76019668579101562500
1282265370888.56054687500000000000
1282250419912.06054687500000000000
1282109782566.06054687500000000000
1282315412045.56054687500000000000
6244187991.22665023803710937500
1282272320577.06054687500000000000
1282147864060.06054687500000000000
1282030883871.06054687500000000000
6830784296.03176212310791015625
7143705035.83154869079589843750
7002285186.26179409027099609375
1282083477791.56054687500000000000
1282239536114.06054687500000000000
1282509672991.06054687500000000000
1282135090617.06054687500000000000
1282811514830.56054687500000000000
1282200412713.06054687500000000000
6304630865.19470119476318359375
6211033433.23729991912841796875
5868012373.33101654052734375000
1282387308313.56054687500000000000
6220148286.90929126739501953125
1282209174035.56054687500000000000
5977980308.72611713409423828125
1282344394388.56054687500000000000
1282560580470.56054687500000000000
6640845570.34273052215576171875
6490340323.69736385345458984375
6348010030.74954700469970703125
1282245556477.56054687500000000000
1282047448226.56054687500000000000
6561784484.21493530273437500000
6561425086.36828994750976562500
1282438228807.56054687500000000000
5899514200.29374217987060546875
1282109768523.06054687500000000000
1281781259457.06054687500000000000
1282297806175.06054687500000000000
1282125416158.06054687500000000000
1282294585315.06054687500000000000
1282021612409.06054687500000000000
1282361425436.56054687500000000000
1282537756325.56054687500000000000
7030726321.22239017486572265625
1282114236996.56054687500000000000
6470707358.36402988433837890625
1282295791444.06054687500000000000
1282272751942.56054687500000000000
1282214782863.06054687500000000000
1282144686234.56054687500000000000
1281860448052.56054687500000000000
1282560942993.56054687500000000000
6564229730.34273052215576171875
6361072308.08075046539306640625
1282207173777.56054687500000000000
1282301618144.56054687500000000000
7200916039.29054737091064453125
6898508722.15103721618652343750
6345370600.64092063903808593750
6284018202.31504154205322265625
6322680480.53442382812500000000
5263360841.16914176940917968750
1282333582539.56054687500000000000
1282355544022.56054687500000000000
1282320004596.06054687500000000000
5761165623.44603252410888671875
1282008312967.06054687500000000000
5685040241.56956768035888671875
7123981723.81663894653320312500
6432463932.60684204101562500000
6400377474.91781044006347656250
6793343300.80492496490478515625
1282401372060.06054687500000000000
6895679099.80598926544189453125
6661978990.04454135894775390625
6623565333.76978111267089843750
1282283697349.06054687500000000000
7114573236.18724632263183593750
6456480039.08181476593017578125
6715046397.98277378082275390625
5925960091.38000488281250000000
1282264049921.56054687500000000000
1282213629356.06054687500000000000
1281912239636.06054687500000000000
6068409109.75487136840820312500
1281924401891.56054687500000000000
1282152207229.06054687500000000000
6571576103.38852405548095703125
1282334358882.06054687500000000000
1282370171331.06054687500000000000
6573456362.84752368927001953125
1282479469340.56054687500000000000
5158268357.06477546691894531250
1282263138708.06054687500000000000
1282179449379.56054687500000000000
1282148726144.06054687500000000000
1282443244263.06054687500000000000
1282552207390.06054687500000000000
1282208711412.06054687500000000000
6454925159.73570251464843750000
1282341427872.06054687500000000000
6313304449.30332756042480468750
1282416193420.06054687500000000000
6193752111.82089900970458984375
6586272190.91781044006347656250
1282759671005.06054687500000000000
5778834825.34379577636718750000
5971223701.93165493011474609375
1282142026213.56054687500000000000
1282142495149.06054687500000000000
1282361870712.56054687500000000000
6698695855.26498889923095703125
1282803083983.56054687500000000000
7183455671.75487136840820312500
6473313958.47265625000000000000
1282152999462.56054687500000000000
1282014503537.56054687500000000000
1282344401309.06054687500000000000
6702682750.84326362609863281250
6173750669.32036685943603515625
6149543365.68032455444335937500
6547252366.87734222412109375000
7091891665.96573448181152343750
1282151079509.06054687500000000000
1282282232693.56054687500000000000
7138227792.11056900024414062500
7008356678.45561695098876953125
1282239207648.56054687500000000000
1282342773940.56054687500000000000
1282264494532.56054687500000000000
5729448952.52803421020507812500
1282241192339.06054687500000000000
6141264090.20002555847167968750
6266852494.64305019378662109375
6719072529.73144245147705078125
6187762977.82515907287597656250
7294091453.16062259674072265625
5893691903.43325233459472656250
5943243598.46626663208007812500
1282192714517.56054687500000000000
1282431223466.56054687500000000000
6796433513.33527660369873046875
1282276382946.56054687500000000000
1282364704330.06054687500000000000
1281953458087.06054687500000000000
1282065204775.56054687500000000000
1282231668714.56054687500000000000
6908381803.47798156738281250000
5988604866.90503120422363281250
1282004446116.56054687500000000000
6746047374.90077114105224609375
6396257272.45774650573730468750
1282425205239.06054687500000000000
1282151988113.56054687500000000000
1282447583001.06054687500000000000
6695811299.48437118530273437500
6560573007.76765060424804687500
6541480806.92633056640625000000
6981614510.22984504699707031250
5516889137.13932323455810546875
1282175719587.06054687500000000000
1282295572434.06054687500000000000
1281875322984.06054687500000000000
6535951791.39917373657226562500
6848600953.72718238830566406250
1282597705961.56054687500000000000
6142288914.63666057586669921875
1281906906308.06054687500000000000
1282509860236.56054687500000000000
6485963738.56637287139892578125
1282088698619.06054687500000000000
6307090577.89970684051513671875
1282089408705.06054687500000000000
1282311760499.06054687500000000000
1282156515373.06054687500000000000
6220569460.89651107788085937500
1282139883455.56054687500000000000
6384459986.52164459228515625000
6731075692.18298625946044921875
6646061521.62707614898681640625
1281864236947.56054687500000000000
6175331995.47159099578857421875
1281967936572.06054687500000000000
6481689822.97957897186279296875
6139043033.06477546691894531250
1282495047336.56054687500000000000
1282549336178.06054687500000000000
6514933422.04241180419921875000
6189254612.59619235992431640625
7229755862.21067523956298828125
1282234194107.06054687500000000000
5614025938.78149604797363281250
6026686567.07755565643310546875
6964218681.88905715942382812500
6316609220.09352970123291015625
1282551481574.56054687500000000000
6873876652.35338020324707031250
6719206844.53868389129638671875
6456334880.83474349975585937500
6362689666.81770420074462890625
6815292936.34060096740722656250
6643344853.86136817932128906250
1282560218312.56054687500000000000
6483068411.26924896240234375000
6710552262.17233657836914062500
1282408003635.56054687500000000000
6149725944.03389167785644531250
6106449735.71653270721435546875
1282232377291.56054687500000000000
6187210597.71653270721435546875
6096307360.48330593109130859375
7291884477.01365756988525390625
1282052763244.56054687500000000000
6799429590.22345542907714843750
7072469636.75380611419677734375
6008941027.56317806243896484375
1282231715469.56054687500000000000
6611388165.82515907287597656250
1282411265080.06054687500000000000
1282452061029.06054687500000000000
6647098803.78256034851074218750
1282278421185.56054687500000000000
6395564621.89118671417236328125
5888031961.48650074005126953125
1282205716377.06054687500000000000
1282176226364.06054687500000000000
1281963075410.56054687500000000000
7223928625.61642646789550781250
1282260854739.06054687500000000000
1282380754315.56054687500000000000
1282321434047.06054687500000000000
1282317157437.56054687500000000000
1282672543313.06054687500000000000
6913373574.76019668579101562500
1282281798932.56054687500000000000
1282511538857.56054687500000000000
1282217713581.06054687500000000000
1282540673968.06054687500000000000
6495520297.33740615844726562500
6515840378.13825798034667968750
1282226440606.56054687500000000000
6875871840.28735256195068359375
6908983380.13825798034667968750
1282079352261.06054687500000000000
1282068643350.06054687500000000000
7460712373.91674613952636718750
1282329155979.56054687500000000000
1282388587642.56054687500000000000
1282168013624.56054687500000000000
1282353604003.56054687500000000000
6241769681.38213443756103515625
1282759238223.06054687500000000000
6049817760.95614910125732421875
6593224728.83048343658447265625
1282651034791.06054687500000000000
7129928819.62920570373535156250
1282212582551.56054687500000000000
1282157499326.06054687500000000000
7011654803.33101654052734375000
6255096572.60897159576416015625
1282339266478.06054687500000000000
6814508955.14145278930664062500
6387901425.61003684997558593750
1282196576422.06054687500000000000
7026814192.93484973907470703125
1282189246696.06054687500000000000
1281958440467.06054687500000000000
1282237532640.56054687500000000000
1282395564193.06054687500000000000
1282344454250.56054687500000000000
6020112760.40023899078369140625
6107681723.29693794250488281250
1282437827556.56054687500000000000
1282384288812.56054687500000000000
6317151043.45668220520019531250
1282291479481.56054687500000000000
5859424883.43751239776611328125
6584965603.86775779724121093750
6094950393.14358329772949218750
6697739037.32675647735595703125
1282070188701.56054687500000000000
6991687551.38000488281250000000
1282476588102.06054687500000000000
1282155896440.06054687500000000000
1282392218460.06054687500000000000
1282268309633.06054687500000000000
1282366996546.06054687500000000000
6190405134.02750205993652343750
6003635254.03815174102783203125
6198536827.84432792663574218750
6514273399.69097328186035156250
1282090111536.56054687500000000000
1282494866815.06054687500000000000
1282080715713.06054687500000000000
5935040926.31930160522460937500
6994876045.13293361663818359375
6913197197.79534053802490234375
1282684594674.56054687500000000000
6584442421.63133621215820312500
6831796366.06584072113037109375
1282204492486.56054687500000000000
6407672868.31291198730468750000
1282397355489.06054687500000000000
1282123338281.06054687500000000000
6366679180.60471153259277343750
6174174544.42792797088623046875
1282310136032.06054687500000000000
1282646859063.56054687500000000000
1282295675744.56054687500000000000
1282143975124.06054687500000000000
6897106398.16594696044921875000
6075677840.57489299774169921875
1282053044826.06054687500000000000
6012068515.35444545745849609375
5809150051.33953571319580078125
1282328813296.56054687500000000000
1282253486962.56054687500000000000
6802507279.10524463653564453125
1282189025582.56054687500000000000
1282057523710.06054687500000000000
1282084041125.06054687500000000000
1282065455126.06054687500000000000
6296046661.79747009277343750000
6713647309.54826831817626953125
1282123539721.56054687500000000000
1281935122526.56054687500000000000
1282517497537.56054687500000000000
1282398201296.06054687500000000000
6107800881.26285839080810546875
6634993662.05093097686767578125
6254545053.58234786987304687500
1282245735055.56054687500000000000
6338450756.87308216094970703125
6352974689.93591499328613281250
5925251589.71227264404296875000
1282324273111.06054687500000000000
1282383502083.56054687500000000000
6914296652.66860961914062500000
1282067290903.56054687500000000000
5998309426.89225196838378906250
6271061026.93484973907470703125
6256590933.47372150421142578125
6335362610.14038848876953125000
6459254685.03708648681640625000
1281916800502.56054687500000000000
6344573642.27670288085937500000
1282421064877.56054687500000000000
1282218241581.06054687500000000000
1282184849136.56054687500000000000
7380499501.70588302612304687500
1282076551443.56054687500000000000
6634505560.41514873504638671875
1282285564887.06054687500000000000
1282281017883.06054687500000000000
6547391488.55998325347900390625
1282306015699.56054687500000000000
6473383736.08288002014160156250
1282319101188.06054687500000000000
1282279025484.56054687500000000000
6076354034.68564891815185546875
1282640414564.56054687500000000000
6737056039.54613876342773437500
6826070656.23410511016845703125
6401773357.76978111267089843750
1282419800110.56054687500000000000
1282182975206.06054687500000000000
1282526855159.06054687500000000000
7344584351.77830028533935546875
6841292722.01898193359375000000
1282467676258.06054687500000000000
6618104910.11695861816406250000
6762698719.93378543853759765625
6410934768.80705451965332031250
6051833416.07010078430175781250
1281968082757.06054687500000000000
6728108003.03069686889648437500
6662521169.02856731414794921875
6432194931.38852405548095703125
6070440830.74102687835693359375
1282064757546.06054687500000000000
1281933159179.56054687500000000000
6268672706.11908912658691406250
5977832158.66860961914062500000
1282207022703.06054687500000000000
1282595818639.06054687500000000000
1282510032140.56054687500000000000
1282210874528.56054687500000000000
6119378096.81557464599609375000
6043999031.29267787933349609375
6722836147.34592628479003906250
6341734785.77617073059082031250
6303442642.95614910125732421875
1282274125364.56054687500000000000
6078252254.99661827087402343750
1282615010418.56054687500000000000
1282407882205.06054687500000000000
1282343844563.56054687500000000000
6411030639.59938716888427734375
6089365278.42366790771484375000
1282269416299.06054687500000000000
1282091181843.06054687500000000000
1282198345040.56054687500000000000
5879535699.33527660369873046875
1282239467362.56054687500000000000
5810545489.66541481018066406250
5919036115.01791763305664062500
1281941481323.06054687500000000000
6221728530.21493530273437500000
6451229693.46520137786865234375
7002724655.74422168731689453125
1282090570138.56054687500000000000
1282245069475.06054687500000000000
6439154647.64837551116943359375
1282533145650.56054687500000000000
6326919799.00513744354248046875
1281679929083.06054687500000000000
7301337754.89225196838378906250
6267924211.08820438385009765625
6679874332.85391330718994140625
6428562545.86775779724121093750
1281958127908.06054687500000000000
1282036604515.56054687500000000000
1282519494219.56054687500000000000
1282066785963.56054687500000000000
1282050546295.06054687500000000000
1282238051994.56054687500000000000
1282243236013.56054687500000000000
1282172318187.56054687500000000000
6074986682.41727828979492187500
1282625043896.56054687500000000000
6643233101.99981307983398437500
6446010440.70055866241455078125
1282520761809.56054687500000000000
6400529775.55039882659912109375
5974061908.12547874450683593750
6013697002.22771453857421875000
1282298689265.06054687500000000000
6105415326.49821567535400390625
1282290054513.56054687500000000000
1282319254006.56054687500000000000
5711050163.44177246093750000000
1282166542288.06054687500000000000
6962963429.11163425445556640625
1282122857053.06054687500000000000
7169320169.58660697937011718750
1282154167084.06054687500000000000
1282178474709.56054687500000000000
6087513772.31078243255615234375
6492176362.30013275146484375000
1282038385622.06054687500000000000
6488521782.44070720672607421875
1282198114777.56054687500000000000
6027931641.70588302612304687500
6862729400.41727828979492187500
1282500039407.06054687500000000000
1282607882569.56054687500000000000
6749968393.71014308929443359375
6407657209.00726795196533203125
1282792772557.56054687500000000000
5956133889.15210247039794921875
1282295467474.56054687500000000000
1282210308163.06054687500000000000
5985768522.72611713409423828125
1282133966456.56054687500000000000
1282076175246.06054687500000000000
6501344831.81237983703613281250
1282062391890.56054687500000000000
6432407726.52803421020507812500
1281999710463.56054687500000000000
1282338365425.06054687500000000000
1281929378926.56054687500000000000
1282396969586.56054687500000000000
1282442391762.06054687500000000000
6012789257.97212409973144531250
1281973514464.56054687500000000000
1282386625896.06054687500000000000
6773902975.09885406494140625000
7069058993.83367919921875000000
1282295465332.56054687500000000000
1282022204299.06054687500000000000
6438275673.72079277038574218750
6433117311.04134654998779296875
1282308193510.56054687500000000000
6360698214.90077114105224609375
1282214086192.06054687500000000000
1282177460564.06054687500000000000
6976179920.03602123260498046875
6267270550.95401954650878906250
1282209965140.56054687500000000000
1282483729121.06054687500000000000
6591822704.52590465545654296875
6843751178.06371116638183593750
6305560702.89651107788085937500
1282264193742.06054687500000000000
6348490166.87734222412109375000
1282363341943.56054687500000000000
6284124397.10098457336425781250
1282530448731.56054687500000000000
6354227601.20961093902587890625
1282352129722.56054687500000000000
1282326678636.06054687500000000000
7071520233.91035652160644531250
6977843314.69416904449462890625
6669417504.85817337036132812500
1282394169819.56054687500000000000
6405638730.90290164947509765625
6099976963.32675647735595703125
6390291341.72505283355712890625
1282340605720.56054687500000000000
1282459345780.56054687500000000000
6333929297.19257164001464843750
1281953844609.56054687500000000000
1282273652475.06054687500000000000
1282148511119.56054687500000000000
6684652413.95082473754882812500
6266203978.02537250518798828125
5943677972.38106918334960937500
5698035432.42153835296630859375
1282584115212.06054687500000000000
6038891655.25646877288818359375
6308805405.72505283355712890625
1282431042897.06054687500000000000
1282484277124.06054687500000000000
6143404257.57169818878173828125
1281802468692.56054687500000000000
1282427363999.56054687500000000000
6576976986.51738452911376953125
1282244738993.56054687500000000000
6031558646.96253967285156250000
1282197688962.56054687500000000000
6125041123.47372150421142578125
1282120432712.56054687500000000000
1282147370565.06054687500000000000
1282205907359.56054687500000000000
6152975215.99129295349121093750
1282383147556.06054687500000000000
6183014765.88479709625244140625
6389224653.91887569427490234375
6116383536.31078243255615234375
6704901031.93804550170898437500
6101883897.34805583953857421875
1282410621290.06054687500000000000
1282264842787.56054687500000000000
7005490647.92526531219482421875
1282540128657.56054687500000000000
1282340374308.06054687500000000000
5731094292.43431758880615234375
1282378490279.56054687500000000000
6677773840.18511676788330078125
1282342021409.06054687500000000000
6317872745.05199623107910156250
1282328816679.56054687500000000000
1282280819817.56054687500000000000
1282160496280.06054687500000000000
5872647989.30971717834472656250
6477101075.03495693206787109375
1282098213132.06054687500000000000
1282363999546.06054687500000000000
1282056986308.06054687500000000000
6440592928.30013275146484375000
1282279204293.06054687500000000000
1282627937388.06054687500000000000
1282198140365.06054687500000000000
1282278404758.06054687500000000000
1282122052555.56054687500000000000
1282333131924.06054687500000000000
6218469895.23942947387695312500
6750285095.07542514801025390625
1282393048386.56054687500000000000
5903521691.91461563110351562500
1282113293832.56054687500000000000
1282106826445.06054687500000000000
6815266689.32249641418457031250
6779727194.90929126739501953125
7042460538.39597892761230468750
6302938064.88586235046386718750
6688640739.00513744354248046875
1282319235131.56054687500000000000
5777175746.08500957489013671875
1281978250449.06054687500000000000
6074174757.00939750671386718750
1282261611709.56054687500000000000
1282416599329.06054687500000000000
1282314826385.06054687500000000000
1282085527628.56054687500000000000
7024248513.20109081268310546875
6493982300.99235820770263671875
7352118345.80173015594482421875
6350584802.79001522064208984375
6551355698.32356166839599609375
1282030710141.56054687500000000000
6015497122.12334823608398437500
1282165937101.56054687500000000000
6178703880.71120834350585937500
1282354860687.56054687500000000000
6723685788.54507350921630859375
6619637690.02324199676513671875
6625395328.81557464599609375000
7063824378.44709682464599609375
1282428801897.06054687500000000000
1282192614802.56054687500000000000
1282106501310.56054687500000000000
1282323916709.06054687500000000000
6616065473.35657501220703125000
6937784885.90822601318359375000
6470664150.42792797088623046875
1282148436906.56054687500000000000
7054032240.82622432708740234375
6003795791.88905715942382812500
1282323460459.06054687500000000000
6501786961.45881175994873046875
1282195897276.06054687500000000000
1281910487560.56054687500000000000
1282146490264.56054687500000000000
1282135735324.06054687500000000000
1282165598464.06054687500000000000
1282386522896.06054687500000000000
1282098932072.56054687500000000000
1282434747009.06054687500000000000
5592046030.51951503753662109375
6011163579.10524463653564453125
1282117724515.56054687500000000000
6176172591.31397724151611328125
1282255437575.56054687500000000000
6246586675.99342346191406250000
1282529010245.56054687500000000000
1281981231744.06054687500000000000
1282510507300.56054687500000000000
1282064200975.06054687500000000000
1282050483697.56054687500000000000
1282093060621.56054687500000000000
1282147882992.56054687500000000000
1282526970692.06054687500000000000
1282224570838.06054687500000000000
7045388851.52696990966796875000
1282571105382.56054687500000000000
6058310030.36402988433837890625
1282236200262.06054687500000000000
6745235451.49076080322265625000
6078059997.96147441864013671875
6274798023.92952537536621093750
1281950740470.56054687500000000000
1282581540605.06054687500000000000
5883018264.57915306091308593750
6619115809.39917373657226562500
6255653774.57702255249023437500
1282050817778.56054687500000000000
1282502413471.56054687500000000000
1281895788671.56054687500000000000
6675779494.35338020324707031250
1282447890726.56054687500000000000
1282314122264.56054687500000000000
5465404589.71653270721435546875
1282041422431.56054687500000000000
1282293727157.06054687500000000000
1282213470207.06054687500000000000
1282303566582.06054687500000000000
1282261836715.56054687500000000000
1282233519383.56054687500000000000
6290321239.65902519226074218750
6604371800.95827960968017578125
6697070634.90929126739501953125
1282136224302.56054687500000000000
1282346087789.56054687500000000000
6092238493.29480743408203125000
5786933220.66008949279785156250
6186118389.11802387237548828125
1282435350630.56054687500000000000
7267465018.55146408081054687500
1281793469341.06054687500000000000
1282322732905.06054687500000000000
6200812289.97851371765136718750
1281968605497.06054687500000000000
6226108657.56956768035888671875
6118837563.07755565643310546875
1282237004584.06054687500000000000
1282503917788.06054687500000000000
1282295766582.06054687500000000000
6122920608.15103721618652343750
6676529263.02643680572509765625
5828645966.78149604797363281250
1282211464487.56054687500000000000
6267867460.58980274200439453125
1282292160388.56054687500000000000
1282233224450.06054687500000000000
6133889686.03815174102783203125
1281957581349.56054687500000000000
1282483564194.06054687500000000000
6695032319.95295429229736328125
6779158314.39171886444091796875
7432509454.99448776245117187500
1281995763111.56054687500000000000
5971201662.42792797088623046875
6191252730.40662860870361328125
5985248740.86456298828125000000
1282185531898.56054687500000000000
1282182409921.56054687500000000000
6562591854.47904586791992187500
5579043154.86030292510986328125
1282382138883.06054687500000000000
1282245649227.06054687500000000000
7165631292.29161262512207031250
6420322322.75380611419677734375
6441823539.34805583953857421875
1282202990253.56054687500000000000
5644871474.41514873504638671875
5769977944.64731025695800781250
6102713484.92633056640625000000
1282465980852.56054687500000000000
5917237377.64837551116943359375
1282231667715.06054687500000000000
5607874423.89970684051513671875
6162264058.17446708679199218750
1282109558333.56054687500000000000
6524986710.25114440917968750000
6291790076.73463726043701171875
6298791126.92846012115478515625
1282212166734.56054687500000000000
6389717762.21706581115722656250
1282113607167.06054687500000000000
1282389432951.56054687500000000000
6168437877.27776813507080078125
1282103998469.56054687500000000000
1282113470789.56054687500000000000
1282022054552.06054687500000000000
1282531887479.06054687500000000000
6425370032.40023899078369140625
1282371886080.06054687500000000000
6441461915.87414741516113281250
6583754350.18298625946044921875
1282469626931.06054687500000000000
1282404744418.56054687500000000000
6677580421.38852405548095703125
6648280978.46839618682861328125
1282168526621.56054687500000000000
1282213380981.06054687500000000000
6385945149.19257164001464843750
1282420837769.06054687500000000000
1282314966585.06054687500000000000
1282249220412.56054687500000000000
1282438182185.56054687500000000000
6451896483.60151672363281250000
6435733178.27031326293945312500
6949488105.12867355346679687500
6489137301.23729991912841796875
1282226551583.56054687500000000000
6141669930.53442382812500000000
6605640103.82302951812744140625
7248477984.59193229675292968750
1282197358775.56054687500000000000
1282407983014.56054687500000000000
1282097225123.56054687500000000000
7008467386.43005752563476562500
1281909666800.06054687500000000000
6866240263.49289035797119140625
1282129013052.56054687500000000000
1282389400762.06054687500000000000
6538747238.17872714996337890625
1282286354092.06054687500000000000
1282379595870.56054687500000000000
6819069004.68138885498046875000
1282099095019.06054687500000000000
1282375235078.06054687500000000000
1282008654910.06054687500000000000
6195992857.96573448181152343750
1282163369987.56054687500000000000
1282285335385.56054687500000000000
5936200675.91248607635498046875
1282088508120.56054687500000000000
6492256326.05093097686767578125
1281892504152.06054687500000000000
1282277181059.06054687500000000000
1282345654689.56054687500000000000
6778797571.97851371765136718750
1282461600240.56054687500000000000
6434378521.46733188629150390625
1282097981017.56054687500000000000
5974479107.35018539428710937500
1282240990706.06054687500000000000
7350018560.37893962860107421875
6739494301.12015342712402343750
6379276213.93165493011474609375
6808069010.75380611419677734375
1282284381116.06054687500000000000
1282136579229.06054687500000000000
6795345637.11802387237548828125
6370597161.65263462066650390625
3675089680594.00000000000000000000
1282287232204.56054687500000000000
1282060436470.06054687500000000000
6223991876.26605319976806640625
6302204794.62388134002685546875
6664205014.88373184204101562500
6427917879.14571285247802734375
1282341841428.06054687500000000000
1282683856597.06054687500000000000
1282387408896.56054687500000000000
6222958474.97318840026855468750
1282039713058.06054687500000000000
1282203894241.56054687500000000000
1282010442737.06054687500000000000
6485417264.16168689727783203125
6955748039.42473316192626953125
1282274773781.56054687500000000000
1282499458085.06054687500000000000
1282722171842.56054687500000000000
1282445645843.06054687500000000000
1282314090874.56054687500000000000
6429674543.36935520172119140625
1282690297537.06054687500000000000
1282246243359.56054687500000000000
1282316435267.06054687500000000000
1282214635335.56054687500000000000
6518422026.84752368927001953125
6641993722.30013275146484375000
1282167077969.06054687500000000000
6374031802.98809814453125000000
6575974803.94230461120605468750
7482466471.91461563110351562500
6981189951.85071849822998046875
6695468730.69629859924316406250
6269944522.23836421966552734375
6103818542.82622432708740234375
1282596633177.56054687500000000000
6695964777.86136817932128906250
1282557400972.56054687500000000000
1282016801530.06054687500000000000
7358490850.08714008331298828125
6693405462.34273052215576171875
5834698859.80385971069335937500
6389328181.54826831817626953125
1282000249570.06054687500000000000
1282279228436.06054687500000000000
1281918315405.06054687500000000000
6532376005.53761959075927734375
6109592058.69203853607177734375
6964410238.67073917388916015625
1282177144705.56054687500000000000
6971852606.37681007385253906250
1282542812365.06054687500000000000
1282270352054.56054687500000000000
6102318804.69416904449462890625
1282090015846.06054687500000000000
1282094151718.06054687500000000000
1281948534289.56054687500000000000
6611373741.20322036743164062500
6483254101.30545711517333984375
1282279365808.56054687500000000000
6534356179.47798156738281250000
1282697960237.06054687500000000000
1282120133157.06054687500000000000
1282668715763.06054687500000000000
5887991101.04773616790771484375
1282486817418.56054687500000000000
1282385686687.06054687500000000000
6473987379.53974914550781250000
6442722139.35231590270996093750
1282310920203.06054687500000000000
1282276027481.06054687500000000000
6321361357.84858798980712890625
6210856410.96040916442871093750
1282407309582.06054687500000000000
6129612720.70268821716308593750
1282533896613.56054687500000000000
6146417126.55785369873046875000
1282338611090.06054687500000000000
1282343645990.06054687500000000000
1282277771488.56054687500000000000
6316579142.15955734252929687500
6554357896.68564891815185546875
1282281279338.56054687500000000000
1282269685816.56054687500000000000
1281816120208.06054687500000000000
6218703004.72185802459716796875
5748261033.00513744354248046875
1281922129858.56054687500000000000
1282229875313.06054687500000000000
6351509414.06371116638183593750
6229649159.04773616790771484375
6336410948.50886535644531250000
1281871863652.06054687500000000000
1282513311296.06054687500000000000
6114692113.53335952758789062500
1282710480021.06054687500000000000
6285913758.46626663208007812500
1282972657285.56054687500000000000
6407953262.38532924652099609375
6520887970.90929126739501953125
6569824464.80705451965332031250
6313474716.78149604797363281250
1282295526981.06054687500000000000
7274723305.50567054748535156250
1282656874174.56054687500000000000
1282077706788.56054687500000000000
6814770748.04454135894775390625
6722821249.22877979278564453125
1282206721780.56054687500000000000
1282283580431.06054687500000000000
1281987192029.56054687500000000000
1282116043785.06054687500000000000
6434336183.60364723205566406250
6725628441.48650074005126953125
6163281830.12973880767822265625
1282129108333.06054687500000000000
7110856855.21387004852294921875
1282331893175.56054687500000000000
6459214255.13932323455810546875
1282401610024.56054687500000000000
1282081943720.56054687500000000000
1282263205054.56054687500000000000
1282234666873.56054687500000000000
6509689525.55039882659912109375
1282233212395.06054687500000000000
1282194291722.06054687500000000000
5895971066.62175083160400390625
6391015841.33740615844726562500
1282197874006.06054687500000000000
6871957749.09246444702148437500
6928480728.05306148529052734375
1282378315743.56054687500000000000
1281926853232.56054687500000000000
1282381090759.06054687500000000000
7035087916.33421134948730468750
6435326068.28948307037353515625
1282149532710.56054687500000000000
6485937392.65369987487792968750
7061226961.54826831817626953125
1282451065391.06054687500000000000
6654554838.91781044006347656250
6838213614.64943981170654296875
1281914346965.56054687500000000000
1282324358514.56054687500000000000
6410180790.62175083160400390625
1282210159389.06054687500000000000
1282548527225.56054687500000000000
6254260281.17766189575195312500
6651324827.42686271667480468750
6975285700.36190032958984375000
6354808717.68245410919189453125
1282006826104.56054687500000000000
1281967444413.56054687500000000000
1282157965045.06054687500000000000
1282096844789.56054687500000000000
1282374027453.56054687500000000000
1281868529831.06054687500000000000
6430265543.30545711517333984375
1282600391941.56054687500000000000
6171018742.82196426391601562500
6905684370.20641613006591796875
6119239342.74102687835693359375
6164106530.91781044006347656250
1282038726952.06054687500000000000
1282231743331.56054687500000000000
6262559519.37574481964111328125
1282294677820.06054687500000000000
1282623810946.06054687500000000000
1282329163734.06054687500000000000
1282263996483.06054687500000000000
6863510187.02217674255371093750
1282271104932.06054687500000000000
6425231560.02537250518798828125
1282429231602.56054687500000000000
1281915702716.06054687500000000000
1282302295969.56054687500000000000
6555698979.95934391021728515625
5753985772.87095260620117187500
6473985346.70694828033447265625
6655089670.73463726043701171875
1282282293822.56054687500000000000
6246002562.71546745300292968750
6733383562.76658630371093750000
1282209880305.56054687500000000000
6511141730.35764026641845703125
1282315923801.56054687500000000000
1281843489963.56054687500000000000
1282160573480.56054687500000000000
6591365549.89757633209228515625
6710722391.79747009277343750000
7061112488.58767223358154296875
6884330828.17659664154052734375
6839114577.13506317138671875000
1282423400390.06054687500000000000
6644276446.69203853607177734375
6825764442.68777847290039062500
6788055991.59512710571289062500
6767076659.62068653106689453125
6789960112.61536121368408203125
1282001425743.56054687500000000000
5804693880.05519104003906250000
1282182694441.06054687500000000000
1282285039702.06054687500000000000
6035447096.49395561218261718750
1282215467643.56054687500000000000
6714409728.73463726043701171875
1282655997322.06054687500000000000
6868170520.64943981170654296875
1282094354756.06054687500000000000
1282207469176.56054687500000000000
1282440343034.06054687500000000000
6471771843.51844978332519531250
1282157737541.06054687500000000000
6615095702.22771453857421875000
6241964805.36083507537841796875
6068992889.38852405548095703125
6572301819.70375347137451171875
6765308488.66434955596923828125
6752759680.92420101165771484375
6691068709.55039882659912109375
6340776625.26924896240234375000
6158436621.59725666046142578125
1282639171313.56054687500000000000
6361253726.67073917388916015625
5919130981.88053703308105468750
6272682310.48756599426269531250
1282449156010.56054687500000000000
6693602107.69949340820312500000
1282569592415.06054687500000000000
1282508721128.06054687500000000000
1282163631015.56054687500000000000
6694281335.57595729827880859375
6843497707.28841781616210937500
1282439425777.56054687500000000000
1282313612928.56054687500000000000
6763221960.10843944549560546875
1282512352888.06054687500000000000
6760844884.30439186096191406250
1282439369741.56054687500000000000
1282076332286.06054687500000000000
1282135456740.56054687500000000000
1282342983870.56054687500000000000
1282324405104.56054687500000000000
6403215921.85497760772705078125
1282082449229.06054687500000000000
1281814540976.06054687500000000000
1282058322607.06054687500000000000
1282227427813.06054687500000000000
1282202014279.56054687500000000000
6405484402.43218803405761718750
1282005464578.06054687500000000000
1282332285140.06054687500000000000
6411465421.07968521118164062500
1282156381754.56054687500000000000
6117846989.12654304504394531250
7162500900.59619235992431640625
7029412994.35764026641845703125
1282415590427.56054687500000000000
7604055479.10737419128417968750
5888125593.66541481018066406250
1282128083363.06054687500000000000
6029648970.86456298828125000000
1282173671796.06054687500000000000
6179599086.33421134948730468750
1282340612158.06054687500000000000
6793787526.21706581115722656250
6347886297.66115474700927734375
1282338130320.06054687500000000000
1282570853337.56054687500000000000
1282132810455.06054687500000000000
1282330996212.56054687500000000000
1282209117832.56054687500000000000
5894051633.92526531219482421875
1282338445635.56054687500000000000
1282278507381.56054687500000000000
1282198195024.56054687500000000000
1281997011282.06054687500000000000
1281886760875.56054687500000000000
1282311196366.56054687500000000000
6416644966.17659664154052734375
7127791182.55998325347900390625
1282519715105.56054687500000000000
6582160026.88799190521240234375
6387159988.05519104003906250000
1282134561405.56054687500000000000
6392478277.23729991912841796875
6575304643.39917373657226562500
1282172779088.56054687500000000000
6366132566.34912109375000000000
1282039282978.56054687500000000000
1282241435078.06054687500000000000
1282006303791.56054687500000000000
6821244769.10311412811279296875
1282286467737.56054687500000000000
1282337785507.56054687500000000000
6364735234.04241180419921875000
1282542213552.06054687500000000000
6508623001.56956768035888671875
1282261466067.56054687500000000000
6602474655.50141048431396484375
6002199295.91035652160644531250
6330689166.48969554901123046875
6323019352.26392364501953125000
1282552822003.06054687500000000000
6508557472.43005752563476562500
1281863745785.06054687500000000000
1282054499173.56054687500000000000
6481878022.34060096740722656250
1282278695520.06054687500000000000
6977867209.22026062011718750000
5714821826.47904586791992187500
6256537299.65263462066650390625
1282020522004.06054687500000000000
6207088266.17233657836914062500
6205546968.34699058532714843750
1282512612599.06054687500000000000
1282570635369.56054687500000000000
6781510765.44816207885742187500
1282179178156.56054687500000000000
6126829328.07223033905029296875
6014923592.56211280822753906250
1282288254433.06054687500000000000
1282466453025.06054687500000000000
6018916746.46839618682861328125
1282246246581.56054687500000000000
1282092255078.06054687500000000000
1281966019251.56054687500000000000
6571745005.32249641418457031250
1282117833213.56054687500000000000
5945286504.52803421020507812500
6143344051.75700187683105468750
5984014466.72185802459716796875
6755623618.68564891815185546875
5584952889.50354003906250000000
1282461109588.06054687500000000000
7170948003.15636253356933593750
6408848563.90609645843505859375
1282555000684.06054687500000000000
1282395945456.06054687500000000000
6823657564.82622432708740234375
1282184510043.06054687500000000000
1281911829393.06054687500000000000
1281893593275.56054687500000000000
6563292065.98490333557128906250
7038871140.04667091369628906250
6610000509.20322036743164062500
1282554616860.56054687500000000000
6431915412.38319969177246093750
6206144372.45561695098876953125
6715473428.72611713409423828125
1282207531065.06054687500000000000
1282040277385.56054687500000000000
6032181777.64411544799804687500
1282228859987.56054687500000000000
5982626431.50354003906250000000
6296684476.82409381866455078125
1282018318496.06054687500000000000
5977006962.40875816345214843750
1282397859683.56054687500000000000
1282461252036.56054687500000000000
7015775926.80918502807617187500
6607464103.26072883605957031250
1282295154812.56054687500000000000
1282407263977.56054687500000000000
5783969815.94017505645751953125
7085948367.10524463653564453125
1282596678101.56054687500000000000
6628343196.09991931915283203125
1282355622288.06054687500000000000
1282203721945.56054687500000000000
1282073722362.06054687500000000000
1282261013615.56054687500000000000
1282577279280.56054687500000000000
1282409144026.56054687500000000000
6509478286.75167655944824218750
1281866841513.56054687500000000000
6835203963.23303985595703125000
6915248013.42473316192626953125
1281942372173.56054687500000000000
1282098140688.06054687500000000000
1282430467045.06054687500000000000
1282503086439.06054687500000000000
1282033975829.56054687500000000000
5860103507.95721435546875000000
5818598399.47372150421142578125
1282336045900.56054687500000000000
6261261568.11908912658691406250
1282439675104.56054687500000000000
6482841403.28202819824218750000
1282302947508.56054687500000000000
6920404749.83793830871582031250
1282273113506.06054687500000000000
6948432239.78469085693359375000
7235012565.04986572265625000000
1281933745315.06054687500000000000
6086914473.22239017486572265625
1282438019546.06054687500000000000
1282265578012.06054687500000000000
6520554816.08500957489013671875
1282061572413.06054687500000000000
1282259080454.56054687500000000000
7019869054.13399791717529296875
1282248388474.06054687500000000000
1282350349976.06054687500000000000
6332266839.53548908233642578125
6513609259.72931194305419921875
6153990344.76445579528808593750
6310797897.53335952758789062500
6417392651.07116508483886718750
1282108050920.06054687500000000000
1282514851516.06054687500000000000
1282081171512.06054687500000000000
7028506397.87840747833251953125
6402484774.32995128631591796875
6494229379.58234786987304687500
1282351830183.06054687500000000000
6182950254.66008949279785156250
6869457001.13506317138671875000
1281988928939.06054687500000000000
6609303115.69310379028320312500
1282112356554.56054687500000000000
1282133107551.56054687500000000000
1282336418219.06054687500000000000
1282131545448.06054687500000000000
1282357118529.56054687500000000000
6525655204.57063293457031250000
1282680597224.56054687500000000000
6478620732.93059062957763671875
1282117175117.56054687500000000000
5828491575.37787437438964843750
6221764449.92100524902343750000
6405739986.95401954650878906250
6977881106.40449905395507812500
6217658624.13399791717529296875
7222979524.45135688781738281250
1282500194992.56054687500000000000
1282301716143.56054687500000000000
6664352915.20748043060302734375
1282077898172.56054687500000000000
7105316467.81024932861328125000
1282390602675.06054687500000000000
1282636254143.06054687500000000000
1281960087819.56054687500000000000
6160157813.63772583007812500000
6073660220.55572319030761718750
1282216907770.56054687500000000000
1282380344824.06054687500000000000
1282311357540.56054687500000000000
1282233435325.56054687500000000000
1282376437914.06054687500000000000
1282637529255.56054687500000000000
6897359633.19257164001464843750
1282015065883.56054687500000000000
7170938371.42473316192626953125
1281920452993.06054687500000000000
6448475754.43431758880615234375
6120006080.32356166839599609375
5159396140.73676681518554687500
1281867713183.06054687500000000000
6117359468.87095260620117187500
6703262846.40449905395507812500
1282472185310.56054687500000000000
1282295822189.06054687500000000000
1282214244109.56054687500000000000
1282771678981.06054687500000000000
1282395821892.06054687500000000000
6359390490.06371116638183593750
1282330420424.56054687500000000000
1282045552157.56054687500000000000
1282188208995.56054687500000000000
1281992446548.56054687500000000000
1282197385488.06054687500000000000
6518769144.78575515747070312500
1282597274002.06054687500000000000
7206537057.73357200622558593750
1282385527704.56054687500000000000
1282250493492.06054687500000000000
7368564188.91994094848632812500
6874777290.18511676788330078125
1282276649086.56054687500000000000
1282258802945.56054687500000000000
6145590048.30439186096191406250
7412191158.29161262512207031250
1282286964673.56054687500000000000
1282287269995.56054687500000000000
1282224402408.56054687500000000000
1282344875555.06054687500000000000
6188711857.22665023803710937500
1282219819980.56054687500000000000
1282793873761.56054687500000000000
1282052429194.56054687500000000000
1282171181466.56054687500000000000
1281956373240.06054687500000000000
1282302399766.56054687500000000000
1282081884236.56054687500000000000
1282463944453.56054687500000000000
1281960096196.06054687500000000000
1282141241979.56054687500000000000
6570781546.46413707733154296875
6080152603.03921699523925781250
6922257801.30332756042480468750
7336370725.30971717834472656250
1282059305638.56054687500000000000
7112953927.52909946441650390625
1282166869426.56054687500000000000
1282459964458.56054687500000000000
7341620774.24262428283691406250
1282523087609.06054687500000000000
7120473147.30332756042480468750
1282233252485.56054687500000000000
1282629387862.56054687500000000000
6446984552.20215606689453125000
1282135268725.56054687500000000000
1281986356109.56054687500000000000
6305793992.18724632263183593750
6521628376.56424331665039062500
5996555830.39810943603515625000
1282397195626.06054687500000000000
1282282993233.56054687500000000000
5622444961.27776813507080078125
1282032942090.06054687500000000000
6484719578.96253967285156250000
6089977848.36402988433837890625
1282281018852.56054687500000000000
1282379333059.56054687500000000000
1282332162510.56054687500000000000
6248065307.62707614898681640625
1282322922956.56054687500000000000
6491494351.39065456390380859375
1282338148666.56054687500000000000
6208681473.65689468383789062500
6541755493.08394527435302734375
1281979754668.56054687500000000000
1282256832195.06054687500000000000
1282622791087.06054687500000000000
1282305309729.56054687500000000000
6235976023.98916339874267578125
6321540078.31504154205322265625
6866833237.32462692260742187500
1282081325082.06054687500000000000
1282245584818.56054687500000000000
7209628422.03602123260498046875
6848781114.65795993804931640625
1282417284044.06054687500000000000
6955535462.05306148529052734375
6537513592.36616039276123046875
6950160226.58128261566162109375
1282272040930.56054687500000000000
6477021567.79747009277343750000
1282246081499.06054687500000000000
6285525013.90609645843505859375
1282321994545.56054687500000000000
7453270352.84113311767578125000
6358275147.12867355346679687500
1282204684781.06054687500000000000
6285757523.02856731414794921875
1282339084394.56054687500000000000
1282420147047.06054687500000000000
1282004903022.06054687500000000000
1282194950264.06054687500000000000
1282569222391.06054687500000000000
1282328004732.56054687500000000000
7078056229.89757633209228515625
1282375483716.06054687500000000000
6440517270.95827960968017578125
1282387059973.56054687500000000000
1282374785348.56054687500000000000
1282143521949.56054687500000000000
6260802359.68032455444335937500
6279399640.15529727935791015625
6326253375.47798156738281250000
6585929987.73996162414550781250
1282236897652.56054687500000000000
6150503999.55039882659912109375
1282424095610.56054687500000000000
6169005876.73463726043701171875
1282316209998.56054687500000000000
7277184839.26924896240234375000
1281780192606.06054687500000000000
1282563359429.06054687500000000000
5782742079.82728862762451171875
6412526591.76765060424804687500
6818402770.95188999176025390625
1282328342044.56054687500000000000
6166441530.57915306091308593750
6681345415.53548908233642578125
6570293826.42153835296630859375
6311181372.71120834350585937500
6282190020.33634090423583984375
1282409763544.06054687500000000000
6653561960.42366790771484375000
6633508717.14784240722656250000
1282029262274.06054687500000000000
6595594195.74635219573974609375
1282328404732.06054687500000000000
1282073281895.06054687500000000000
6238968358.86669254302978515625
1281920398220.56054687500000000000
5332990798.80492496490478515625
1282320538929.56054687500000000000
1282452125278.56054687500000000000
7172364958.54294395446777343750
6329722457.09672451019287109375
1282445085807.56054687500000000000
1282248933502.06054687500000000000
1281925259150.06054687500000000000
6215744715.54826831817626953125
1281951317235.06054687500000000000
6714991154.87734222412109375000
1282225439755.56054687500000000000
1282189138983.56054687500000000000
6102727502.98170852661132812500
1282635372066.06054687500000000000
1282318138751.06054687500000000000
1282173971737.56054687500000000000
6932474343.46733188629150390625
6121872669.35657501220703125000
1281907900680.06054687500000000000
1282479791513.56054687500000000000
6206208605.97638416290283203125
1282041687121.06054687500000000000
6950818734.54720401763916015625
1282182943246.56054687500000000000
6293694819.09246444702148437500
1282480732032.56054687500000000000
1282656543293.56054687500000000000
6048215135.51206016540527343750
1282441625894.56054687500000000000
6659398502.09778976440429687500
1281935115077.56054687500000000000
6625057589.87840747833251953125
6956920903.03708648681640625000
6123591769.62707614898681640625
1282355259452.06054687500000000000
6326563747.59086704254150390625
1282059863467.06054687500000000000
6575944471.27989768981933593750
1282208676800.06054687500000000000
6184246659.56530857086181640625
6356033561.87840747833251953125
1282526454214.56054687500000000000
1281996595775.06054687500000000000
1282477267777.56054687500000000000
1281973686013.56054687500000000000
6608522411.00087833404541015625
1282123348959.56054687500000000000
1282309970083.56054687500000000000
1282658079335.56054687500000000000
1282422327289.56054687500000000000
1282416328799.56054687500000000000
6912431814.76871585845947265625
6758086731.76552104949951171875
1282426448728.56054687500000000000
6348387125.72931194305419921875
6106207643.81024932861328125000
6415956740.89225196838378906250
6122339156.03602123260498046875
6565971773.15423297882080078125
6616610607.19044113159179687500
7032876125.32036685943603515625
6631965164.72611713409423828125
7075829933.34805583953857421875
6904405430.68138885498046875000
6486997344.64092063903808593750
6192844945.94869518280029296875
1281840187811.06054687500000000000
5854825774.53868389129638671875
6530772995.50354003906250000000
6334906344.56424331665039062500
6903991723.73357200622558593750
1282077629199.56054687500000000000
1282265777354.06054687500000000000
1281877149157.56054687500000000000
1281860897310.56054687500000000000
1282111717043.06054687500000000000
1282313225391.56054687500000000000
1282380809352.06054687500000000000
6866401586.50673484802246093750
5807034478.74741649627685546875
5946093903.76126098632812500000
1281979532535.56054687500000000000
7143021344.71333789825439453125
1281902719993.06054687500000000000
1282384393345.06054687500000000000
6160015977.84858798980712890625
1282424338524.06054687500000000000
1282327250048.06054687500000000000
1282493084103.56054687500000000000
1281898614116.56054687500000000000
1282356611157.06054687500000000000
6801630526.80918502807617187500
6821665235.84432792663574218750
1282267027800.06054687500000000000
6681802380.36616039276123046875
6665126699.27776813507080078125
6467089054.83048343658447265625
1282469133398.06054687500000000000
6668902500.90290164947509765625
6273314498.51312541961669921875
6059256689.13293361663818359375
1282232396171.06054687500000000000
1282417537083.56054687500000000000
1282461627939.06054687500000000000
1282417254525.56054687500000000000
6396343222.82622432708740234375
6522357673.06264591217041015625
1282522776749.56054687500000000000
1282372347006.06054687500000000000
1282819790973.06054687500000000000
6205602473.17340183258056640625
1282327334358.56054687500000000000
6107837888.80918502807617187500
1282236546920.06054687500000000000
1282417423192.56054687500000000000
1282098885320.56054687500000000000
1282262846237.06054687500000000000
1282010866935.56054687500000000000
1282199534529.56054687500000000000
6589520110.31717205047607421875
6489422139.57169818878173828125
5967347892.92420101165771484375
6037414969.54826831817626953125
5957358800.27670288085937500000
6786496777.86988735198974609375
5861882983.86136817932128906250
1282181731035.56054687500000000000
6564691605.93804550170898437500
1282182688791.06054687500000000000
1282220132981.06054687500000000000
1281917352990.56054687500000000000
6959970961.37574481964111328125
1282514327640.56054687500000000000
6198179123.19257164001464843750
6490356503.44816207885742187500
5882064174.73250770568847656250
1281989838806.56054687500000000000
1282403223837.56054687500000000000
7446756630.10843944549560546875
5834118882.11695861816406250000
1282616089434.06054687500000000000
1282615398918.56054687500000000000
6033407603.79321002960205078125
1282118267083.56054687500000000000
1282432589435.06054687500000000000
6569757797.88053703308105468750
1282152704673.06054687500000000000
5482718234.67286968231201171875
6556778607.96999359130859375000
1281851352993.56054687500000000000
7058138779.85284805297851562500
1282438687156.06054687500000000000
6599997081.83793830871582031250
1282140705331.56054687500000000000
6289434378.14038848876953125000
1282398559224.06054687500000000000
1282523931728.56054687500000000000
1282269304542.06054687500000000000
6257258191.11163425445556640625
1282371490988.06054687500000000000
6593041568.09778976440429687500
6538386266.01046276092529296875
5564312399.29054737091064453125
1282169190377.06054687500000000000
1282283234225.06054687500000000000
1282217765602.06054687500000000000
1282481411870.56054687500000000000
5838556095.61216640472412109375
1282188539009.56054687500000000000
1281915774239.56054687500000000000
1282572850546.56054687500000000000
1282378635717.56054687500000000000
1282014288614.06054687500000000000
6201692712.36190032958984375000
6758875767.57595729827880859375
7073411872.23836421966552734375
6723571632.24688434600830078125
6768991460.25540351867675781250
1282007494990.06054687500000000000
1282550151502.56054687500000000000
8052679479.92100524902343750000
6610694176.68564891815185546875
1282104752706.56054687500000000000
5997878734.05306148529052734375
6670173556.83261394500732421875
6084584200.52164459228515625000
1282188976468.06054687500000000000
6990729040.24688434600830078125
1282493620131.56054687500000000000
6740656270.34699058532714843750
6089618409.56104850769042968750
6877899046.08714008331298828125
1282258675674.06054687500000000000
6988929273.97425365447998046875
1282172137580.56054687500000000000
5618171558.14464759826660156250
6154466302.34699058532714843750
6557150327.68032455444335937500
7228982736.43857765197753906250
6102911230.11056900024414062500
1282056067163.06054687500000000000
1282206719142.56054687500000000000
6047637845.95934391021728515625
1282279493488.56054687500000000000
1282215575571.06054687500000000000
1282320430270.56054687500000000000
5737524418.28948307037353515625
1282436965752.56054687500000000000
1282319531973.56054687500000000000
6667308120.66860961914062500000
1282302722548.06054687500000000000
1282435367767.06054687500000000000
5963536447.29906749725341796875
1282177533670.56054687500000000000
6533873979.55039882659912109375
6465178031.16914176940917968750
1282204088590.06054687500000000000
1282126076811.56054687500000000000
1282475640471.06054687500000000000
1281873818829.56054687500000000000
6557014362.63240051269531250000
6867226507.06051540374755859375
1281896201639.56054687500000000000
6013291907.09885406494140625000
6536204877.58447742462158203125
6270738574.70055866241455078125
6660846948.91142082214355468750
5874722038.17020702362060546875
1281870465983.56054687500000000000
6874817597.21387004852294921875
6381484361.82941913604736328125
6417788107.47585105895996093750
6173054855.12654304504394531250
6590995848.03602123260498046875
6919619032.48969554901123046875
1282089883211.56054687500000000000
6449533690.57063293457031250000
6997894177.50780010223388671875
1282251280755.06054687500000000000
1282373138741.56054687500000000000
6147440311.74209213256835937500
1282121044685.56054687500000000000
6721784065.96786403656005859375
1282582049834.56054687500000000000
6867641384.76019668579101562500
1282328932227.06054687500000000000
1282039022649.56054687500000000000
1281994517187.06054687500000000000
6380945607.19470119476318359375
6626910116.90290164947509765625
6415984001.82941913604736328125
1282293406857.06054687500000000000
6619678901.08820438385009765625
6301076418.58341217041015625000
1282379467607.56054687500000000000
1282530878794.56054687500000000000
1282275633911.56054687500000000000
1282257263690.56054687500000000000
6984061734.24901390075683593750
1281980615962.06054687500000000000
1282244346119.56054687500000000000
1282085019491.56054687500000000000
1282608445847.56054687500000000000
1282208087764.06054687500000000000
1282043909608.06054687500000000000
1282682747671.56054687500000000000
5449340168.96466922760009765625
1282237137156.56054687500000000000
1282316843668.56054687500000000000
6356666681.91035652160644531250
1282188131139.06054687500000000000
1281810169421.06054687500000000000
6939502049.24368953704833984375
1282356602297.56054687500000000000
6596483322.84965324401855468750
1282344090679.06054687500000000000
6566153558.35338020324707031250
5893877780.27031326293945312500
1282397856462.06054687500000000000
1282326384985.06054687500000000000
1282328455819.56054687500000000000
1282143063841.56054687500000000000
1282207499387.06054687500000000000
1281988405386.06054687500000000000
6190406277.80811977386474609375
1282594076554.06054687500000000000
1282376936779.06054687500000000000
1281754722535.56054687500000000000
6361955197.83367919921875000000
5739411905.04347610473632812500
6648601778.46413707733154296875
1282132580184.06054687500000000000
1282253530244.56054687500000000000
6393781656.70694828033447265625
1282084326590.56054687500000000000
1282079463025.06054687500000000000
1282424407999.56054687500000000000
1282247065634.06054687500000000000
1282280370567.06054687500000000000
6742604742.08500957489013671875
6997387626.54081439971923828125
6381613571.07968521118164062500
1282621909919.06054687500000000000
1282391855166.06054687500000000000
1282449287486.56054687500000000000
7052920686.85178279876708984375
1282172026498.56054687500000000000
1282081084563.56054687500000000000
1282041348569.06054687500000000000
1282255235277.06054687500000000000
1282672455691.06054687500000000000
1282008232211.06054687500000000000
1282013789470.56054687500000000000
1282439252675.06054687500000000000
1282197868678.06054687500000000000
6639093589.12654304504394531250
1282130062867.06054687500000000000
1282133325041.06054687500000000000
6581972309.01365756988525390625
1281831955672.06054687500000000000
1282117540878.06054687500000000000
6524440114.97531890869140625000
1282028118931.06054687500000000000
6379261758.34273052215576171875
1282260959684.06054687500000000000
6252001697.04986572265625000000
7034644752.79001522064208984375
1282217464224.06054687500000000000
1282232950176.56054687500000000000
1282140749562.56054687500000000000
1282161663417.56054687500000000000
6848788620.65583038330078125000
1281976470013.06054687500000000000
1282118229343.06054687500000000000
1282220637232.56054687500000000000
6283854191.16701221466064453125
1282397758029.06054687500000000000
6300357457.06690597534179687500
1282263180829.06054687500000000000
6597047565.31184673309326171875
1281806545144.06054687500000000000
1282425644377.06054687500000000000
6063277731.30758762359619140625
1282363072968.06054687500000000000
1282592844768.56054687500000000000
6824758240.39810943603515625000
1282320369420.56054687500000000000
6668119162.01898193359375000000
6280276282.56850337982177734375
1282287773864.56054687500000000000
1282123076809.06054687500000000000
1282654875565.06054687500000000000
1282239651422.56054687500000000000
1282172762062.06054687500000000000
1282509275291.56054687500000000000
6348122808.51738452911376953125
1282276540771.56054687500000000000
1282168287308.06054687500000000000
1282100469366.06054687500000000000
6375046103.64411544799804687500
1281947504454.06054687500000000000
6689121675.27989768981933593750
1282254082874.06054687500000000000
1282100831368.56054687500000000000
6035189275.35657501220703125000
6079618802.12334823608398437500
1282230968154.56054687500000000000
1282312149982.56054687500000000000
6641191369.68671417236328125000
6699053668.80066490173339843750
6630791095.39917373657226562500
1281798557591.06054687500000000000
6513162301.23091030120849609375
6433766385.06477546691894531250
1282007059266.56054687500000000000
1282379493115.06054687500000000000
1282532497103.06054687500000000000
1282208571862.56054687500000000000
6527924762.99874782562255859375
1282221152482.56054687500000000000
1282511347923.06054687500000000000
1282369144728.56054687500000000000
6326223731.08181476593017578125
5997688095.29267787933349609375
6304661749.26924896240234375000
1282321440603.56054687500000000000
6314637092.57489299774169921875
5704106491.07755565643310546875
1282341963706.56054687500000000000
1282524613018.56054687500000000000
1282213315669.06054687500000000000
1282303378223.56054687500000000000
6699637605.26711845397949218750
6951145080.63027095794677734375
6677170953.92100524902343750000
6835869929.24794960021972656250
1282481180970.06054687500000000000
1282212845230.56054687500000000000
1282796113368.56054687500000000000
1281978903609.56054687500000000000
1282166775481.06054687500000000000
6705271272.22558498382568359375
1282228568406.06054687500000000000
6542613493.37148475646972656250
6338090151.31397724151611328125
1282601273311.06054687500000000000
1281893975302.56054687500000000000
1282162016621.56054687500000000000
1282209272668.06054687500000000000
1282081646778.06054687500000000000
1282459890854.06054687500000000000
1282127081406.06054687500000000000
6251796075.26285839080810546875
1282462899506.56054687500000000000
1282157823133.56054687500000000000
6002166753.60364723205566406250
6843862164.74102687835693359375
6930298208.44070720672607421875
1282490078584.06054687500000000000
6328828869.74848175048828125000
1282451512292.56054687500000000000
5639971247.53761959075927734375
1281923567135.06054687500000000000
1282141404134.56054687500000000000
6308665451.92952537536621093750
1282225369541.06054687500000000000
6365871236.95188999176025390625
1282297135973.56054687500000000000
5956301122.86456298828125000000
5596703657.03282642364501953125
6164960688.30226230621337890625
6221482463.54613876342773437500
6255789647.72292232513427734375
1282117550605.56054687500000000000
6570710668.02750205993652343750
5798992695.07755565643310546875
1282528174640.56054687500000000000
1282453066950.56054687500000000000
1282339291955.06054687500000000000
1282259088156.56054687500000000000
1282158775765.06054687500000000000
6599624471.07755565643310546875
6611267507.45881175994873046875
1282546822820.06054687500000000000
1282234028408.56054687500000000000
7314614038.07223033905029296875
1282368965309.06054687500000000000
6249200086.84113311767578125000
6461304074.18724632263183593750
6591299940.84326362609863281250
6573734109.74209213256835937500
6462048807.22877979278564453125
1281933247028.06054687500000000000
1282345332920.06054687500000000000
6331607918.01046276092529296875
6383975251.29693794250488281250
1281863771059.56054687500000000000
1282213067138.06054687500000000000
6593852374.69842815399169921875
6111240047.77404117584228515625
1282218959675.06054687500000000000
6468922272.44070720672607421875
7412650940.11908912658691406250
6705927136.01046276092529296875
1282009675715.56054687500000000000
1282328001476.56054687500000000000
1282242243099.56054687500000000000
6466029641.26924896240234375000
6042947764.04667091369628906250
1282163278596.06054687500000000000
6365250020.22984504699707031250
6513600668.88799190521240234375
6009836665.72505283355712890625
1282298794453.56054687500000000000
1281977879467.56054687500000000000
5982781741.92739582061767578125
6112855301.75487136840820312500
1282064996378.06054687500000000000
1282183142184.06054687500000000000
1282547002384.56054687500000000000
1282252701888.56054687500000000000
1282201175003.06054687500000000000
6365931562.63879013061523437500
6700199454.28096294403076171875
1282393684548.56054687500000000000
6189102485.77830028533935546875
1282139646572.56054687500000000000
6990008820.07223033905029296875
6489325250.86456298828125000000
6395251915.26711845397949218750
6215421831.77404117584228515625
6150633882.08288002014160156250
1282164265735.56054687500000000000
1282078108950.06054687500000000000
1282108310677.06054687500000000000
6024075877.32888603210449218750
6338322060.07649040222167968750
6211294961.42260360717773437500
6993021409.35657501220703125000
6182422137.68458366394042968750
6594318659.59299755096435546875
6847522223.75913143157958984375
1282586325423.56054687500000000000
5986338384.19789600372314453125
6380547045.10098457336425781250
6497650339.50354003906250000000
1281890896145.06054687500000000000
1282386869078.56054687500000000000
6479233506.65369987487792968750
6964453297.76552104949951171875
1282354976743.06054687500000000000
6106826842.68351936340332031250
