427585180275.49218750000000000000
463166294632.11944580078125000000
515856326267.81707763671875000000
582118828023.92382812500000000000
800458824271.35327148437500000000
601953598417.63720703125000000000
249068760270.11553955078125000000
396916102349.68035888671875000000
287901220504.55810546875000000000
319736502050.26208496093750000000
256815457848.18383789062500000000
183819576411.23876953125000000000
281540511090.65600585937500000000
217578277491.18902587890625000000
269655653794.70861816406250000000
680248447607.65478515625000000000
601036145690.75683593750000000000
455813986402.46868896484375000000
893892214409.81018066406250000000
398550744153.32775878906250000000
715575955506.26647949218750000000
604246736948.53503417968750000000
338529739980.85534667968750000000
359817376265.50024414062500000000
257089760215.05184936523437500000
362742604993.15759277343750000000
377421097212.90576171875000000000
207978177333.56997680664062500000
796798836657.78344726562500000000
362108672566.53198242187500000000
510368283059.56964111328125000000
288093598947.42077636718750000000
474205585322.82415771484375000000
383988086786.79309082031250000000
350712967343.66754150390625000000
373211230075.53515625000000000000
437893464213.04748535156250000000
364475028895.10272216796875000000
307248213839.90814208984375000000
464803091686.61944580078125000000
329727609373.54119873046875000000
401598630048.65551757812500000000
422346577932.63781738281250000000
589433850385.67004394531250000000
687474178646.43798828125000000000
596956026997.93896484375000000000
478684039011.38049316406250000000
476615379713.32415771484375000000
441149087952.42376708984375000000
366976423721.53198242187500000000
294770248593.37988281250000000000
575883422402.16748046875000000000
224950840971.02059936523437500000
428159152451.25708007812500000000
926526636623.17639160156250000000
461513570876.61944580078125000000
363800646735.48333740234375000000
341284480312.75756835937500000000
389579616291.07727050781250000000
442284924599.00360107421875000000
676427433624.30603027343750000000
334160140949.66625976562500000000
457043313250.64611816406250000000
717252107443.76647949218750000000
297413947186.29394531250000000000
370789744604.29394531250000000000
688169854944.43798828125000000000
460320460957.95776367187500000000
178361192650.40545654296875000000
497426708589.23333740234375000000
204811137970.59432983398437500000
449607683852.82971191406250000000
924136535712.17639160156250000000
290057300793.05810546875000000000
387262330779.28686523437500000000
496300725361.48059082031250000000
694666194062.88134765625000000000
886818194045.01599121093750000000
400023821204.70935058593750000000
266312752487.24609375000000000000
552594023227.33520507812500000000
855441435768.24975585937500000000
528942982723.47290039062500000000
283570001441.65600585937500000000
266092779726.62844848632812500000
203418473228.33840942382812500000
417480631612.94909667968750000000
716346866820.26647949218750000000
283935997891.74487304687500000000
924165390793.67639160156250000000
336465281573.84008789062500000000
489513057837.73333740234375000000
398596587169.83007812500000000000
163877484819.95272827148437500000
323792125764.51013183593750000000
457988315493.67395019531250000000
922085400594.17639160156250000000
1105493204905.13940429687500000000
360469214513.79797363281250000000
434966946357.04754638671875000000
211629175368.34530639648437500000
715503472682.26647949218750000000
378479992916.82611083984375000000
460300421037.45776367187500000000
475385099679.79949951171875000000
377840683099.32611083984375000000
414595301707.93670654296875000000
690472746262.37719726562500000000
397440629079.16754150390625000000
548623373496.37237548828125000000
240136003092.20407104492187500000
793626873426.85327148437500000000
575544303360.66748046875000000000
146254017681.06091308593750000000
417624898111.04644775390625000000
551994777875.83520507812500000000
289488947848.55279541015625000000
436111225805.86352539062500000000
202397097791.59432983398437500000
379608856646.90576171875000000000
362308682983.49621582031250000000
345570095482.25189208984375000000
247553021894.41619873046875000000
509235609002.56964111328125000000
222154199237.52059936523437500000
401303814359.15551757812500000000
545052017158.87243652343750000000
895282274438.75134277343750000000
286584173175.58392333984375000000
292550568239.99304199218750000000
556935993241.21337890625000000000
447373818236.32971191406250000000
530615091601.78527832031250000000
336448511346.75189208984375000000
369115195918.25708007812500000000
546843852962.37243652343750000000
352132780402.84008789062500000000
475993133189.32415771484375000000
474902776740.07531738281250000000
462289207295.95776367187500000000
547862588375.51849365234375000000
631408980457.33398437500000000000
383294476814.29309082031250000000
203091785972.13577270507812500000
232262363565.08465576171875000000
283811947082.03454589843750000000
450138323715.86035156250000000000
222891628137.08465576171875000000
563151775924.38232421875000000000
461318325086.55712890625000000000
526582784189.47290039062500000000
381609870175.75463867187500000000
443227989707.47985839843750000000
898647776499.75134277343750000000
420402327918.26513671875000000000
374965997195.36730957031250000000
352383192220.42944335937500000000
330960351757.46093750000000000000
242611785964.02288818359375000000
694702180010.01831054687500000000
565617980032.28759765625000000000
286783499192.49871826171875000000
296440092140.74487304687500000000
576041920348.53247070312500000000
436771425636.15429687500000000000
330299209918.36926269531250000000
372942014166.79394531250000000000
342194577068.25756835937500000000
373229745471.79394531250000000000
705744907036.69165039062500000000
611834370446.78735351562500000000
343490934500.66418457031250000000
454816942788.55712890625000000000
188949707306.18707275390625000000
241359588621.31365966796875000000
475423405705.32415771484375000000
357217618940.77154541015625000000
207924765035.07269287109375000000
186981791918.52966308593750000000
221227301975.52059936523437500000
381396157531.40576171875000000000
493272322034.73333740234375000000
746463322165.52697753906250000000
404382522887.15551757812500000000
566042055953.78759765625000000000
922862839693.67639160156250000000
184283177939.26995849609375000000
426494503885.45043945312500000000
481477193155.92443847656250000000
422746328794.13781738281250000000
600528950935.75683593750000000000
207036183554.30136108398437500000
422534648871.80609130859375000000
603471220365.75683593750000000000
633196060610.33398437500000000000
250737154205.18701171875000000000
551226966104.83520507812500000000
577323230882.16748046875000000000
284866549023.17919921875000000000
896972601648.25134277343750000000
509555081794.97558593750000000000
295537615804.81512451171875000000
611068917128.59094238281250000000
459583678067.11944580078125000000
312559679957.71173095703125000000
416995570517.09448242187500000000
224150102928.02059936523437500000
516826799438.01348876953125000000
529658821180.47290039062500000000
392213448568.13812255859375000000
615915321651.49060058593750000000
549617788889.45520019531250000000
476626156110.82415771484375000000
275925001143.88195800781250000000
541084142024.72741699218750000000
472670355461.82415771484375000000
467430885401.18017578125000000000
486187879926.97216796875000000000
365102383223.19885253906250000000
261832206357.62136840820312500000
459613739550.96313476562500000000
505705319232.47558593750000000000
456649438907.17395019531250000000
382619090600.72772216796875000000
451090630904.67395019531250000000
294880363112.49304199218750000000
383433584364.22772216796875000000
307521681640.90814208984375000000
336265115470.09735107421875000000
290809985582.05810546875000000000
613515045227.89709472656250000000
362871841471.36730957031250000000
923660391106.67639160156250000000
302080798583.09954833984375000000
605402325514.20654296875000000000
317868821241.25115966796875000000
474363301152.75695800781250000000
257568213451.20428466796875000000
853262818276.24975585937500000000
406825066189.40930175781250000000
221854635960.83840942382812500000
242566129548.94647216796875000000
344987955667.92437744140625000000
560879639915.88232421875000000000
247006164477.40762329101562500000
368396935477.83502197265625000000
302539349296.10992431640625000000
923346173497.67639160156250000000
339586403164.41345214843750000000
375111694995.32617187500000000000
546380975291.25042724609375000000
299165402672.37988281250000000000
897347916729.75134277343750000000
215092400273.48828125000000000000
526705787918.97290039062500000000
193177455979.55136108398437500000
215610372001.33612060546875000000
311748591509.45031738281250000000
573814716363.66748046875000000000
371465114301.92779541015625000000
483798554460.38049316406250000000
608119081979.59094238281250000000
527759975462.82696533203125000000
312078789818.67004394531250000000
719528828112.76647949218750000000
517724102569.84161376953125000000
359081031050.17224121093750000000
485913585258.88049316406250000000
744529405373.52697753906250000000
382824845553.22772216796875000000
562482037808.38232421875000000000
460018030280.96313476562500000000
572952897871.16748046875000000000
448875090649.71240234375000000000
339738862095.44323730468750000000
285461815140.29376220703125000000
387792523447.88897705078125000000
892047566779.25134277343750000000
354917133355.09558105468750000000
491302718959.70098876953125000000
576639144433.16748046875000000000
565023159361.04626464843750000000
386619468499.29309082031250000000
359486765653.65759277343750000000
779258533548.83618164062500000000
509017906877.56964111328125000000
460758230277.95507812500000000000
923391224672.17639160156250000000
394994326170.20935058593750000000
224600834887.80764770507812500000
449456832106.40069580078125000000
382523840601.20208740234375000000
465607215660.95776367187500000000
473125604629.32415771484375000000
854845141500.74975585937500000000
713118615842.26647949218750000000
337760836570.94323730468750000000
437520018511.54748535156250000000
232366884253.57214355468750000000
575202939670.66748046875000000000
377112065500.50927734375000000000
923243074624.67639160156250000000
280351516714.53039550781250000000
319290638445.63513183593750000000
504952974525.97558593750000000000
549674312972.83520507812500000000
340094868261.95544433593750000000
460445590422.95507812500000000000
690017768900.37719726562500000000
303549497709.10992431640625000000
286386488901.13879394531250000000
335357961386.40893554687500000000
249581955209.40762329101562500000
308107015799.60992431640625000000
487622049529.48297119140625000000
313264614558.09954833984375000000
921479188550.17639160156250000000
794703234000.85327148437500000000
516129029670.23059082031250000000
416668461882.44909667968750000000
161868409001.90545654296875000000
484682760659.42443847656250000000
371157195587.59582519531250000000
560644498445.72607421875000000000
241575046344.02151489257812500000
492623300045.73333740234375000000
324466992852.51013183593750000000
329055188529.51013183593750000000
798842083579.35327148437500000000
214479606349.75344848632812500000
713663158438.76647949218750000000
384128113809.11608886718750000000
439866031484.50360107421875000000
280554460515.31201171875000000000
334360395581.96948242187500000000
376898492402.82611083984375000000
453496147077.67395019531250000000
566816602309.78759765625000000000
602089293392.63720703125000000000
340157828542.93469238281250000000
155862539390.89495849609375000000
295396032087.81512451171875000000
277605288730.14855957031250000000
428201951868.86132812500000000000
202302425932.03369140625000000000
471211118117.89294433593750000000
305417145222.40814208984375000000
224552744809.63577270507812500000
444375731211.92376708984375000000
500341907430.48059082031250000000
252236016679.24609375000000000000
272063085231.60385131835937500000
925604161035.17639160156250000000
895788705212.75134277343750000000
389589307356.47576904296875000000
607611280337.39709472656250000000
318217456024.00744628906250000000
925357629396.67639160156250000000
560732229060.25134277343750000000
689061648179.93798828125000000000
455935453055.71459960937500000000
403820435579.33007812500000000000
895897839381.25134277343750000000
164890330880.39181518554687500000
341241224322.97937011718750000000
383946482737.75463867187500000000
475331717451.28967285156250000000
467174613155.10284423828125000000
577579882981.66748046875000000000
563618632569.50280761718750000000
510343370570.56964111328125000000
522821861037.44042968750000000000
461624369520.10278320312500000000
236294413869.27151489257812500000
509146924484.56964111328125000000
361081823024.02337646484375000000
228473154168.81365966796875000000
312585026340.63146972656250000000
242011390509.02151489257812500000
271491064356.11697387695312500000
433184538426.86804199218750000000
359140362291.79394531250000000000
490610521668.28967285156250000000
556367323279.83520507812500000000
574967773833.16748046875000000000
280513659756.97375488281250000000
677611101860.60375976562500000000
575413319541.66748046875000000000
383966416668.22772216796875000000
266248419473.74609375000000000000
319636285139.88922119140625000000
353141063479.59759521484375000000
512180335824.40820312500000000000
690125797376.88134765625000000000
899845488060.75134277343750000000
274762739879.42080688476562500000
264068973324.39685058593750000000
610279380225.59094238281250000000
483987764628.38049316406250000000
408237991515.90930175781250000000
712811004450.76647949218750000000
117720506646.84381103515625000000
492125957543.73333740234375000000
296313406520.16699218750000000000
492898449554.68438720703125000000
301506659385.10992431640625000000
902468540392.25134277343750000000
434234366636.15429687500000000000
344059398112.16418457031250000000
454240456258.36035156250000000000
436421246502.50360107421875000000
341622165196.91345214843750000000
283894297343.77154541015625000000
339475636594.94323730468750000000
278985899773.62841796875000000000
562445788417.78344726562500000000
377290776860.86730957031250000000
479511183078.75695800781250000000
607911648718.89709472656250000000
614637028791.06787109375000000000
363765446682.33502197265625000000
416450888168.48632812500000000000
547791063588.37237548828125000000
408101322481.13562011718750000000
855558269148.74987792968750000000
481449643833.98297119140625000000
717216111144.76647949218750000000
198350297418.60128784179687500000
278415825610.12182617187500000000
569074499044.78344726562500000000
254768766446.68701171875000000000
238714844227.68701171875000000000
485507943339.38049316406250000000
715399312307.26647949218750000000
165637822502.45919799804687500000
487359622012.28967285156250000000
212459003648.37185668945312500000
342771917282.61529541015625000000
363978740914.49841308593750000000
713417011252.26647949218750000000
439705570410.36352539062500000000
257773282341.05184936523437500000
396305792442.70935058593750000000
422404749474.80609130859375000000
316385478974.71173095703125000000
197705518165.89129638671875000000
692412897409.88134765625000000000
854862862719.24975585937500000000
746170668482.02697753906250000000
560906222113.66748046875000000000
364094601998.48333740234375000000
404476367410.65551757812500000000
468001135032.60278320312500000000
340615303888.61529541015625000000
544449358920.37237548828125000000
715940177213.76647949218750000000
263381500512.11697387695312500000
347201141194.16418457031250000000
331958485631.89453125000000000000
377726463512.40069580078125000000
421998771462.63781738281250000000
377464925066.82611083984375000000
385201343705.97576904296875000000
256413377919.75061035156250000000
438678900196.00360107421875000000
507396964116.27770996093750000000
404806188703.40930175781250000000
576265094758.16748046875000000000
361946320396.06091308593750000000
191817179548.08145141601562500000
394687161931.13812255859375000000
748164931585.02697753906250000000
196487162202.39520263671875000000
322206225614.09735107421875000000
102022132260.69714355468750000000
159890465161.50811767578125000000
402549201239.13562011718750000000
284395544236.27447509765625000000
462612232668.10278320312500000000
464423496371.06140136718750000000
405389323853.04644775390625000000
461603546943.17584228515625000000
463027598681.45507812500000000000
536658777981.72174072265625000000
367006574817.49841308593750000000
451683175131.87506103515625000000
475251854043.75695800781250000000
606770354640.92968750000000000000
236433061595.58465576171875000000
444932181416.81628417968750000000
402393789515.13562011718750000000
469531603884.17584228515625000000
387350541947.43292236328125000000
466188668801.06140136718750000000
412185642963.90930175781250000000
304695260557.07550048828125000000
368197862025.84350585937500000000
467467664637.60278320312500000000
278187922851.62841796875000000000
313114493349.25732421875000000000
380121725287.00927734375000000000
289242567800.47760009765625000000
696925028853.50329589843750000000
354070346519.58190917968750000000
496025606823.18438720703125000000
897528970785.25134277343750000000
440240755533.60827636718750000000
920220167076.67639160156250000000
851988592567.74975585937500000000
459839614637.05712890625000000000
495446497461.73333740234375000000
691196169262.38134765625000000000
586640422078.33020019531250000000
145186648029.45272827148437500000
898417621727.25134277343750000000
715541459976.26647949218750000000
418418518000.09448242187500000000
294630697744.81512451171875000000
718077005022.26647949218750000000
286253239490.87084960937500000000
396959682728.50341796875000000000
366082617019.79797363281250000000
280150040466.12841796875000000000
555242607808.83520507812500000000
229993598462.33612060546875000000
153244816949.49685668945312500000
185935397977.39181518554687500000
440665811483.10827636718750000000
922253855481.67639160156250000000
332990009726.62640380859375000000
588753124229.39257812500000000000
365625691154.48333740234375000000
892039541141.25134277343750000000
245498817503.59146118164062500000
385438538119.20208740234375000000
437218525252.42376708984375000000
691247854578.38134765625000000000
467186165887.73693847656250000000
341719835685.61529541015625000000
195345496938.02941894531250000000
675200299360.15478515625000000000
339861864118.25189208984375000000
425654036950.80609130859375000000
410732530285.33300781250000000000
853203788493.74975585937500000000
254689993873.70428466796875000000
384547826725.57824707031250000000
382616093316.79309082031250000000
525449925251.97290039062500000000
198174558044.13885498046875000000
330746882821.39453125000000000000
455211147027.90509033203125000000
792480609961.35327148437500000000
308824541950.57550048828125000000
452702306501.67395019531250000000
488117385687.98297119140625000000
578730199067.66748046875000000000
923003870497.67639160156250000000
338717080848.41345214843750000000
213098796903.42492675781250000000
316791007078.26208496093750000000
852158640734.24975585937500000000
474401704988.82415771484375000000
330706950296.39453125000000000000
924966897603.17639160156250000000
690815506285.29541015625000000000
211043443983.92492675781250000000
491947100675.68432617187500000000
691316315604.85778808593750000000
489532292405.97216796875000000000
158840355278.95272827148437500000
199916348891.20861816406250000000
461837014665.06140136718750000000
747026098798.02697753906250000000
240482851176.26004028320312500000
564409185813.28759765625000000000
494077480233.50122070312500000000
603846762540.63720703125000000000
401181185224.63562011718750000000
496490185444.68432617187500000000
678102189662.15478515625000000000
677759401878.66833496093750000000
923323577734.67639160156250000000
144976690224.38970947265625000000
463189642159.96313476562500000000
793000926395.85327148437500000000
794298226008.85327148437500000000
248814040043.61553955078125000000
313598166434.85272216796875000000
576671966710.66748046875000000000
405827462172.63562011718750000000
895695095991.75134277343750000000
338162463341.22595214843750000000
439721603616.86352539062500000000
399076748236.16754150390625000000
205117397638.57690429687500000000
746518152973.02697753906250000000
693477825732.38134765625000000000
408450812047.66687011718750000000
553822746393.83520507812500000000
656124249824.36315917968750000000
451964091755.86035156250000000000
634213859269.33398437500000000000
892597644255.75134277343750000000
716988916511.76647949218750000000
255623954351.13192749023437500000
608057466044.59094238281250000000
224625101974.29376220703125000000
371974450920.21496582031250000000
317749070580.75341796875000000000
363940216248.33502197265625000000
636576064962.83398437500000000000
263360911860.27197265625000000000
339249867260.91345214843750000000
361752462705.99841308593750000000
374585770017.58856201171875000000
462528422571.96313476562500000000
203061926947.05804443359375000000
337307007767.74194335937500000000
307199151165.05810546875000000000
214876954432.14852905273437500000
237069930919.27941894531250000000
695419325281.38134765625000000000
405637969362.65551757812500000000
273562940501.38192749023437500000
241171539425.60067749023437500000
640188786139.83398437500000000000
373417092059.94439697265625000000
300313838448.08074951171875000000
248117390182.05810546875000000000
399732986325.82775878906250000000
428514263131.36138916015625000000
509460518798.06964111328125000000
274158460833.14855957031250000000
350750009853.76245117187500000000
251439863313.79629516601562500000
430211979364.58752441406250000000
714793390645.26647949218750000000
458814913270.45776367187500000000
716179256029.26647949218750000000
201843138042.34432983398437500000
679201442075.65478515625000000000
641350522991.83398437500000000000
317395624079.80883789062500000000
271409601629.77087402343750000000
305373416247.12866210937500000000
198036242260.81091308593750000000
467257562617.68023681640625000000
415026885155.43670654296875000000
406003649953.65551757812500000000
921345366975.67639160156250000000
238986677928.60067749023437500000
509990974435.06964111328125000000
477280175538.79949951171875000000
285444755114.03454589843750000000
926141215958.17639160156250000000
361509860071.00024414062500000000
459945172934.95776367187500000000
676567552723.15478515625000000000
187146817626.40762329101562500000
257107109208.70428466796875000000
482193120410.38049316406250000000
382881639972.57824707031250000000
496647646840.23333740234375000000
567724874168.78344726562500000000
854171406141.24975585937500000000
721800498450.44458007812500000000
609860211836.59082031250000000000
472056565253.35278320312500000000
746279955521.02697753906250000000
333946605953.35748291015625000000
288406946653.79376220703125000000
343490514091.75756835937500000000
425364746454.86132812500000000000
919328790561.17639160156250000000
925793556004.17639160156250000000
212118912222.34432983398437500000
462596942039.68017578125000000000
341846036232.61529541015625000000
636298402135.83398437500000000000
745931705225.58996582031250000000
348855003405.49841308593750000000
336100666620.16625976562500000000
374370066430.25708007812500000000
484769143131.98297119140625000000
298433261255.67004394531250000000
286248531188.35644531250000000000
394266745023.23394775390625000000
424090938487.54541015625000000000
301005230040.35644531250000000000
342282139188.47937011718750000000
374704331263.53515625000000000000
360081369049.49841308593750000000
604737732788.89709472656250000000
118233975710.34381103515625000000
451994081378.04309082031250000000
563792184153.38232421875000000000
671061854058.22180175781250000000
377142943871.00927734375000000000
892850041395.11791992187500000000
504800742373.35363769531250000000
921772212342.17639160156250000000
348572413985.94439697265625000000
370543901957.79394531250000000000
843960033221.18090820312500000000
215276105978.01257324218750000000
383235682408.07830810546875000000
899108652129.25134277343750000000
437863475960.54748535156250000000
548206802545.35778808593750000000
366392402884.73101806640625000000
688369285050.43786621093750000000
234038195722.81997680664062500000
468825617226.68017578125000000000
472001679542.10284423828125000000
464105249726.95776367187500000000
269044738112.87219238281250000000
505556464281.62005615234375000000
423292333224.80609130859375000000
282026497611.51220703125000000000
853297212152.74975585937500000000
796047341659.85327148437500000000
414323324941.95043945312500000000
558248916113.88232421875000000000
302749330889.88818359375000000000
214644728289.16680908203125000000
694979430031.43798828125000000000
690751726639.87719726562500000000
574436841335.16748046875000000000
417998458913.83666992187500000000
855393899659.74975585937500000000
855885651276.74975585937500000000
484223510047.51831054687500000000
923724788436.17639160156250000000
458496516713.05712890625000000000
606442129347.39709472656250000000
694109328978.88134765625000000000
542809508756.86029052734375000000
601942850998.39709472656250000000
470544072207.60284423828125000000
794806218199.06762695312500000000
693492506294.93798828125000000000
523394678456.92126464843750000000
1096827899700.32543945312500000000
688254867569.93786621093750000000
214170702346.34530639648437500000
282580687507.66040039062500000000
358236022792.67224121093750000000
545686012909.87237548828125000000
636713956380.83398437500000000000
896072503140.75134277343750000000
712372335347.76647949218750000000
322284978830.74621582031250000000
464932204400.10284423828125000000
405270044410.15551757812500000000
501834099603.55822753906250000000
434796335471.18017578125000000000
523994898830.47290039062500000000
795911945764.85327148437500000000
176746018118.07269287109375000000
688393420359.93798828125000000000
460545832432.95776367187500000000
365059917205.33502197265625000000
311194072929.71173095703125000000
380124454756.20208740234375000000
385069683074.29309082031250000000
694366141431.00329589843750000000
858079940351.74987792968750000000
407802567793.40930175781250000000
897989723748.75134277343750000000
483470668724.98297119140625000000
694790101018.50329589843750000000
429907245735.95739746093750000000
692926964490.43798828125000000000
573808862035.16748046875000000000
386418637324.93292236328125000000
190937830171.32690429687500000000
421795934480.54644775390625000000
415445028181.67138671875000000000
397178686935.67224121093750000000
548995677435.33520507812500000000
577423041257.66748046875000000000
449515633681.82971191406250000000
464230715430.18017578125000000000
181479357138.04550170898437500000
693153232582.88134765625000000000
339919221418.16625976562500000000
192134230350.18707275390625000000
264906334848.38818359375000000000
748287584173.52697753906250000000
368475115310.06127929687500000000
275113768880.83325195312500000000
402137648811.33007812500000000000
605201235538.75683593750000000000
692524850270.87719726562500000000
315984890383.25341796875000000000
331222854094.39453125000000000000
217729647448.05764770507812500000
689296569018.88134765625000000000
431853993165.42382812500000000000
757955904051.03295898437500000000
495473249008.68438720703125000000
607864115424.59094238281250000000
327780507479.11529541015625000000
176791058283.39181518554687500000
350194859520.92944335937500000000
302846063126.88818359375000000000
572757689312.40515136718750000000
544530811770.87243652343750000000
606523917663.09082031250000000000
357289466781.96844482421875000000
147887753404.02575683593750000000
569341764213.75183105468750000000
335252536084.30419921875000000000
321440862101.51013183593750000000
797272024035.85327148437500000000
510938888232.06964111328125000000
793632133124.35327148437500000000
380726044025.41802978515625000000
210029803939.83840942382812500000
635217284658.33398437500000000000
276373286179.72351074218750000000
461018204542.11944580078125000000
850071916002.74975585937500000000
143847526185.43707275390625000000
366277280343.79040527343750000000
442218590460.92376708984375000000
464770161135.68017578125000000000
427543416807.86138916015625000000
312129378535.75732421875000000000
571461329880.16748046875000000000
511552010897.68908691406250000000
462803439392.45776367187500000000
456081275933.55718994140625000000
372343453050.29394531250000000000
311076020206.57037353515625000000
747474350560.02697753906250000000
479640143182.82415771484375000000
547021800560.37243652343750000000
332931226472.39453125000000000000
259009671008.47332763671875000000
363376955291.33502197265625000000
402157021957.68035888671875000000
478246054545.79949951171875000000
146426325346.02575683593750000000
487771763493.78967285156250000000
204815889280.00015258789062500000
469666786531.60278320312500000000
748528062393.02697753906250000000
459739918306.96313476562500000000
791980813889.35327148437500000000
450522975784.46868896484375000000
391830605781.34985351562500000000
795751669040.85327148437500000000
462302836566.67584228515625000000
620800228707.77770996093750000000
694392609605.38134765625000000000
715287607520.26647949218750000000
252138283573.93292236328125000000
692727220531.38134765625000000000
501583584447.65637207031250000000
434867889710.65429687500000000000
347021672487.64367675781250000000
247574345291.90762329101562500000
289998724276.60992431640625000000
235194419754.11553955078125000000
676714035035.15478515625000000000
415484835380.94909667968750000000
229635228518.57269287109375000000
403204444594.83007812500000000000
339734602830.41345214843750000000
600026820316.25683593750000000000
297223555248.81512451171875000000
314948236367.58685302734375000000
151066837798.68121337890625000000
715869031726.76647949218750000000
460173368612.45776367187500000000
341928480228.75189208984375000000
352214917084.74194335937500000000
793798033506.35327148437500000000
467387085572.60278320312500000000
499284786041.48059082031250000000
597726200746.13720703125000000000
525631174305.90881347656250000000
385612490955.43292236328125000000
694243115558.38134765625000000000
486459132813.44958496093750000000
342471242114.47937011718750000000
747179373190.02697753906250000000
428759444062.36132812500000000000
356487235703.58190917968750000000
143279524451.64755249023437500000
489909727795.38653564453125000000
264314858085.47668457031250000000
308247893503.37854003906250000000
408606281083.40930175781250000000
256678241745.95257568359375000000
191686082361.18707275390625000000
790626200458.85327148437500000000
680971874774.15478515625000000000
694809915260.87719726562500000000
397408286261.33007812500000000000
895008374663.75134277343750000000
577918861409.66748046875000000000
241720868080.10202026367187500000
416523381640.30987548828125000000
469072209485.23693847656250000000
215620995717.84432983398437500000
395618516889.55224609375000000000
403291610327.70935058593750000000
747820876085.52697753906250000000
423660370384.44909667968750000000
926915038352.17639160156250000000
469831606152.23693847656250000000
364274881531.49841308593750000000
331528251312.91723632812500000000
896302928434.75134277343750000000
554350100171.10559082031250000000
338531623659.94323730468750000000
269913631942.67919921875000000000
484488203916.48297119140625000000
705517718108.77880859375000000000
245731011422.26736450195312500000
853056854527.24975585937500000000
244258898384.51696777343750000000
437212403444.15429687500000000000
126788147901.45272827148437500000
384523505802.70208740234375000000
391200309188.38897705078125000000
463389380019.67584228515625000000
267770532709.90853881835937500000
494288269733.11035156250000000000
220399168951.77151489257812500000
384652053822.70208740234375000000
284358776897.58288574218750000000
243712952669.97521972656250000000
483196001003.42443847656250000000
519368244797.90820312500000000000
140220804549.39495849609375000000
685834970959.87719726562500000000
463859010941.18017578125000000000
379736755807.40966796875000000000
578833933270.77587890625000000000
215877687938.35430908203125000000
310078411345.71173095703125000000
438432155644.10827636718750000000
477019870016.79949951171875000000
688706346132.43798828125000000000
477664905204.92443847656250000000
243955387118.31365966796875000000
445690791604.40075683593750000000
510360621534.56964111328125000000
698066549820.38134765625000000000
452955173778.86035156250000000000
557571040896.49609375000000000000
287298561129.87219238281250000000
322593739376.30883789062500000000
457610656388.46313476562500000000
316939120501.27502441406250000000
403878904572.83007812500000000000
637798960863.33398437500000000000
690105432170.88134765625000000000
518135698959.01348876953125000000
239855200705.98974609375000000000
301073510757.69628906250000000000
232717952658.90762329101562500000
436699538658.00360107421875000000
315125807077.63513183593750000000
265087820668.51119995117187500000
445992463985.90069580078125000000
856352956969.24975585937500000000
235773340935.81893920898437500000
384266789762.43292236328125000000
174779352206.65826416015625000000
385482057375.22772216796875000000
466108022851.56140136718750000000
296533139223.68292236328125000000
602298541002.89709472656250000000
418087865936.94909667968750000000
334282926983.29858398437500000000
744101781935.52697753906250000000
457137247731.17395019531250000000
272654878894.12426757812500000000
415463377346.09448242187500000000
639991029012.33398437500000000000
311812168893.57550048828125000000
203563218999.50061035156250000000
687095357710.87719726562500000000
354198612412.30310058593750000000
331849500468.72595214843750000000
506438633275.06964111328125000000
445777533274.90069580078125000000
304281207370.55810546875000000000
366206177382.65380859375000000000
297564244884.88793945312500000000
458378436887.85339355468750000000
307731075157.10083007812500000000
317494152152.75341796875000000000
507483181815.04895019531250000000
893904401637.75134277343750000000
225281451560.13577270507812500000
267897126019.74609375000000000000
274441195236.88192749023437500000
366316426653.51385498046875000000
274955669472.05688476562500000000
285134179141.53454589843750000000
715994518436.26647949218750000000
920613867431.17639160156250000000
487703434951.47216796875000000000
244264473256.51004028320312500000
529027325870.97290039062500000000
341252045791.11529541015625000000
395937298056.00341796875000000000
320504486224.00744628906250000000
575256114050.16748046875000000000
326799002061.79394531250000000000
488083302541.38049316406250000000
247042958515.91619873046875000000
410639686980.96380615234375000000
328458968101.27502441406250000000
303572369927.40521240234375000000
387066160281.88897705078125000000
564267085680.78759765625000000000
377568416972.77581787109375000000
530191348011.47290039062500000000
467552566243.10278320312500000000
523550136610.47290039062500000000
141948837957.38970947265625000000
193154629946.18707275390625000000
574117820424.66748046875000000000
436305654091.86352539062500000000
451038363252.82971191406250000000
895828460767.25134277343750000000
394588438125.16754150390625000000
749720795629.91455078125000000000
307631586285.40814208984375000000
691925796339.88134765625000000000
245633017887.92156982421875000000
553151169820.83520507812500000000
401689987363.82775878906250000000
271829596628.77941894531250000000
384500970832.23101806640625000000
294829678235.08789062500000000000
183587573185.26995849609375000000
605767177732.39709472656250000000
280372062220.12841796875000000000
493220315914.68438720703125000000
750544725788.52697753906250000000
443853523797.97119140625000000000
277420534460.02911376953125000000
369252710292.56127929687500000000
690102478421.87719726562500000000
711205409384.26647949218750000000
514609873438.55010986328125000000
100259939135.36381530761718750000
261967171971.05688476562500000000
352788578904.33502197265625000000
209807916437.15435791015625000000
355164743540.17224121093750000000
672191410654.84875488281250000000
343726302798.61090087890625000000
664273494487.38891601562500000000
700311716787.90185546875000000000
241421342626.20428466796875000000
378038582776.03515625000000000000
443783284837.50360107421875000000
262226973347.55184936523437500000
201323535598.14852905273437500000
309780836482.07550048828125000000
365705434175.39514160156250000000
436650781100.65429687500000000000
690864875214.88134765625000000000
426713290481.36132812500000000000
608423180665.09094238281250000000
527665721459.58184814453125000000
318896382191.00744628906250000000
485287735546.25927734375000000000
463047368441.46313476562500000000
170531342894.26995849609375000000
518642761044.51348876953125000000
575024362527.16748046875000000000
376579061014.27581787109375000000
489196935269.48297119140625000000
341573128582.47869873046875000000
308418068215.57550048828125000000
253652344767.42224121093750000000
485611883443.78967285156250000000
440425402494.10827636718750000000
389496124747.38897705078125000000
897735050362.25134277343750000000
495497239081.23333740234375000000
198162388529.34530639648437500000
402520127709.82775878906250000000
550225303177.83520507812500000000
418639431723.39770507812500000000
384129095653.20208740234375000000
463866258999.60278320312500000000
295458237589.99060058593750000000
473766270088.79949951171875000000
186587569461.52966308593750000000
356897835664.67224121093750000000
407508899361.95361328125000000000
282592064135.08288574218750000000
203734962099.66680908203125000000
271308153426.47760009765625000000
679149658468.15478515625000000000
744813903465.52697753906250000000
415910387272.44903564453125000000
182046538217.52096557617187500000
750506440978.02697753906250000000
322642605503.52337646484375000000
388960364546.93292236328125000000
358160732055.17224121093750000000
447033781188.82971191406250000000
460587982534.46313476562500000000
223035823638.74609375000000000000
376155483853.40576171875000000000
480631930185.07531738281250000000
366301546585.56091308593750000000
284345733335.23297119140625000000
416380960957.93676757812500000000
336264621909.75189208984375000000
477804517215.61035156250000000000
366716819744.98333740234375000000
450304960734.96868896484375000000
464439740393.61944580078125000000
689747382111.37719726562500000000
859975778905.74975585937500000000
639402684580.83398437500000000000
524504353694.44561767578125000000
320057327457.75341796875000000000
374366011438.29394531250000000000
308644723488.40814208984375000000
539611522455.47717285156250000000
257797422414.55184936523437500000
391167320971.38146972656250000000
485634247072.48297119140625000000
605346826651.75683593750000000000
407602804089.83300781250000000000
461196596994.95776367187500000000
285227108737.08288574218750000000
580465998418.33398437500000000000
895772604968.75134277343750000000
215998094706.37185668945312500000
358633899838.17224121093750000000
404207575848.40930175781250000000
358885598587.44439697265625000000
490710737753.23333740234375000000
400704441175.00268554687500000000
692328668123.43798828125000000000
216501030356.58499145507812500000
320019283313.75341796875000000000
247554166507.31152343750000000000
463335549483.95776367187500000000
316795337312.50744628906250000000
465781353491.11944580078125000000
451171083650.86035156250000000000
486155897578.48297119140625000000
747527304391.52697753906250000000
279286840563.35729980468750000000
504734248698.06964111328125000000
379737789869.82611083984375000000
690603672217.27026367187500000000
278272075473.73297119140625000000
479398909908.42443847656250000000
445489937692.90075683593750000000
747976899720.02697753906250000000
484149350903.98681640625000000000
900094155512.75134277343750000000
474584389696.25695800781250000000
175048608433.84530639648437500000
699659980080.00317382812500000000
317520059082.80883789062500000000
851596657938.24975585937500000000
796855720543.35327148437500000000
481799429021.38049316406250000000
689493148921.87719726562500000000
417707952608.16687011718750000000
486236215378.98297119140625000000
435851724026.36352539062500000000
634575813693.83398437500000000000
855275146528.74987792968750000000
574535576251.16748046875000000000
711928733872.67065429687500000000
337029023912.96948242187500000000
414108865738.44860839843750000000
603711926574.39709472656250000000
604619407226.89709472656250000000
670129032120.42224121093750000000
747879440941.02697753906250000000
176666497850.02096557617187500000
282790368236.58288574218750000000
461824035504.95776367187500000000
463074291318.55718994140625000000
373028762066.29394531250000000000
493193648627.68438720703125000000
335177310564.86926269531250000000
310277473081.27502441406250000000
476929976533.25695800781250000000
521005758252.51348876953125000000
688544935648.37719726562500000000
276148147440.97332763671875000000
636361405133.33398437500000000000
599546779726.25683593750000000000
419363798139.93676757812500000000
560690914995.78759765625000000000
486917710731.48297119140625000000
464630493020.95776367187500000000
212452963520.34530639648437500000
296615366019.99060058593750000000
490790584786.47558593750000000000
919769038937.67639160156250000000
546519554861.87243652343750000000
393321411699.19177246093750000000
319231515077.50744628906250000000
437636349053.00360107421875000000
387414833946.79309082031250000000
375792684969.90576171875000000000
637450391075.33398437500000000000
925213526739.67639160156250000000
608740152842.09094238281250000000
334204068535.22595214843750000000
416375318122.94909667968750000000
542873192224.87237548828125000000
428064292891.86138916015625000000
375127695751.33502197265625000000
601518238657.05761718750000000000
383127497421.44921875000000000000
462511608914.96313476562500000000
361839523759.65759277343750000000
608733221314.89709472656250000000
341926321700.75756835937500000000
206179223574.82025146484375000000
275423461467.65600585937500000000
849108401226.24975585937500000000
434465461697.54748535156250000000
264605820571.47216796875000000000
855460360049.24987792968750000000
286980890138.06488037109375000000
388401789652.88891601562500000000
452324683227.05712890625000000000
246822266973.83035278320312500000
400512923535.13562011718750000000
506050000582.93371582031250000000
455962255288.11926269531250000000
550826928642.83520507812500000000
364505697312.99841308593750000000
387080670781.93292236328125000000
577479768008.16748046875000000000
231452192186.83035278320312500000
259369891144.11944580078125000000
359876899451.50024414062500000000
556340331273.83520507812500000000
323072788114.16625976562500000000
628263275435.47778320312500000000
304242807639.97760009765625000000
546061106802.37237548828125000000
551701791984.33520507812500000000
799014215794.85327148437500000000
716622499592.26647949218750000000
462963861626.61944580078125000000
270873471154.53454589843750000000
356760884197.00024414062500000000
272020429424.77087402343750000000
335091440065.72595214843750000000
358764717671.39263916015625000000
346144052082.08935546875000000000
696285844209.38134765625000000000
605651044135.39709472656250000000
268527640966.96176147460937500000
606344079819.09094238281250000000
561574861002.88232421875000000000
397500789433.63806152343750000000
417601631211.59448242187500000000
261145423276.88192749023437500000
289809279699.73156738281250000000
487608972202.78967285156250000000
493836478421.73333740234375000000
205372993187.25045776367187500000
619837330835.11181640625000000000
305369158656.57421875000000000000
418799606227.44909667968750000000
274062393910.47332763671875000000
441871128276.92376708984375000000
259111347249.63192749023437500000
341461618212.61529541015625000000
415176619138.43670654296875000000
374405484027.29394531250000000000
604868752183.39709472656250000000
218300471625.63577270507812500000
359628970279.45385742187500000000
487194951002.78967285156250000000
495422924863.73333740234375000000
797178579962.85327148437500000000
471769247296.75695800781250000000
511081659141.56964111328125000000
379027447538.91802978515625000000
372418341038.53515625000000000000
351218696755.64367675781250000000
238841379578.77151489257812500000
392532876114.88146972656250000000
1073555756312.39196777343750000000
856403294650.74975585937500000000
566898152826.28759765625000000000
316652256748.25341796875000000000
453051775998.17468261718750000000
386261458621.64208984375000000000
406587743712.40930175781250000000
488924978256.78967285156250000000
275374730406.06488037109375000000
655841408043.44677734375000000000
231265751727.43884277343750000000
287845796138.27154541015625000000
688626253494.43786621093750000000
473325008050.25695800781250000000
566758615087.78759765625000000000
482147105879.38049316406250000000
378248595932.00927734375000000000
632801999936.83398437500000000000
377924634780.82611083984375000000
358389022567.08190917968750000000
388202521075.07824707031250000000
372068664096.79394531250000000000
258992387777.01004028320312500000
184920434746.12530517578125000000
857192094368.24975585937500000000
548822820191.50671386718750000000
311394809982.07037353515625000000
216847248906.50711059570312500000
692655988468.93798828125000000000
396914754909.82775878906250000000
340218706930.75769042968750000000
265324398923.72351074218750000000
415945237924.93676757812500000000
422279025869.43676757812500000000
296669847526.74487304687500000000
368753167095.03515625000000000000
310305734071.71173095703125000000
317438213875.37359619140625000000
343194570555.11529541015625000000
297269418858.87988281250000000000
936704533430.93359375000000000000
677337421048.15478515625000000000
407620070695.40930175781250000000
921019606316.67639160156250000000
269119336981.77087402343750000000
284724963198.85729980468750000000
850789631292.74975585937500000000
237033127723.06350708007812500000
892707326012.25134277343750000000
607730780847.77380371093750000000
463659480939.56140136718750000000
428962101217.75708007812500000000
774907997792.41369628906250000000
177930686977.68707275390625000000
406961490001.90930175781250000000
899498337751.25134277343750000000
257065378235.70407104492187500000
335127310564.16625976562500000000
280083490399.91235351562500000000
344129810998.43469238281250000000
490700125655.51110839843750000000
603841538275.89709472656250000000
208916413780.02059936523437500000
486663142619.48297119140625000000
449863434383.82971191406250000000
565322540003.78759765625000000000
499944931397.57214355468750000000
605734762363.89709472656250000000
507756225881.40881347656250000000
923357060280.67639160156250000000
383375728543.72772216796875000000
476318415475.79949951171875000000
793954808283.35327148437500000000
445610038847.92376708984375000000
190056343895.95745849609375000000
529213662127.47290039062500000000
524826140759.72174072265625000000
798415648667.85327148437500000000
417632343975.09448242187500000000
424178477026.13781738281250000000
187065815690.51168823242187500000
480811708582.92443847656250000000
377268812559.32611083984375000000
184346497526.04467773437500000000
258038876338.26736450195312500000
170885849726.77059936523437500000
252732069711.58456420898437500000
198203859871.31091308593750000000
374682193349.71679687500000000000
471293474073.60278320312500000000
747324751369.02697753906250000000
897978432396.25134277343750000000
453540406154.82971191406250000000
216277746037.31997680664062500000
264824882089.46685791015625000000
493857077283.18438720703125000000
360909345717.55029296875000000000
355581482703.17224121093750000000
792481532519.35327148437500000000
176687220402.45861816406250000000
602943500103.13720703125000000000
465740471319.06140136718750000000
386485114538.22772216796875000000
356904001917.48193359375000000000
191199128330.39181518554687500000
230944385144.42156982421875000000
401671573577.82775878906250000000
374948844234.41802978515625000000
212535893853.34432983398437500000
309386809573.21173095703125000000
321213710274.96948242187500000000
553333457924.33520507812500000000
485331118150.16912841796875000000
244183315745.97418212890625000000
377660707230.86730957031250000000
326034478997.41345214843750000000
442011978949.21105957031250000000
741462587701.52697753906250000000
479405538452.32415771484375000000
373818150857.36730957031250000000
358870625074.95385742187500000000
392721211231.18090820312500000000
302344029198.77502441406250000000
604981560700.25683593750000000000
693739512564.38134765625000000000
457511014093.12701416015625000000
404782430810.65551757812500000000
699905827204.50317382812500000000
239995126641.30764770507812500000
193998054280.10128784179687500000
255222391353.93292236328125000000
690804330576.88134765625000000000
611558610128.98388671875000000000
519712125462.78875732421875000000
333526388926.02392578125000000000
403730539014.18035888671875000000
454278484376.94665527343750000000
897658029291.75134277343750000000
896893461085.75134277343750000000
492276221521.18432617187500000000
270386959484.77447509765625000000
389911092829.64050292968750000000
923488534646.17639160156250000000
332390518691.87707519531250000000
265343702321.24609375000000000000
232112793195.77941894531250000000
393759311427.78686523437500000000
745390680090.02697753906250000000
408415120446.90856933593750000000
254354793382.02288818359375000000
424732015511.30609130859375000000
462978067596.61944580078125000000
465565542183.60278320312500000000
210413942705.83612060546875000000
288343656252.56488037109375000000
365977607408.56127929687500000000
514829022196.90820312500000000000
327640412749.36523437500000000000
215872192877.98187255859375000000
919781812463.67639160156250000000
197078375460.57962036132812500000
330202485401.46093750000000000000
466291301995.11944580078125000000
600133926508.13720703125000000000
465389215050.11944580078125000000
599370649279.63720703125000000000
407206651475.33300781250000000000
1074114696033.03698730468750000000
739224088534.81933593750000000000
225438613852.52151489257812500000
408425309700.90930175781250000000
442816050754.92376708984375000000
333513931332.72595214843750000000
472656264392.79943847656250000000
221993453376.52059936523437500000
304608827611.54461669921875000000
290053640221.49304199218750000000
897862620340.25134277343750000000
278511284164.38195800781250000000
504679863163.47558593750000000000
254562411693.70407104492187500000
680863574544.38500976562500000000
337370756990.16625976562500000000
190180200077.68707275390625000000
198498071862.33840942382812500000
384353259093.09582519531250000000
717743763266.26647949218750000000
468255713451.10284423828125000000
693031616516.88134765625000000000
554921766436.07495117187500000000
894532321200.25134277343750000000
207615636668.00711059570312500000
894631052463.25134277343750000000
636270325527.33398437500000000000
690453871772.37719726562500000000
548954961195.87237548828125000000
376170614099.58856201171875000000
309423049086.07550048828125000000
793274521919.85327148437500000000
245611502701.40762329101562500000
718158696816.76647949218750000000
696544952213.88134765625000000000
447767488137.82971191406250000000
852386234295.24987792968750000000
473535119962.25695800781250000000
498658689291.65100097656250000000
365199811272.83502197265625000000
691353714395.37719726562500000000
520490249182.90881347656250000000
377223678956.91802978515625000000
463063946749.94836425781250000000
309696371419.07037353515625000000
630069241690.65112304687500000000
282177151622.08288574218750000000
176716572561.52096557617187500000
468197202160.68017578125000000000
290973630813.29376220703125000000
252178704703.16006469726562500000
693495674854.93786621093750000000
382559718605.40814208984375000000
362210488375.65759277343750000000
505262598769.56964111328125000000
742846533653.02697753906250000000
690066205091.43798828125000000000
417347532066.43676757812500000000
398097903036.68035888671875000000
855905738162.74975585937500000000
470854526972.73693847656250000000
280522579735.81201171875000000000
389405713457.28686523437500000000
338160433296.40893554687500000000
248077004956.06103515625000000000
602690042417.13720703125000000000
375909895493.32611083984375000000
960455747082.15087890625000000000
519009057801.05010986328125000000
848416720626.24975585937500000000
591881367520.02551269531250000000
218655766657.13256835937500000000
451275093150.17395019531250000000
218817582632.00238037109375000000
335602511777.19720458984375000000
487563930399.97216796875000000000
714900244129.76647949218750000000
171700729578.89697265625000000000
600119399821.63720703125000000000
547919829167.02929687500000000000
188729453703.59432983398437500000
340678110886.44323730468750000000
573488034208.50915527343750000000
334349282424.72595214843750000000
491235978187.23333740234375000000
565340809154.19079589843750000000
689482515800.43786621093750000000
412582099918.32739257812500000000
181657909061.76995849609375000000
345079734580.25756835937500000000
188583213504.12530517578125000000
372080521085.75708007812500000000
400643890677.13995361328125000000
201051822709.70407104492187500000
897261236241.75134277343750000000
318939097632.87707519531250000000
311850550950.57037353515625000000
472520930232.28375244140625000000
281174104616.31201171875000000000
414337237157.37731933593750000000
396948203008.70935058593750000000
388682804582.29309082031250000000
314595226770.30883789062500000000
360287987206.67224121093750000000
898643535761.75134277343750000000
896628528049.75134277343750000000
354502102685.78430175781250000000
690743054139.87719726562500000000
374719638438.50927734375000000000
603278019132.25683593750000000000
833467430524.21350097656250000000
485191618892.88049316406250000000
308440852062.88818359375000000000
571330398948.05004882812500000000
574398141628.66748046875000000000
464320426888.06140136718750000000
674988014230.15478515625000000000
563456577469.28759765625000000000
420966615440.63781738281250000000
439676129936.65429687500000000000
848201512152.36035156250000000000
415354933492.93670654296875000000
149819734139.95617675781250000000
376811593409.36730957031250000000
898600781804.75134277343750000000
209769150395.63577270507812500000
443136636261.92376708984375000000
372426475664.75708007812500000000
245625472307.83035278320312500000
189812430245.18707275390625000000
529818077439.47290039062500000000
525311158480.87438964843750000000
458205364595.05712890625000000000
342003119651.25189208984375000000
892763312817.75134277343750000000
853492379303.24975585937500000000
305432363982.25170898437500000000
594969358430.52807617187500000000
576270187273.16149902343750000000
187311198922.94183349609375000000
207075020942.16729736328125000000
405067632441.22509765625000000000
779776729930.83374023437500000000
922790050626.17639160156250000000
262649211060.54077148437500000000
446326489552.40069580078125000000
616239638325.17370605468750000000
375304056866.29394531250000000000
896536963634.25134277343750000000
550183696425.83520507812500000000
252961023783.43292236328125000000
530739271549.97290039062500000000
500273748961.48059082031250000000
289230871389.19635009765625000000
718131896597.26647949218750000000
478263148670.82415771484375000000
489690669161.48297119140625000000
275273131437.73156738281250000000
220711019649.80136108398437500000
165761439239.12557983398437500000
464516489596.70062255859375000000
200258787132.48187255859375000000
258843161056.59246826171875000000
745700150473.02697753906250000000
351715566243.58190917968750000000
490707604537.23333740234375000000
927382076772.17639160156250000000
545380429296.87243652343750000000
577365405697.16748046875000000000
403240871357.65551757812500000000
290807250148.05810546875000000000
392100947217.78686523437500000000
334635457373.09735107421875000000
494109317284.23333740234375000000
295911953768.55810546875000000000
429495768127.75708007812500000000
466750736240.61944580078125000000
607166621107.89709472656250000000
297906757002.29394531250000000000
398394439178.32775878906250000000
252071841985.70428466796875000000
193934327416.01168823242187500000
233031923062.51257324218750000000
255721501223.70407104492187500000
341833287577.75189208984375000000
529327149080.97290039062500000000
362225442263.15759277343750000000
694502126671.38134765625000000000
438803281967.54748535156250000000
610899831690.89709472656250000000
600214451374.13720703125000000000
385815443539.43292236328125000000
530673892978.33312988281250000000
365763600144.56091308593750000000
696520138388.00317382812500000000
410089434341.83300781250000000000
289259268979.58288574218750000000
455328300250.67395019531250000000
173700659018.18765258789062500000
332170560586.64990234375000000000
409515004571.80609130859375000000
696105507569.00329589843750000000
634168286818.33398437500000000000
603110955309.13720703125000000000
691961544709.87719726562500000000
646831193791.26391601562500000000
573826116037.16748046875000000000
796906295521.85327148437500000000
712295496634.26647949218750000000
548027865359.87243652343750000000
467872352169.60284423828125000000
475698521513.82415771484375000000
692006424497.38134765625000000000
478016669758.07531738281250000000
254559375285.54284667968750000000
469405971520.10278320312500000000
459994406596.61944580078125000000
562183546441.38232421875000000000
460317464279.61944580078125000000
244357149848.40762329101562500000
275511425476.59246826171875000000
248591399227.90762329101562500000
575225876131.66748046875000000000
241924508099.60067749023437500000
351024004059.34008789062500000000
334071452909.14367675781250000000
749623147746.52697753906250000000
747140472673.02697753906250000000
426470658191.37805175781250000000
370652821988.29394531250000000000
607466596356.39709472656250000000
317465776283.57867431640625000000
424639797203.80609130859375000000
499595414008.98059082031250000000
413723427389.96063232421875000000
414541696103.09448242187500000000
716415084115.76647949218750000000
853917232524.74975585937500000000
920002083098.67639160156250000000
599536756727.25683593750000000000
136116830553.76995849609375000000
280401504934.12841796875000000000
350839328306.43792724609375000000
236480497970.52154541015625000000
479026988747.29949951171875000000
503384462643.97558593750000000000
526933731471.71282958984375000000
440910589216.04748535156250000000
1043559139354.43188476562500000000
296653067748.57550048828125000000
853269631616.74975585937500000000
425934150757.36138916015625000000
425799154461.60675048828125000000
352162892526.08190917968750000000
351685974333.24194335937500000000
634446427558.83398437500000000000
439853712771.92376708984375000000
379378068609.36730957031250000000
496734826176.98059082031250000000
426026180134.86138916015625000000
401621717886.32775878906250000000
552464543144.33520507812500000000
246564562403.86788940429687500000
448564985943.82971191406250000000
690787485217.43798828125000000000
627904038444.84680175781250000000
308243363669.05810546875000000000
176946752124.40545654296875000000
356118522258.08190917968750000000
607663900722.09094238281250000000
604064790742.89709472656250000000
289667735239.73156738281250000000
398330116858.70971679687500000000
477700165046.29943847656250000000
363254156450.03198242187500000000
554240534794.33520507812500000000
463115227411.17584228515625000000
371835397172.03198242187500000000
376625507211.50927734375000000000
323984236944.77502441406250000000
484926934505.48297119140625000000
479584558767.38049316406250000000
462511996832.61944580078125000000
218733672560.13577270507812500000
692913355400.38134765625000000000
209738735139.75711059570312500000
566558624627.28759765625000000000
399840080864.18035888671875000000
256379665998.70407104492187500000
291118086019.38818359375000000000
921229106968.67639160156250000000
573120725721.16748046875000000000
555147519896.66406250000000000000
460333396245.96313476562500000000
412312496523.98632812500000000000
388712944509.37982177734375000000
484501457662.88049316406250000000
547247021146.37243652343750000000
525368151710.97290039062500000000
562728269969.78759765625000000000
619598568865.12341308593750000000
426083105916.86138916015625000000
467635419859.67584228515625000000
376640755373.15924072265625000000
255799427494.93292236328125000000
613045956355.75415039062500000000
271718177285.97332763671875000000
255670269906.43292236328125000000
205569930185.91711425781250000000
718872348690.76647949218750000000
172785006642.18765258789062500000
564092909631.78759765625000000000
348194291974.64367675781250000000
159381668653.18765258789062500000
339240811693.25189208984375000000
323551762465.87854003906250000000
473124130239.73693847656250000000
358309286055.17224121093750000000
895348440839.25134277343750000000
691885470515.88134765625000000000
362778766558.77581787109375000000
454708666062.55712890625000000000
490972290732.73333740234375000000
920321747711.67639160156250000000
335365643660.22338867187500000000
184041435685.76995849609375000000
459265027274.05718994140625000000
690190411226.43786621093750000000
313972532333.63513183593750000000
390218941979.15551757812500000000
357302162086.00024414062500000000
850805312818.24975585937500000000
373649883308.79394531250000000000
561621459786.78759765625000000000
548036080940.87237548828125000000
894949559292.75134277343750000000
476554598841.29943847656250000000
344550198363.41345214843750000000
746538832830.02697753906250000000
275223529037.14855957031250000000
552005940603.87243652343750000000
463873695778.11944580078125000000
418350646569.09448242187500000000
142920140026.14755249023437500000
368182083614.06127929687500000000
471867284716.32415771484375000000
451995891058.86035156250000000000
527622484669.47290039062500000000
491138023483.23333740234375000000
339210235047.44323730468750000000
605464446034.13720703125000000000
796574310456.85327148437500000000
238852876402.68865966796875000000
341249445940.61529541015625000000
546598534308.87237548828125000000
475463800770.78869628906250000000
297513808742.35644531250000000000
400133813025.70935058593750000000
731936816205.10034179687500000000
289264648699.40521240234375000000
224608352818.30136108398437500000
599746156971.25683593750000000000
277009095347.92639160156250000000
435766654233.04748535156250000000
457893596889.45507812500000000000
269431267893.11697387695312500000
678027432373.15478515625000000000
505186377063.07769775390625000000
679577074330.65478515625000000000
414007440420.93670654296875000000
335091325511.90893554687500000000
895230068348.25134277343750000000
497357052344.48059082031250000000
340898417768.75189208984375000000
512555987274.06964111328125000000
488362977900.78967285156250000000
854804115330.24975585937500000000
340935709194.41345214843750000000
676662832913.15478515625000000000
353194010313.74194335937500000000
530382606607.47290039062500000000
387378673599.22772216796875000000
893006167770.25134277343750000000
277194517194.73297119140625000000
613432815013.74719238281250000000
266379158538.88043212890625000000
212400177775.42492675781250000000
470305480030.23693847656250000000
325431153982.51013183593750000000
716428836026.76647949218750000000
305100370117.26208496093750000000
363032413612.49218750000000000000
205015845272.77612304687500000000
285779988563.80157470703125000000
854558981288.74975585937500000000
541962599142.37237548828125000000
920484339693.67639160156250000000
422718635347.99908447265625000000
748673933334.52697753906250000000
348363513244.02319335937500000000
358782604753.00024414062500000000
503563287086.57604980468750000000
340438011129.32995605468750000000
226138126423.68865966796875000000
531222802597.47290039062500000000
403557233539.82775878906250000000
375647969437.29394531250000000000
459945267946.11944580078125000000
469566310807.25695800781250000000
1016546984351.77685546875000000000
214865871363.37185668945312500000
170081535285.89697265625000000000
267414310563.11697387695312500000
926129106883.67639160156250000000
400753582793.32775878906250000000
195503947886.07690429687500000000
284014033548.58288574218750000000
514122744584.40820312500000000000
310277569654.35272216796875000000
691981706568.93786621093750000000
856421043034.24975585937500000000
357309789737.67224121093750000000
438670670621.54748535156250000000
226320910645.63577270507812500000
377193770617.00927734375000000000
691405309099.87719726562500000000
744593762400.52697753906250000000
634622121254.33398437500000000000
265852648194.11697387695312500000
468849768963.68017578125000000000
318850091342.75341796875000000000
717158615490.12365722656250000000
256043080782.55184936523437500000
171089251107.62530517578125000000
633227935657.33398437500000000000
216416614276.37185668945312500000
356537970382.09753417968750000000
318476328000.80883789062500000000
258590745213.42639160156250000000
314819165683.13513183593750000000
280981729062.08288574218750000000
745747101015.02697753906250000000
308638214739.07037353515625000000
463339345374.11944580078125000000
334378806169.38671875000000000000
458282909036.45776367187500000000
414298748515.43670654296875000000
430757309758.67645263671875000000
858735299822.24975585937500000000
436952696479.65429687500000000000
257076322983.77087402343750000000
444284789196.00360107421875000000
336124293995.60400390625000000000
309151847861.07421875000000000000
372887634180.53515625000000000000
403210943686.32775878906250000000
370955971473.05883789062500000000
504653748154.52502441406250000000
193442921231.44079589843750000000
222673859899.10604858398437500000
299250363574.24487304687500000000
691295734251.37719726562500000000
374887996263.53588867187500000000
604837864112.39709472656250000000
603168955917.31396484375000000000
313398396521.88690185546875000000
461448514810.55914306640625000000
362078179085.65759277343750000000
442627136081.76385498046875000000
402194674597.83007812500000000000
382132671664.93292236328125000000
473762155618.82415771484375000000
854700106028.74975585937500000000
468649436101.18017578125000000000
208755142595.42492675781250000000
573767331679.66748046875000000000
223987289650.07269287109375000000
306961861016.90814208984375000000
421045503055.94909667968750000000
546802472505.37243652343750000000
562890011703.83251953125000000000
345521310472.11529541015625000000
263361006967.26736450195312500000
424658254400.80609130859375000000
452819199049.96868896484375000000
513550655456.90820312500000000000
437438205384.86352539062500000000
267092321737.22021484375000000000
380023268919.73101806640625000000
245813225363.63192749023437500000
367998003554.19885253906250000000
339684760847.75189208984375000000
351645366498.92944335937500000000
402679951053.65551757812500000000
463617145042.96313476562500000000
351134575709.42944335937500000000
312226455996.17004394531250000000
490245821246.23333740234375000000
469225246093.60278320312500000000
853281439124.74987792968750000000
385633237461.29309082031250000000
260889010941.55184936523437500000
100838612130.69714355468750000000
458448635547.96313476562500000000
912504816910.38720703125000000000
468223113386.67584228515625000000
374573947556.32611083984375000000
986659267710.78308105468750000000
475021056875.79943847656250000000
747688897580.52697753906250000000
313910269889.13513183593750000000
421709359259.87402343750000000000
217616521156.34432983398437500000
464462809083.96313476562500000000
919399535600.17639160156250000000
276722409306.15600585937500000000
234139992163.41619873046875000000
256660887872.20407104492187500000
217722219593.57269287109375000000
401273718813.20935058593750000000
486188692120.48297119140625000000
745559716349.52697753906250000000
