73980380333.24066162109375000000
202908491148.20733642578125000000
158698674821.79968261718750000000
103207231507.71653747558593750000
141459425855.05218505859375000000
179842314705.33218383789062500000
101919656058.14913940429687500000
94577865586.75126647949218750000
79999414484.74606323242187500000
101504368920.79826354980468750000
198959119381.04397583007812500000
70495661187.62884521484375000000
92673233098.28964233398437500000
126111737612.63412475585937500000
192740703162.47817993164062500000
130129864571.94793701171875000000
159637836572.87078857421875000000
71755899299.18511962890625000000
106990426862.91598510742187500000
109703611041.55183410644531250000
203808076676.23538208007812500000
116414463309.40447998046875000000
140589496749.41213989257812500000
151394901723.50347900390625000000
93868823052.72702026367187500000
89946228407.34741210937500000000
84753876861.13720703125000000000
190626788274.64849853515625000000
119624850735.21636962890625000000
78761390086.51969909667968750000
199796861834.55493164062500000000
122318246162.62942504882812500000
135295995989.31489562988281250000
158794116106.38034057617187500000
158573961661.10647583007812500000
180288444634.53060913085937500000
145676931229.22506713867187500000
136000963532.33230590820312500000
106402278484.12942504882812500000
80493370679.27876281738281250000
180070023711.06253051757812500000
178171579096.94982910156250000000
162819187982.84991455078125000000
89152067835.23451232910156250000
129252591361.25500488281250000000
124075887367.88180541992187500000
128999045055.01325988769531250000
181476372885.33087158203125000000
141891547020.32592773437500000000
105271983528.06286621093750000000
121265939756.82034301757812500000
134818108256.74670410156250000000
81180203665.95481872558593750000
201832867252.64453125000000000000
124891729561.64245605468750000000
167320402205.99490356445312500000
86954436353.46875000000000000000
91894797382.03388977050781250000
236985300020.63351440429687500000
109972789364.98754882812500000000
220691838480.30535888671875000000
99477049852.02445983886718750000
78282773858.96769714355468750000
85387344555.96264648437500000000
182186479509.14520263671875000000
74993477886.45481872558593750000
151343414829.60449218750000000000
203281706396.63519287109375000000
82767550336.01266479492187500000
94167154120.84130859375000000000
129281975217.16934204101562500000
95377194791.48634338378906250000
78764538447.96769714355468750000
93969786258.24047851562500000000
111879431233.51672363281250000000
78578256230.21980285644531250000
119047500313.18788146972656250000
198352552855.78704833984375000000
173985400506.08465576171875000000
228793432472.08129882812500000000
164158355057.98593139648437500000
94648535709.17468261718750000000
187479935821.70837402343750000000
82246321417.79382324218750000000
86939897364.25642395019531250000
67878879313.04766845703125000000
114674992249.31301879882812500000
80527381909.11253356933593750000
154687817508.40881347656250000000
123576601873.83041381835937500000
136578608185.58297729492187500000
145820636414.92242431640625000000
109639483028.90182495117187500000
79389873263.18971252441406250000
226529111059.17199707031250000000
143407019772.13879394531250000000
117990223219.01080322265625000000
80798848158.98007202148437500000
126490994724.26351928710937500000
84540273907.91909790039062500000
147230670536.56805419921875000000
101636532876.06686401367187500000
90273323214.72448730468750000000
170432531271.82241821289062500000
105676363512.90014648437500000000
181451509843.99465942382812500000
97563703272.76498413085937500000
112094361531.31301879882812500000
157093764372.73196411132812500000
183090542406.62762451171875000000
105944616141.28964233398437500000
197693729130.70898437500000000000
99489235766.32788085937500000000
90662139656.35813903808593750000
239708263167.52740478515625000000
84372618519.77880859375000000000
139192570246.12170410156250000000
86623730872.51206970214843750000
76822307840.65696716308593750000
139491150164.66552734375000000000
168040519067.14068603515625000000
143661504088.64846801757812500000
93086033173.10778808593750000000
97632414874.52648925781250000000
175704483267.43701171875000000000
117963888679.43585205078125000000
203015025041.42776489257812500000
152930395455.58929443359375000000
103129167613.23736572265625000000
201616470446.45013427734375000000
73012966625.42320251464843750000
94546389917.29431152343750000000
74374078306.49078369140625000000
158512102952.84844970703125000000
142993572130.87786865234375000000
172904543121.36331176757812500000
177300301623.34375000000000000000
98894915927.99606323242187500000
99160648495.64915466308593750000
106682955455.01582336425781250000
105576006694.01080322265625000000
98159632959.13412475585937500000
138028101392.97445678710937500000
176646243058.47195434570312500000
165228321046.93817138671875000000
85415282801.37023925781250000000
100009407354.25654602050781250000
188933460768.28491210937500000000
150416701440.65414428710937500000
168827479175.75207519531250000000
82386113054.18971252441406250000
122249081772.49902343750000000000
285561696767.18743896484375000000
222889127558.70684814453125000000
166418476069.73327636718750000000
98831999920.20280456542968750000
189339371742.89355468750000000000
173336078491.96826171875000000000
89602051362.34100341796875000000
99741776140.03518676757812500000
184629347846.52905273437500000000
142806245982.74240112304687500000
170024838510.36148071289062500000
91570052057.36584472656250000000
86932812913.25160217285156250000
101150589149.23645019531250000000
125194821285.09930419921875000000
72088729623.75671386718750000000
79507685087.10887145996093750000
142679785669.76403808593750000000
86127153655.85818481445312500000
106976013754.55807495117187500000
87006191424.51342773437500000000
123383705474.58885192871093750000
169897306411.07702636718750000000
213958238566.11956787109375000000
170740152139.16564941406250000000
156329604490.53518676757812500000
191893472887.77343750000000000000
117068698234.57812500000000000000
119739298133.01698303222656250000
147695573755.42242431640625000000
82971200676.11868286132812500000
188461944121.62554931640625000000
119395462224.47152709960937500000
295555619680.80419921875000000000
185777344484.81445312500000000000
150251806413.24670410156250000000
188700993008.18197631835937500000
124948344157.97109985351562500000
81110820970.87028503417968750000
110836117104.72702026367187500000
90983334489.25769042968750000000
78515211480.18499755859375000000
116411705322.73736572265625000000
111868256785.03558349609375000000
178755188170.60873413085937500000
92331649426.02667236328125000000
147793198295.19430541992187500000
144849709449.24670410156250000000
166345434943.89666748046875000000
206775858677.01162719726562500000
143591904950.70416259765625000000
141924535660.04968261718750000000
121861588042.21166992187500000000
90049152352.98503112792968750000
112777925056.63412475585937500000
120129135140.33398437500000000000
124548743325.55183410644531250000
182802927808.89807128906250000000
112527226972.32034301757812500000
104432068948.73046875000000000000
200346230906.08908081054687500000
242805886069.80218505859375000000
97702989245.37084960937500000000
203651342121.43048095703125000000
107679506260.37084960937500000000
144661035585.92147827148437500000
166688763005.90484619140625000000
158714678123.90887451171875000000
159981114890.80572509765625000000
207812826621.61041259765625000000
124862935258.26826477050781250000
88261882298.89984130859375000000
149631853921.82806396484375000000
164498960956.85052490234375000000
167678731759.78088378906250000000
89881586891.52667236328125000000
157053274607.78231811523437500000
172031669782.42968750000000000000
121104932865.32592773437500000000
87317988762.48503112792968750000
141213883472.87997436523437500000
276870590594.21020507812500000000
132113214340.94149780273437500000
107684643168.68127441406250000000
138296456375.86077880859375000000
138271024630.04827880859375000000
216512464530.92297363281250000000
201834400400.07421875000000000000
96404819350.12603759765625000000
91009382930.11706542968750000000
111799654625.32592773437500000000
196023266816.56927490234375000000
144461426720.39523315429687500000
226961692413.91467285156250000000
75149251202.28268432617187500000
162385434626.60531616210937500000
180510485227.30627441406250000000
79003226442.62576293945312500000
175709443982.08630371093750000000
91716530276.10778808593750000000
160282823064.58975219726562500000
118154567347.16543579101562500000
82824639278.81896972656250000000
119104317035.26564025878906250000
216755496245.69512939453125000000
76354396204.01969909667968750000
166991049791.03289794921875000000
82010885917.50653076171875000000
172159248208.32629394531250000000
140165852313.05474853515625000000
77071383437.09271240234375000000
107485446742.14184570312500000000
113882942719.14343261718750000000
68341091087.07456970214843750000
87734468763.53308105468750000000
175411300321.58593750000000000000
178571214293.06750488281250000000
144210557408.22421264648437500000
85705105245.61950683593750000000
174567418609.94891357421875000000
118801971593.59259033203125000000
81158133938.24462890625000000000
92186408241.36979675292968750000
126874727383.86079406738281250000
112274408593.19282531738281250000
182560907250.09939575195312500000
91348189058.32469177246093750000
112725692799.86218261718750000000
177175405415.47195434570312500000
86666268744.50253295898437500000
106950840216.03939819335937500000
129996431332.62020874023437500000
122335622045.22203063964843750000
112420578141.37631225585937500000
207727177155.83203125000000000000
186215186495.69372558593750000000
101484354726.37786865234375000000
129605919214.17468261718750000000
141910390021.70257568359375000000
95072061403.33688354492187500000
224282572032.79455566406250000000
81388687052.02609252929687500000
126878166633.34098815917968750000
94937444483.22483825683593750000
80333333535.69041442871093750000
89197754726.71014404296875000000
87532173543.74826049804687500000
90309133475.40286254882812500000
102162147447.36468505859375000000
117954497834.18692016601562500000
78754910611.37413024902343750000
85404650628.14199829101562500000
176441913401.35412597656250000000
82978688691.99978637695312500000
213007855877.59405517578125000000
96786141074.92526245117187500000
174254463958.63476562500000000000
86455290819.13555908203125000000
135216412157.67431640625000000000
139231262104.82498168945312500000
130981385163.05029296875000000000
131552309858.51307678222656250000
148187028592.15881347656250000000
170211305918.58541870117187500000
141260930848.48062133789062500000
97494196552.58818054199218750000
140406815063.21774291992187500000
207683206928.29333496093750000000
174230349855.97399902343750000000
83355072052.63723754882812500000
102595887505.92468261718750000000
129075868725.04243469238281250000
110551187536.78237915039062500000
180879054445.95672607421875000000
169172482641.16839599609375000000
138806563609.74826049804687500000
143599928063.87799072265625000000
210593161655.12585449218750000000
106995581191.74732971191406250000
180136705405.71899414062500000000
121808321889.32981872558593750000
127498140560.57879638671875000000
85104277806.49670410156250000000
100990298370.15356445312500000000
163268212496.94949340820312500000
73541849825.67842102050781250000
159873016503.38632202148437500000
83736377006.01266479492187500000
84081766801.26618957519531250000
95882222483.76957702636718750000
102455463949.68893432617187500000
166354673125.56518554687500000000
182899888783.28231811523437500000
91598995407.03674316406250000000
96199950764.37110900878906250000
176725491596.96932983398437500000
125903999968.32261657714843750000
141239816523.06683349609375000000
166632790220.27761840820312500000
95126461954.71632385253906250000
124867072575.04827880859375000000
93940313661.18310546875000000000
75388411836.73742675781250000000
263444374124.25125122070312500000
91392607084.44592285156250000000
161884253839.24331665039062500000
190469958742.69830322265625000000
121639713149.27539062500000000000
108760609579.76582336425781250000
185224907277.90905761718750000000
107350677422.89198303222656250000
92119447961.54339599609375000000
100393366768.13366699218750000000
200257855840.67987060546875000000
104998340065.82382202148437500000
112230938337.37786865234375000000
112327091287.50288391113281250000
110456515482.64245605468750000000
154340569842.77569580078125000000
77934986928.48722839355468750000
90593183432.89292907714843750000
176264842722.92398071289062500000
116780612670.63092041015625000000
134289563728.90185546875000000000
139590393820.91821289062500000000
96928691245.15014648437500000000
165121876564.06777954101562500000
94962491559.11909484863281250000
112848381624.20378112792968750000
191614180421.81710815429687500000
131749263953.77539062500000000000
76391541943.25437927246093750000
110252888401.75126647949218750000
103836762889.97099304199218750000
118695848607.41311645507812500000
175973882996.45062255859375000000
270093755769.92730712890625000000
113440761812.51325988769531250000
172912661448.30743408203125000000
103713529455.32981872558593750000
180468797096.69741821289062500000
111058374891.87786865234375000000
116686985774.99942016601562500000
83662276412.48645019531250000000
114866456335.25654602050781250000
96636880868.02609252929687500000
138682189295.78833007812500000000
93790847857.88935852050781250000
110229573874.24212646484375000000
89248755005.94390869140625000000
171840282740.44924926757812500000
109073548127.67468261718750000000
160401880056.85723876953125000000
110501318547.79333496093750000000
88284192140.87001037597656250000
69625746802.77703857421875000000
140311460198.06967163085937500000
95304398950.37786865234375000000
97875237928.56927490234375000000
87697024386.50453186035156250000
172280956023.81759643554687500000
113004039995.54431152343750000000
119908566699.24732971191406250000
94939750967.40014648437500000000
107316054496.18751525878906250000
79678091845.28210449218750000000
73014879691.63940429687500000000
211255631869.68478393554687500000
126665958581.20452880859375000000
87363473698.71850585937500000000
107347812278.61862182617187500000
110293583934.76342773437500000000
131118021808.48062133789062500000
155638305876.84393310546875000000
211721533466.04174804687500000000
185153657567.14523315429687500000
106666385589.84991455078125000000
206156841376.64300537109375000000
105949867353.86492919921875000000
135771581573.51457214355468750000
160433215559.39291381835937500000
198895583385.85922241210937500000
196609170285.94000244140625000000
100356923756.15628051757812500000
113011444408.70280456542968750000
242851796222.89602661132812500000
211407034062.16674804687500000000
177102273614.69433593750000000000
158276676540.16815185546875000000
86425446027.62110900878906250000
125107868921.25769042968750000000
122304811244.17468261718750000000
214908547408.01150512695312500000
86450159766.78833007812500000000
184847033684.52905273437500000000
200802235380.64385986328125000000
106755179311.65759277343750000000
98444604745.25642395019531250000
87054044348.84640502929687500000
107283787620.76957702636718750000
77033668554.51959228515625000000
206206137867.46881103515625000000
171826060593.98031616210937500000
204174497977.47817993164062500000
106375923792.55754089355468750000
77671931768.36816406250000000000
197129453704.11071777343750000000
134664537625.20257568359375000000
78028492809.19277954101562500000
86367390577.31713867187500000000
89714535237.89984130859375000000
89024292769.00506591796875000000
141439877782.01196289062500000000
99519847469.14843750000000000000
94282012645.51000976562500000000
159933139311.40667724609375000000
98609865102.82916259765625000000
151743128013.38302612304687500000
139637047339.08929443359375000000
198731913351.00463867187500000000
88688894432.49606323242187500000
99239318991.50074768066406250000
148181005097.90414428710937500000
90044842032.09838867187500000000
145428570556.98062133789062500000
153069756924.20629882812500000000
221883617917.04672241210937500000
116910806572.39843750000000000000
258177265323.57836914062500000000
99708181699.63842773437500000000
160184297592.08856201171875000000
199621015278.42709350585937500000
141592367351.83786010742187500000
125287396390.58297729492187500000
174587492862.79830932617187500000
69987980426.09393310546875000000
163992846963.54940795898437500000
215921186632.66314697265625000000
197743669565.87655639648437500000
91531927813.97146606445312500000
131421523174.48922729492187500000
80231978340.03939819335937500000
180325302314.47186279296875000000
78073637550.35678100585937500000
83509142837.62474060058593750000
214799319159.00079345703125000000
277512247289.15783691406250000000
122990950364.84991455078125000000
149508521520.23736572265625000000
178235543324.54803466796875000000
115573183436.94149780273437500000
131146516166.08041381835937500000
107364469401.21636962890625000000
72834634501.99078369140625000000
123274528504.69282531738281250000
119447708086.98736572265625000000
150805769627.58932495117187500000
184884296095.73977661132812500000
72875101529.25338745117187500000
86957512040.22485351562500000000
180749312255.26852416992187500000
223990775799.02926635742187500000
82352893229.87106323242187500000
98206450099.53343200683593750000
206445325896.36834716796875000000
91082630318.27441406250000000000
187238632287.86538696289062500000
96883021195.82348632812500000000
125703570346.28237915039062500000
87353245409.13142395019531250000
131478167366.04656982421875000000
177070087941.28259277343750000000
102344280479.72717285156250000000
150228554230.43203735351562500000
122944310975.55183410644531250000
179729259114.18750000000000000000
158508145587.63671875000000000000
156457304220.71447753906250000000
146584040975.20281982421875000000
257955921124.89465332031250000000
92815264605.13720703125000000000
163879369884.68515014648437500000
94820604052.42953491210937500000
90849096603.96609497070312500000
72402240578.04766845703125000000
95222505194.05807495117187500000
129371559598.08041381835937500000
88564991215.13784790039062500000
97056442715.48754882812500000000
157106085282.55126953125000000000
153674727926.74090576171875000000
228873901780.99716186523437500000
84455061292.61868286132812500000
150462806203.58932495117187500000
83065051340.11253356933593750000
250977766937.12103271484375000000
139931360535.65173339843750000000
102541855256.86529541015625000000
134417950056.85209655761718750000
125117404635.47241210937500000000
133188151104.80818176269531250000
209314444076.57714843750000000000
147150833609.89093017578125000000
213575264717.08343505859375000000
69258160470.63940429687500000000
182772123334.73706054687500000000
89456580958.83509826660156250000
105578653262.98648071289062500000
111031966655.97241210937500000000
184892671277.23703002929687500000
224678045902.78927612304687500000
177516185269.62597656250000000000
90797943771.52795410156250000000
127476114549.47717285156250000000
243076005825.36056518554687500000
107321538606.63383483886718750000
107182394826.46609497070312500000
156762460327.11495971679687500000
186103284713.90652465820312500000
174860132342.79693603515625000000
82091093021.32064819335937500000
114108271510.09375000000000000000
225722301288.81512451171875000000
84806251346.42874145507812500000
190345976764.35424804687500000000
182550920367.86529541015625000000
131485391641.40185546875000000000
201348763609.43609619140625000000
145285841021.84866333007812500000
122530646452.45378112792968750000
105976054419.77807617187500000000
128682948877.99188232421875000000
105134671225.79418945312500000000
164591794847.86346435546875000000
163267821313.98272705078125000000
156239737290.27606201171875000000
222948263326.95889282226562500000
132133233660.82592773437500000000
222916660093.54629516601562500000
152590560768.16033935546875000000
93610282632.68310546875000000000
170415488803.17242431640625000000
77789934950.48722839355468750000
99487903217.88723754882812500000
69900127650.19708251953125000000
202936060125.14511108398437500000
98058117162.11398315429687500000
147852402591.26205444335937500000
82109400138.21850585937500000000
193991765680.15032958984375000000
230279115686.57537841796875000000
76741177498.60887145996093750000
110391999910.23162841796875000000
101788917132.53674316406250000000
100486076429.39961242675781250000
233128853230.30413818359375000000
228445927763.02261352539062500000
199875152789.57492065429687500000
100830217718.38372802734375000000
194032744127.25598144531250000000
98036097311.70953369140625000000
105886417790.16543579101562500000
92356364997.73205566406250000000
80097357292.61007690429687500000
83205883891.43127441406250000000
85966001415.77441406250000000000
173197901561.75601196289062500000
231434960573.87518310546875000000
181098573671.47473144531250000000
79954393807.21534729003906250000
101130991991.62631225585937500000
192638898823.34338378906250000000
97147496004.10803222656250000000
135271831575.75347900390625000000
120469554146.48736572265625000000
186528644628.88092041015625000000
185437285138.92987060546875000000
176731998213.73425292968750000000
100456002507.96484375000000000000
144559312087.38092041015625000000
89404097297.86584472656250000000
195043665740.65185546875000000000
98962679307.43960571289062500000
82454905463.37654113769531250000
98770675964.53343200683593750000
124635264247.88331604003906250000
134584842103.96873474121093750000
105347890414.36708068847656250000
241241962119.87368774414062500000
89780238263.97506713867187500000
212436963247.34039306640625000000
109948870855.32382202148437500000
80454077397.23046875000000000000
196900597074.11840820312500000000
92507497750.97146606445312500000
255011141273.19866943359375000000
169043521996.60937500000000000000
159778177465.25738525390625000000
109724392851.13842773437500000000
143274629182.12930297851562500000
77335733825.70355224609375000000
208137313391.68344116210937500000
218240619553.09179687500000000000
198933102082.20288085937500000000
191417819462.38400268554687500000
96787132077.32713317871093750000
136459312057.07376098632812500000
95681167911.99652099609375000000
98801593774.64129638671875000000
119881978858.30682373046875000000
126130832100.97717285156250000000
120962131292.10815429687500000000
105910806694.71435546875000000000
110329500237.76045227050781250000
122727521701.23809814453125000000
214709224129.83044433593750000000
181158861791.26663208007812500000
76550165579.41323852539062500000
205606769978.35577392578125000000
150782504518.58282470703125000000
98057713523.27667236328125000000
201867885432.39968872070312500000
172164083419.37399291992187500000
111404132643.67327880859375000000
188914472259.76434326171875000000
104928329532.86979675292968750000
100452849700.00288391113281250000
124290945274.44480895996093750000
95980018226.63383483886718750000
85320262787.40696716308593750000
105298463794.91928100585937500000
76621325688.57916259765625000000
78352616645.88623046875000000000
94845386613.89129638671875000000
86786221948.97119140625000000000
125558878969.38331604003906250000
172522122154.67156982421875000000
91145695086.35050964355468750000
183093336635.63470458984375000000
148046569376.49752807617187500000
86575493063.23187255859375000000
109670596080.17953491210937500000
101734065987.94592285156250000000
140428006237.20379638671875000000
131080638872.48097229003906250000
138040000085.31393432617187500000
90588862033.86468505859375000000
149725538433.51498413085937500000
110709230648.75286865234375000000
183729411187.44015502929687500000
168081395500.74169921875000000000
252019381809.08612060546875000000
169155334360.32635498046875000000
97459486272.41412353515625000000
113608579229.18699645996093750000
152452481136.77481079101562500000
128003630357.59375000000000000000
131976435004.47152709960937500000
101735355083.59584045410156250000
111402381838.27445983886718750000
183821010704.04830932617187500000
161447611958.78585815429687500000
88015506078.25537109375000000000
200703318778.56463623046875000000
152617721101.67974853515625000000
124198793482.13769531250000000000
173782020228.57058715820312500000
178193368904.46438598632812500000
104300456433.76564025878906250000
143582509332.58764648437500000000
195149226008.60699462890625000000
92365029218.79418945312500000000
115178695235.66912841796875000000
111914317838.92495727539062500000
244309138449.45449829101562500000
114124584806.47717285156250000000
103979234062.51080322265625000000
235391124246.97894287109375000000
175268955030.87921142578125000000
176611507490.26733398437500000000
167767295883.06686401367187500000
161793845534.94293212890625000000
86531941580.16040039062500000000
308150043502.12402343750000000000
99488255507.36038208007812500000
161988691844.36767578125000000000
126321197592.57981872558593750000
85628744275.77563476562500000000
86387524395.85818481445312500000
140860902562.19754028320312500000
161970482883.64392089843750000000
169502036610.25527954101562500000
150972482038.43218994140625000000
178900147506.64175415039062500000
107331322793.49958801269531250000
167355883966.79647827148437500000
153087637239.09930419921875000000
139574937106.68750000000000000000
90680461801.13598632812500000000
112511699062.87820434570312500000
175817132286.34927368164062500000
108929883064.42953491210937500000
98091256164.34716796875000000000
83974301506.53265380859375000000
127759305376.83312988281250000000
177245593472.72985839843750000000
80225091878.29742431640625000000
96088963481.86312866210937500000
162043838111.18515014648437500000
74444369657.78448486328125000000
107325429970.98736572265625000000
144776845493.75738525390625000000
194989514071.13705444335937500000
122144676936.26045227050781250000
107288428287.36708068847656250000
105848573541.15014648437500000000
184311146547.46704101562500000000
78785986024.09896850585937500000
121681942408.70452880859375000000
171656233401.50970458984375000000
181492261938.42657470703125000000
91217969201.48162841796875000000
130352915613.46353149414062500000
104490986928.99942016601562500000
166694450689.77685546875000000000
103523448496.28518676757812500000
106242985595.97163391113281250000
135652690672.51004028320312500000
198958269362.72186279296875000000
165710741689.30603027343750000000
101048879537.62106323242187500000
278292323480.74041748046875000000
69774254171.80407714843750000000
179349814606.36358642578125000000
158872291690.72000122070312500000
170137093101.60864257812500000000
172539245340.93548583984375000000
142092430933.67193603515625000000
82063057636.34584045410156250000
112385226532.39913940429687500000
109618906925.63598632812500000000
96234130192.32382202148437500000
210874725447.89071655273437500000
161593865730.54882812500000000000
131270939540.65054321289062500000
130828417828.66999816894531250000
148686197856.18515014648437500000
84500806015.12474060058593750000
215201379862.13504028320312500000
195035274952.40216064453125000000
150654246213.01004028320312500000
153105361633.71118164062500000000
195381125325.54168701171875000000
151224182432.80184936523437500000
90110587604.92495727539062500000
214207804988.76684570312500000000
253994851345.89364624023437500000
231716199924.57778930664062500000
143837833743.85736083984375000000
95059454390.82812500000000000000
114158866321.38331604003906250000
155534603797.59655761718750000000
97803747643.97491455078125000000
190653742899.27661132812500000000
131524326109.36853027343750000000
99694400423.02503967285156250000
159340310191.39959716796875000000
158300736069.07723999023437500000
86743497259.57928466796875000000
182902549483.46670532226562500000
114330761495.90530395507812500000
120668003750.56774902343750000000
114224427175.25231933593750000000
192025447891.19989013671875000000
115607809053.13146972656250000000
83362135073.38623046875000000000
252363868491.72409057617187500000
78377322200.43893432617187500000
78941140513.17263793945312500000
186493951258.36651611328125000000
200494828758.03652954101562500000
124417880434.70257568359375000000
174637253325.94873046875000000000
187425318413.02905273437500000000
173647197755.35186767578125000000
162517564587.63229370117187500000
123628509893.74612426757812500000
119373305926.26751708984375000000
147845541501.19586181640625000000
250391404530.48992919921875000000
98776358753.48736572265625000000
92211288756.39086914062500000000
255396086540.87005615234375000000
87419302054.89961242675781250000
184502830357.30303955078125000000
75219442835.77331542968750000000
79346095615.78268432617187500000
94567056231.53939819335937500000
110493158941.86312866210937500000
163871577800.96697998046875000000
94765008040.47099304199218750000
231642945440.76843261718750000000
116551010945.98922729492187500000
100606482585.09375000000000000000
210209087625.73971557617187500000
108698977645.46774291992187500000
65471202407.73838806152343750000
84971665122.41403198242187500000
193833181799.22912597656250000000
80132790251.77233886718750000000
119129490102.53915405273437500000
84614458839.75074768066406250000
94856944282.54467773437500000000
93360952828.09045410156250000000
176822103935.97033691406250000000
116530250632.09100341796875000000
95352422137.94833374023437500000
171200467982.96493530273437500000
202764851653.47726440429687500000
88556635866.44833374023437500000
79104322452.23606872558593750000
119728468427.14184570312500000000
77970623974.87028503417968750000
95749569665.25288391113281250000
218497202195.12097167968750000000
64496493437.09394073486328125000
107318280689.11398315429687500000
85405676309.43475341796875000000
81244665490.90092468261718750000
120024710348.94146728515625000000
109572997851.85803222656250000000
176250921627.10595703125000000000
244974505922.74612426757812500000
71310886863.02413940429687500000
110690293775.07981872558593750000
179398854305.96337890625000000000
99416251513.74253845214843750000
77188271090.85678100585937500000
119788942579.22377014160156250000
199082786616.64672851562500000000
174807718187.49090576171875000000
108548505839.25642395019531250000
108828083092.01000976562500000000
81645009757.22764587402343750000
188070872273.32281494140625000000
175783713296.05007934570312500000
184954242877.92333984375000000000
81385061286.78540039062500000000
104574861687.53388977050781250000
155800677503.06616210937500000000
97810788843.75286865234375000000
181001106473.01730346679687500000
105179607076.38180541992187500000
138122278657.69754028320312500000
173643838817.14160156250000000000
114631420366.64843750000000000000
78685758990.80407714843750000000
67627944658.48554992675781250000
81244811034.74462890625000000000
111193691568.94480895996093750000
123469316432.30297851562500000000
89387930740.73046875000000000000
80378838772.77331542968750000000
203689790160.21746826171875000000
127645827118.72387695312500000000
133533689046.99949645996093750000
182153789540.92388916015625000000
95678562320.86492919921875000000
209654019400.66595458984375000000
107252173999.76325988769531250000
196668173993.81854248046875000000
80103695459.69041442871093750000
84122740856.78540039062500000000
154349056251.27606201171875000000
158277696143.56744384765625000000
132085561083.85668945312500000000
127484154603.59637451171875000000
116081367116.98405456542968750000
109401115566.44046020507812500000
218052419178.67141723632812500000
152870969893.05471801757812500000
261047668756.35433959960937500000
222944159042.20190429687500000000
201069884499.69537353515625000000
175950070650.15954589843750000000
196874941193.81674194335937500000
97319521846.70321655273437500000
83586396459.20402526855468750000
76855038794.25225830078125000000
119970438047.97006225585937500000
90173186071.71093750000000000000
154985465509.99340820312500000000
165224715363.57879638671875000000
224291915033.55053710937500000000
85609829249.75074768066406250000
97258041428.74949645996093750000
101904284627.22119140625000000000
120914443878.12942504882812500000
89214419551.72119140625000000000
120058243795.40151977539062500000
96409717341.74212646484375000000
139612073403.55242919921875000000
93383548856.15286254882812500000
258795904633.38098144531250000000
112231076358.06286621093750000000
156329325159.49652099609375000000
108072698345.26498413085937500000
134682166509.43008422851562500000
191504796431.39587402343750000000
86611596917.76618957519531250000
240823115590.67675781250000000000
87357833898.48132324218750000000
78772275969.94287109375000000000
112500314263.78518676757812500000
89713988743.65963745117187500000
156686651022.34393310546875000000
71780591381.53823852539062500000
178409240609.68829345703125000000
114572968343.10366821289062500000
74939080738.14913940429687500000
301657854362.87475585937500000000
134366963352.62786865234375000000
97763544530.84130859375000000000
93129168515.26206970214843750000
76146064007.44287109375000000000
120889650722.33157348632812500000
137764292241.32592773437500000000
209754495546.67504882812500000000
176810042518.09155273437500000000
156882376276.08694458007812500000
81300273525.29406738281250000000
125005527262.63412475585937500000
112212226717.23809814453125000000
205231780156.57830810546875000000
261039129223.06658935546875000000
96084620711.47436523437500000000
160820197691.67678833007812500000
87540810893.23645019531250000000
148558320713.86572265625000000000
132987558726.94793701171875000000
143460842688.05841064453125000000
178687899339.28582763671875000000
219074824391.95126342773437500000
97342455251.53991699218750000000
132667506428.82034301757812500000
71456455687.89843750000000000000
142569463661.54827880859375000000
277008563883.68914794921875000000
155781597346.27871704101562500000
69453847788.15859985351562500000
69522955035.20046997070312500000
124101018359.94546508789062500000
224502102325.52120971679687500000
157956626885.02920532226562500000
142764438575.02087402343750000000
95579437488.05754089355468750000
142596571946.12786865234375000000
160139793032.31430053710937500000
162388690781.52572631835937500000
83462497835.21632385253906250000
222020178182.65866088867187500000
112608248577.34172058105468750000
213444307781.48837280273437500000
178179855654.46194458007812500000
111838060167.75875854492187500000
171512379239.20092773437500000000
106291496159.31738281250000000000
90979056272.35092163085937500000
153076860737.67172241210937500000
155064249994.97839355468750000000
139083196523.55471801757812500000
132213520374.03691101074218750000
97384955790.35803222656250000000
139037140596.60449218750000000000
124372056198.19754028320312500000
135368130041.76751708984375000000
102742067409.13146972656250000000
164831944389.93432617187500000000
183297056184.66418457031250000000
156636132762.03100585937500000000
253304356690.83117675781250000000
173438843135.02807617187500000000
269376301438.99548339843750000000
98622356779.08947753906250000000
228000155180.03186035156250000000
170089664626.57116699218750000000
83680144442.93801879882812500000
82974942090.20953369140625000000
80879146113.25225830078125000000
138938914154.14886474609375000000
184653057709.17651367187500000000
102417548383.11993408203125000000
153764346638.28002929687500000000
165326912253.83251953125000000000
194231628932.15332031250000000000
157067094840.90625000000000000000
111204428195.35681152343750000000
89541492139.68127441406250000000
91594740491.09045410156250000000
212229214461.67321777343750000000
206706521569.35729980468750000000
204037164052.67816162109375000000
149734393716.51004028320312500000
158209817401.88781738281250000000
184632769956.89941406250000000000
75438161538.25437927246093750000
178677168496.80505371093750000000
73277216317.26959228515625000000
192705547433.84780883789062500000
95422123643.20516967773437500000
150519402966.33856201171875000000
133642086532.67468261718750000000
98984226142.76342773437500000000
229407485801.08123779296875000000
165066971256.86019897460937500000
102003267527.66912841796875000000
178086263210.32629394531250000000
87973907913.22485351562500000000
184469773655.06393432617187500000
89583293827.38269042968750000000
194873249549.63421630859375000000
112684116034.35449218750000000000
210541345538.28033447265625000000
123571954958.11398315429687500000
183640935865.59399414062500000000
70736231335.20046997070312500000
151428765920.64440917968750000000
124813757004.71484375000000000000
104624526518.59838867187500000000
128273522595.19238281250000000000
162714321614.73168945312500000000
199684668303.60464477539062500000
164634482242.17895507812500000000
109732310981.53343200683593750000
73743191099.18542480468750000000
103284896601.97448730468750000000
169579560516.01104736328125000000
113819023413.26698303222656250000
162357630049.68515014648437500000
80611843525.39416503906250000000
88130010787.39292907714843750000
123019207291.58763122558593750000
103075724763.04663085937500000000
93735848256.84107971191406250000
113085848820.88180541992187500000
154713340731.60449218750000000000
182429182509.65426635742187500000
106900300164.59100341796875000000
157587431483.44970703125000000000
113983602672.19941711425781250000
134629050470.56896972656250000000
85151298110.13000488281250000000
102116930555.67187500000000000000
105003496885.72203063964843750000
141026248239.89868164062500000000
241444365562.70367431640625000000
100431315485.24372863769531250000
184719858710.77642822265625000000
229924846970.81323242187500000000
121624938886.89198303222656250000
124613544866.35449218750000000000
74465381224.42395019531250000000
149626727315.00338745117187500000
104344575394.41311645507812500000
111781877266.82261657714843750000
90344907435.85684204101562500000
169281207415.42013549804687500000
69563444358.98554992675781250000
202901405344.76055908203125000000
145559366176.23461914062500000000
109828451288.61706542968750000000
93845698221.27667236328125000000
147068912321.95251464843750000000
260350111784.00769042968750000000
142297827785.35668945312500000000
132277388567.17849731445312500000
191887021398.76361083984375000000
123472582347.78851318359375000000
109566422121.92526245117187500000
118267502765.60775756835937500000
142206650759.36441040039062500000
81982953252.29418945312500000000
186950542151.02905273437500000000
85888631619.27441406250000000000
155005403697.93750000000000000000
178752969500.56130981445312500000
195183552268.85058593750000000000
96897865626.99942016601562500000
103925768939.31710815429687500000
101798308893.49670410156250000000
152085171663.66171264648437500000
181595832513.70101928710937500000
130093891243.17468261718750000000
129158553575.69430541992187500000
203614859593.93804931640625000000
185888180226.78765869140625000000
121714268050.53388977050781250000
123131335184.39553833007812500000
72727572865.68788146972656250000
97658223951.02247619628906250000
97998387808.73162841796875000000
86715233275.25749206542968750000
132408226699.17343139648437500000
210517892469.56579589843750000000
85005813960.02609252929687500000
173363053617.52905273437500000000
184410835264.42242431640625000000
216564202616.70535278320312500000
274297106044.73880004882812500000
101661334003.39843750000000000000
113078364431.52648925781250000000
89379771320.68893432617187500000
114844811841.08947753906250000000
94974526141.50675964355468750000
157566633698.35949707031250000000
103830270707.45184326171875000000
121657492760.20378112792968750000
121133546912.44793701171875000000
114795080104.48703002929687500000
170940748859.65625000000000000000
240597034758.30856323242187500000
220280260041.23184204101562500000
176602955988.08908081054687500000
87253368227.38784790039062500000
122357273375.42868041992187500000
120846047805.86492919921875000000
92937282992.80468750000000000000
138121797160.89553833007812500000
99599113866.85430908203125000000
89148563345.83509826660156250000
107223045968.51564025878906250000
94692258529.34907531738281250000
123176614293.07981872558593750000
203367284954.16464233398437500000
151373139316.08929443359375000000
192177226342.72296142578125000000
89638190540.13000488281250000000
137837883349.56774902343750000000
203499660386.88696289062500000000
154036564255.30093383789062500000
107687036090.61909484863281250000
77550797157.69277954101562500000
183341535699.23461914062500000000
118019791011.08041381835937500000
137149222981.80039978027343750000
185793434520.30145263671875000000
119699489877.28237915039062500000
198676893941.27639770507812500000
136551982201.26826477050781250000
99386919772.66543579101562500000
90327896532.36312866210937500000
194200993780.79241943359375000000
112163668713.00537109375000000000
204259348569.17025756835937500000
114821087310.83041381835937500000
172719474750.36480712890625000000
104925173290.48205566406250000000
152190003813.30462646484375000000
62443621496.26428985595703125000
95445635305.55183410644531250000
117674050310.36708068847656250000
82657829873.89961242675781250000
264686423743.05807495117187500000
93779607273.59487915039062500000
151917123140.08932495117187500000
63766835031.80407714843750000000
202284591061.39682006835937500000
79041339980.77233886718750000000
204025989147.64331054687500000000
81439290380.99093627929687500000
96832195548.98645019531250000000
110136458913.89944458007812500000
128740530044.71484375000000000000
172335950292.35900878906250000000
195210392141.66564941406250000000
162647021609.51351928710937500000
240407724740.55477905273437500000
82507672205.93475341796875000000
163786629247.70013427734375000000
148540799202.44219970703125000000
141196680902.96014404296875000000
106006942170.42422485351562500000
73365296769.97677612304687500000
262876188550.60702514648437500000
101968820018.45452880859375000000
112616780420.82647705078125000000
75173627698.73742675781250000000
182900285029.56134033203125000000
124728350660.19677734375000000000
155790993211.94967651367187500000
105150591470.68692016601562500000
101178444077.89913940429687500000
161171027939.10949707031250000000
159029293859.91259765625000000000
172798503760.74728393554687500000
166505615488.85641479492187500000
86416234418.42422485351562500000
101883554634.40447998046875000000
151011327272.17150878906250000000
122919168155.23724365234375000000
142646645519.37942504882812500000
120335603248.40185546875000000000
169200309285.76599121093750000000
183332481427.39175415039062500000
171942861712.80895996093750000000
254934226298.71813964843750000000
290565717011.93786621093750000000
142499975573.86441040039062500000
92454834091.65014648437500000000
197978177163.33105468750000000000
117826769830.72506713867187500000
125895344796.82592773437500000000
202304991537.43115234375000000000
309277849798.78912353515625000000
219318948172.56808471679687500000
86405768850.81301879882812500000
97254757912.34741210937500000000
101316126525.66412353515625000000
168191796734.79687500000000000000
177449315320.04168701171875000000
171085126407.47399902343750000000
137505725927.18750000000000000000
227934633165.48440551757812500000
179477466514.87384033203125000000
95088913538.63598632812500000000
98322676392.37603759765625000000
81184835829.49093627929687500000
187563455211.33465576171875000000
88409445355.96609497070312500000
120058469930.56927490234375000000
145874865212.64129638671875000000
96335416497.39961242675781250000
165429241330.14074707031250000000
96001576973.17526245117187500000
110495691222.22203063964843750000
104899674525.07812500000000000000
227448845477.57171630859375000000
101090101840.81301879882812500000
81077677705.20007324218750000000
129028523225.44970703125000000000
78653503181.41394042968750000000
158893453229.82522583007812500000
143560046381.64855957031250000000
72182946739.45953369140625000000
155598622407.10647583007812500000
141547531383.36077880859375000000
97956246833.65356445312500000000
261935858572.48001098632812500000
108187282171.98736572265625000000
157379791887.54064941406250000000
118699679252.97099304199218750000
100570587169.75160217285156250000
189886934419.96194458007812500000
73214159107.38171386718750000000
138578859505.08932495117187500000
83140269617.41351318359375000000
158800464447.13568115234375000000
172107446122.92849731445312500000
172564537330.07983398437500000000
111859332110.00074768066406250000
70668050692.24989318847656250000
84367571207.31713867187500000000
76600274252.65859985351562500000
155731464106.50149536132812500000
190170566706.30783081054687500000
83568461988.32064819335937500000
93758045361.16912841796875000000
235414369696.01074218750000000000
143749433402.54968261718750000000
109024762310.64198303222656250000
158347615069.94110107421875000000
174710047399.37170410156250000000
193894261044.55615234375000000000
84118855108.25749206542968750000
149519940311.43701171875000000000
91487136882.79209899902343750000
92840067522.09100341796875000000
78468027310.99253845214843750000
182279851791.95251464843750000000
97262071042.37820434570312500000
180462953735.18670654296875000000
76573263951.42320251464843750000
78503274739.59533691406250000000
142931530569.22967529296875000000
83052407851.58299255371093750000
137609047110.43750000000000000000
102129978897.79209899902343750000
113494212627.09637451171875000000
90581743355.26982116699218750000
96196669160.20899963378906250000
103698880529.13000488281250000000
82265252494.65756225585937500000
226148177489.62927246093750000000
132729252895.40393066406250000000
195307016437.79452514648437500000
94092512784.12866210937500000000
108045084867.94833374023437500000
81672022741.71534729003906250000
116306385471.66412353515625000000
107571251357.90151977539062500000
106497823619.82275390625000000000
208604765416.29107666015625000000
175339312960.51531982421875000000
153500053008.40368652343750000000
184924369662.10079956054687500000
122753930786.11862182617187500000
88517839237.21653747558593750000
176762657042.01593017578125000000
131021254492.80841064453125000000
95706933078.90696716308593750000
129742749074.87252807617187500000
186157839957.64587402343750000000
104587037539.60815429687500000000
96780573362.36218261718750000000
97291459089.08763122558593750000
110428145956.71166992187500000000
104253633869.93585205078125000000
75589232033.09271240234375000000
84454639969.32916259765625000000
142884391363.00320434570312500000
96249361315.67953491210937500000
113630794535.14915466308593750000
75759829267.75338745117187500000
71973442760.62884521484375000000
138516888192.03668212890625000000
90882629447.23451232910156250000
123694380612.90182495117187500000
147833071811.80624389648437500000
121480646511.16839599609375000000
165497833066.17752075195312500000
174398368237.97195434570312500000
120718369854.08885192871093750000
159236608401.84619140625000000000
71550026417.77703857421875000000
132702492337.38667297363281250000
75338444824.88171386718750000000
229673810859.77612304687500000000
108374493148.91412353515625000000
187586238948.90756225585937500000
83044616387.41403198242187500000
139328856255.56417846679687500000
98560779530.14198303222656250000
120588744688.36708068847656250000
200964595225.15274047851562500000
125083065547.87295532226562500000
79500643239.91394042968750000000
192172716721.72790527343750000000
106236094300.09259033203125000000
83969242318.26982116699218750000
112587328465.20452880859375000000
168451853817.72259521484375000000
152101695553.52416992187500000000
95884444001.40447998046875000000
91768015565.65356445312500000000
147494532177.93307495117187500000
83955087719.46653747558593750000
148529619833.16598510742187500000
196091855605.91006469726562500000
112036129335.44592285156250000000
95676558437.96424865722656250000
92351181203.68006896972656250000
91351919368.22377014160156250000
79145756797.14199829101562500000
157644170160.59844970703125000000
163932852499.69348144531250000000
143702245987.82647705078125000000
230160831304.07321166992187500000
157614641451.60443115234375000000
96290233507.09863281250000000000
218892834844.10159301757812500000
75048335438.71875000000000000000
113148707351.12170410156250000000
176631744571.30804443359375000000
237604393042.39077758789062500000
143595703942.66934204101562500000
76231090069.21875000000000000000
130240651332.83914184570312500000
97171548189.29333496093750000000
174466635642.59628295898437500000
88163999562.57928466796875000000
152946054580.84393310546875000000
192068001367.19000244140625000000
202032969237.21920776367187500000
80207128443.41323852539062500000
76348093275.28448486328125000000
159553520095.89102172851562500000
117507682745.59838867187500000000
139209409136.76824951171875000000
83944118876.05407714843750000000
127260789653.09063720703125000000
81460481118.48007202148437500000
175528733326.10366821289062500000
239041417884.92944335937500000000
129105348630.73425292968750000000
140803901442.92819213867187500000
133409495273.47152709960937500000
84235860654.61468505859375000000
222103333682.49224853515625000000
138214417970.82788085937500000000
184711795319.60540771484375000000
94790638286.84371948242187500000
158779579975.76165771484375000000
92201017807.28964233398437500000
77928402714.69403076171875000000
111443319064.21484375000000000000
193540785270.90106201171875000000
129348295005.22383117675781250000
157928997325.64068603515625000000
175686063980.36462402343750000000
244541407068.93994140625000000000
98027094077.31799316406250000000
214554554788.53063964843750000000
128997441999.98895263671875000000
209553923142.92852783203125000000
98965768502.57261657714843750000
112178080230.53674316406250000000
71544904515.77857971191406250000
83164377409.88269042968750000000
108553069438.78851318359375000000
133728217736.23168945312500000000
191281501115.23358154296875000000
112429900657.42468261718750000000
89251436426.95280456542968750000
96895352758.10723876953125000000
162305495855.50253295898437500000
106959668433.24732971191406250000
126857011242.26698303222656250000
133398960204.99949645996093750000
134474071562.74313354492187500000
161865738474.50765991210937500000
119791591465.67431640625000000000
97144869578.78329467773437500000
118033889304.59838867187500000000
153646960266.23901367187500000000
194859778931.99835205078125000000
81183578848.78149414062500000000
115592716627.13146972656250000000
129605672489.14797973632812500000
190699846174.33679199218750000000
107600448114.48634338378906250000
82142565411.55218505859375000000
164816113337.83908081054687500000
146911131253.01593017578125000000
151932397770.35748291015625000000
209516087457.30734252929687500000
198610822200.30371093750000000000
69515091235.52413940429687500000
169919589225.61682128906250000000
164707717673.80108642578125000000
154264706098.35867309570312500000
96460976618.61909484863281250000
166648420696.53915405273437500000
107284847922.50282287597656250000
177010393009.70861816406250000000
157030565596.10449218750000000000
171185187201.97399902343750000000
146962828818.55346679687500000000
163781313639.00354003906250000000
118076712367.90530395507812500000
116742402463.98648071289062500000
152929890898.60449218750000000000
144105246339.40722656250000000000
148769799963.17242431640625000000
87204795861.38723754882812500000
93320372049.82980346679687500000
185018592905.82080078125000000000
119901609771.74732971191406250000
230351195391.61532592773437500000
83449020554.20185852050781250000
171008844099.68215942382812500000
187142675781.28106689453125000000
130025287510.74169921875000000000
86344380035.13935852050781250000
87490196470.58715820312500000000
163349351662.69351196289062500000
96722107591.91598510742187500000
132835019053.02813720703125000000
187033052291.64599609375000000000
142309840859.30041503906250000000
133209289366.51698303222656250000
120275009167.40182495117187500000
155999596850.79708862304687500000
101648612647.87631225585937500000
139239301491.74612426757812500000
83857040242.08299255371093750000
92181632526.33885192871093750000
185296437877.69064331054687500000
133359363584.01698303222656250000
59167814994.76428985595703125000
149703545962.56271362304687500000
217411585628.29980468750000000000
77431681394.18499755859375000000
232285926230.13037109375000000000
224475539022.15039062500000000000
100301110916.02503967285156250000
156039479893.51074218750000000000
118239812063.13769531250000000000
216105900185.81280517578125000000
184252260908.60159301757812500000
125648704857.36851501464843750000
120293112749.26582336425781250000
139583502018.88299560546875000000
207251271850.99340820312500000000
197111322022.33898925781250000000
220373677430.82839965820312500000
114089804929.88055419921875000000
72740603177.89843750000000000000
114942274958.14913940429687500000
104060209866.64764404296875000000
112136306690.37603759765625000000
234212134944.35369873046875000000
160793219404.10681152343750000000
116365323717.17861938476562500000
209777032823.82070922851562500000
211007453654.42816162109375000000
115531027402.24212646484375000000
63890342544.73838806152343750000
85645360104.63142395019531250000
107512232994.72483825683593750000
197071255443.35940551757812500000
90820725728.08876037597656250000
236473413060.97351074218750000000
160169694578.62069702148437500000
134763638813.84210205078125000000
93940954493.34259033203125000000
86214477646.66040039062500000000
224787405746.68963623046875000000
111013341630.74949645996093750000
98853202253.44970703125000000000
219594069848.14910888671875000000
136124941432.05221557617187500000
88795036118.86645507812500000000
76593015439.57443237304687500000
216128704243.95376586914062500000
131538266284.23168945312500000000
138150311080.49902343750000000000
101640875582.97625732421875000000
198123789563.94943237304687500000
83650219654.70007324218750000000
182624740286.17669677734375000000
95606527725.50537109375000000000
239511513087.85510253906250000000
156705120413.11425781250000000000
80409056461.28149414062500000000
151257602216.35681152343750000000
184172556522.02651977539062500000
156166523275.30487060546875000000
89827291577.22006225585937500000
181066739777.96887207031250000000
110901183448.76351928710937500000
209038942904.48461914062500000000
126753363928.12170410156250000000
121195058891.11862182617187500000
205003665605.89508056640625000000
102682597447.26982116699218750000
85675655124.01959228515625000000
104602721226.13769531250000000000
118822629829.98205566406250000000
125988903302.01325988769531250000
168778997754.01751708984375000000
105134312028.70358276367187500000
122852315940.09716796875000000000
162050757012.52914428710937500000
83130004143.50169372558593750000
166743969365.17526245117187500000
100160575974.89129638671875000000
90266229281.12106323242187500000
104586048061.76206970214843750000
76974966841.03939819335937500000
65227604234.80407714843750000000
80380556412.29742431640625000000
132152751347.77539062500000000000
74773724200.07443237304687500000
170554502558.74594116210937500000
195586273698.13220214843750000000
140494298009.66552734375000000000
127487175178.69282531738281250000
102196790488.35046386718750000000
97066455125.25500488281250000000
141846486427.09326171875000000000
85910930567.23606872558593750000
106304602730.22006225585937500000
155595570035.94238281250000000000
143722510735.90756225585937500000
193245484000.11148071289062500000
107856348840.45378112792968750000
189617685203.71282958984375000000
140352043397.02087402343750000000
93793933428.54333496093750000000
134527757263.82592773437500000000
196889093952.76202392578125000000
174135624527.79742431640625000000
163794537039.71121215820312500000
126160769084.12786865234375000000
120307272428.72749328613281250000
105167538636.94046020507812500000
66226493997.07456970214843750000
137529415935.17431640625000000000
101080100733.63784790039062500000
142594907598.77246093750000000000
104777483779.97387695312500000000
95216379007.61862182617187500000
203476400866.85321044921875000000
68672342320.24989318847656250000
86939350059.08715820312500000000
137680938400.82592773437500000000
113536642885.69293212890625000000
162008100300.67572021484375000000
106135184006.36773681640625000000
107362180017.80349731445312500000
100986505646.71424865722656250000
91391448510.41928100585937500000
134765043081.35684204101562500000
141577490120.79922485351562500000
86387263120.16928100585937500000
195529627650.98931884765625000000
111282346519.69677734375000000000
109268118561.00074768066406250000
238831328437.34527587890625000000
253326765771.76605224609375000000
138978735822.03939819335937500000
198603019639.71731567382812500000
139717247405.12194824218750000000
184496746314.49188232421875000000
131216992877.90530395507812500000
85672004016.29922485351562500000
84100293297.05712890625000000000
140151884981.84759521484375000000
166619218554.26043701171875000000
95666884808.71632385253906250000
227846127591.68243408203125000000
99698414724.98046875000000000000
153067551297.58837890625000000000
123770048590.68751525878906250000
92054112690.20697021484375000000
165571523959.74017333984375000000
87500519019.09584045410156250000
87160502130.18893432617187500000
131386897330.18009948730468750000
112441797865.22387695312500000000
167051108433.51425170898437500000
318266886180.51098632812500000000
203087205171.57183837890625000000
85519804088.72448730468750000000
151749965026.95904541015625000000
138777255490.54827880859375000000
198238736729.84484863281250000000
109643119255.73724365234375000000
135162619999.40623474121093750000
213374654672.79882812500000000000
111213145028.75654602050781250000
161702426334.16531372070312500000
96352836419.48168945312500000000
87690572245.10092163085937500000
91714006235.04339599609375000000
141414463999.10626220703125000000
221604804829.75561523437500000000
268795146560.79101562500000000000
111897467976.22702026367187500000
87424884405.92526245117187500000
173849303370.68267822265625000000
100297482357.23587036132812500000
190347965008.72076416015625000000
107502534716.56927490234375000000
160347383328.11508178710937500000
150907194383.08932495117187500000
100082104388.75126647949218750000
99150775119.51672363281250000000
182028175280.97039794921875000000
205217348301.75524902343750000000
136970986885.26873779296875000000
108440776257.58885192871093750000
134349475324.29827880859375000000
121413070742.67327880859375000000
245323085926.59020996093750000000
101910259438.13146972656250000000
164196415573.75335693359375000000
176610501392.24368286132812500000
165149208178.54888916015625000000
151502219737.40716552734375000000
108959921154.16839599609375000000
222189962281.36547851562500000000
118088598898.75126647949218750000
134353547552.94793701171875000000
92896303691.88842773437500000000
120428031173.68893432617187500000
216311849857.80255126953125000000
153046251722.69168090820312500000
131630619185.59375000000000000000
141241463502.60647583007812500000
207239247728.17358398437500000000
199518371962.53396606445312500000
132033132701.91906738281250000000
84961516677.24253845214843750000
79009618462.86816406250000000000
100905842243.18699645996093750000
74122814094.74066162109375000000
94350748404.85050964355468750000
172208807943.96447753906250000000
113011275125.21424865722656250000
161052331505.65295410156250000000
79799575586.17263793945312500000
129182662074.54966735839843750000
172015798911.67376708984375000000
92804048240.14947509765625000000
100907493495.67602539062500000000
122884840232.44046020507812500000
107156513418.87110900878906250000
109809574873.47006225585937500000
116898255049.67468261718750000000
91544769717.53962707519531250000
211010200550.06549072265625000000
88036268654.11979675292968750000
190535032155.68539428710937500000
97123030497.15182495117187500000
159491193609.77740478515625000000
156123954142.11495971679687500000
247699739014.42877197265625000000
106487930730.38935852050781250000
287382796251.02191162109375000000
98712264551.88674926757812500000
89515621432.26957702636718750000
171001487470.04495239257812500000
156224690986.25863647460937500000
174145743637.34936523437500000000
111385994773.53343200683593750000
108639554082.60723876953125000000
164347618667.71630859375000000000
299038408729.03515625000000000000
71387307311.35092163085937500000
88636977413.09529113769531250000
223073686093.55529785156250000000
80839003519.15756225585937500000
151903401651.59539794921875000000
118667105267.09100341796875000000
75176494890.03823852539062500000
102953899533.98132324218750000000
82138346194.72764587402343750000
121923625146.43692016601562500000
99633204218.32299804687500000000
145844282798.35668945312500000000
98824513232.47625732421875000000
209765564949.59933471679687500000
113884102647.52445983886718750000
154839427378.91754150390625000000
124569005102.88055419921875000000
117152587098.60815429687500000000
205955032983.40502929687500000000
102093217254.95378112792968750000
139931424886.12786865234375000000
95689878607.61706542968750000000
99221831768.53558349609375000000
160886351444.14047241210937500000
86411324818.42874145507812500000
96691876032.04431152343750000000
194483472888.65350341796875000000
95508605604.35681152343750000000
199169919417.81738281250000000000
92096036159.34100341796875000000
173186613946.14068603515625000000
152084962853.27606201171875000000
97208047052.74949645996093750000
168835059731.21557617187500000000
101038756892.27445983886718750000
102947506866.97625732421875000000
132640851178.87762451171875000000
96058557032.50074768066406250000
105693446780.78344726562500000000
178830397479.61703491210937500000
140913882356.84393310546875000000
245552422182.34805297851562500000
163174527018.30029296875000000000
133573114315.83914184570312500000
86240880629.20529174804687500000
191106916734.67083740234375000000
90289571233.49670410156250000000
86753814852.43539428710937500000
207139960106.51199340820312500000
76057034589.92395019531250000000
99651529698.35681152343750000000
155902922382.75738525390625000000
80699490065.43893432617187500000
143073933283.04748535156250000000
208119796780.04046630859375000000
96713530404.99958801269531250000
151430981460.01004028320312500000
105528983979.57241821289062500000
88633354297.61218261718750000000
108757119466.13769531250000000000
109816860359.84637451171875000000
79326621506.69403076171875000000
103183403302.74212646484375000000
104938517173.79209899902343750000
93360809100.68127441406250000000
117652825430.53388977050781250000
151429967543.10437011718750000000
165917943256.62991333007812500000
116274732051.84991455078125000000
138535727650.04687500000000000000
92851770524.58419799804687500000
85379912138.66418457031250000000
118799927270.81579589843750000000
125178807153.32592773437500000000
161960486920.96405029296875000000
169604146752.38027954101562500000
115391398298.82788085937500000000
262069757962.93524169921875000000
97407461555.10046386718750000000
173110304110.14068603515625000000
90523719972.35815429687500000000
254313209581.26687622070312500000
126104188098.54826354980468750000
80959654494.21980285644531250000
138903131054.94430541992187500000
108396834396.22702026367187500000
213646582222.33135986328125000000
111732870399.25500488281250000000
101001690239.78396606445312500000
155575171599.18203735351562500000
127071711092.75231933593750000000
148193077540.92950439453125000000
97720888246.92495727539062500000
98774851919.46774291992187500000
217237978584.79302978515625000000
90286543591.79209899902343750000
73475343489.18511962890625000000
237613096802.67196655273437500000
99414875691.25875854492187500000
108700744985.80297851562500000000
171430827136.42550659179687500000
163839575689.38296508789062500000
80631342075.09896850585937500000
80736490123.43127441406250000000
165958571159.57226562500000000000
90847086767.35723876953125000000
87653962157.46875000000000000000
92585159640.25286865234375000000
107448394360.43692016601562500000
81172791182.29382324218750000000
93061430957.82382202148437500000
117934800917.74169921875000000000
85244515018.38082885742187500000
148118397319.99957275390625000000
94594025603.23703002929687500000
107118467300.00675964355468750000
127931631630.52087402343750000000
115603366210.14764404296875000000
126078941033.19293212890625000000
168808109909.61505126953125000000
109553147755.52857971191406250000
78431414258.35092163085937500000
83307125777.22109985351562500000
118623812786.49949645996093750000
152355651448.05471801757812500000
144567843279.82260131835937500000
151244627435.74139404296875000000
165938627117.06518554687500000000
79245916107.37413024902343750000
193951113945.97882080078125000000
137298945133.08297729492187500000
78234222473.67842102050781250000
169095089217.88217163085937500000
79304986228.77876281738281250000
170564695305.01531982421875000000
205874951147.14288330078125000000
142423616427.90963745117187500000
226219425011.63024902343750000000
173801746522.61520385742187500000
115819027856.51080322265625000000
95739372348.18006896972656250000
224494825136.63317871093750000000
125201359994.06286621093750000000
76636432579.25671386718750000000
109746157936.15356445312500000000
97593513571.48413085937500000000
106067224071.65286254882812500000
121812547992.26325988769531250000
188705137721.52905273437500000000
153094056756.75308227539062500000
235599443393.94491577148437500000
142874319351.54272460937500000000
91843746960.01672363281250000000
113837836933.85046386718750000000
116503188393.03991699218750000000
85098848421.41909790039062500000
123860880614.98754882812500000000
120211392713.33914184570312500000
98766883992.98703002929687500000
149397894008.59335327148437500000
254299544461.78134155273437500000
165817537341.22518920898437500000
107115607321.33398437500000000000
165534165947.26043701171875000000
87254229992.26000976562500000000
101790068897.03991699218750000000
100322930695.98405456542968750000
112018541780.10803222656250000000
68051373648.19708251953125000000
96267201328.68585205078125000000
172780568659.35052490234375000000
131057059017.54884338378906250000
160244622206.62603759765625000000
110229676368.46484375000000000000
292470260284.43945312500000000000
99549416266.72702026367187500000
153214131022.18670654296875000000
146659573610.46093750000000000000
97404536824.23606872558593750000
123878917079.51564025878906250000
206853884653.63739013671875000000
136388717359.03915405273437500000
114619124558.28329467773437500000
120693525258.87762451171875000000
177800552617.37542724609375000000
148217712009.61730957031250000000
218355082832.68673706054687500000
126306849222.94430541992187500000
102197562879.01013183593750000000
128839783237.55407714843750000000
126932636287.33041381835937500000
99818295297.46609497070312500000
81772695145.93801879882812500000
167940630869.22000122070312500000
89129493449.10092163085937500000
168592505726.48095703125000000000
147480075103.27447509765625000000
183804917680.35357666015625000000
122452969473.31738281250000000000
145589904417.19793701171875000000
106572306680.95257568359375000000
100711466067.15187072753906250000
195703418116.82751464843750000000
81056245537.00160217285156250000
148532575883.24670410156250000000
121331600733.17468261718750000000
114125570573.44592285156250000000
99850227633.78851318359375000000
225378637351.26940917968750000000
226764943049.25323486328125000000
92538329751.42422485351562500000
111159519883.50074768066406250000
227417342662.41812133789062500000
105192972252.59716796875000000000
86416946471.91351318359375000000
103451543784.22377014160156250000
93724383159.52648925781250000000
232594342928.65509033203125000000
