251329669997.39242553710937500000
68481648798.10439300537109375000
98373278090.27082824707031250000
58662902034.84633636474609375000
58044891769.97433471679687500000
86820058863.11499023437500000000
61125850987.87658691406250000000
102956505541.27429199218750000000
59668438392.06809997558593750000
102216730717.03884887695312500000
115061400709.77331542968750000000
63401800576.83342742919921875000
73849696313.01016235351562500000
92298495026.32235717773437500000
102803013320.08811950683593750000
151084999581.34671020507812500000
57713863773.85737609863281250000
74417611542.64764404296875000000
86348327389.38220214843750000000
222402224618.26318359375000000000
61438907536.65608215332031250000
82309652331.38555908203125000000
95920439105.15362548828125000000
99396800529.47164916992187500000
156323956800.10580444335937500000
80430383381.15216064453125000000
60704597000.97077941894531250000
73831966883.40695190429687500000
66985489848.35083007812500000000
84866282112.08116149902343750000
158954954894.05249023437500000000
88416356983.61611938476562500000
66344499118.55529785156250000000
55413630516.38922119140625000000
61360804417.21379089355468750000
117267462253.38279724121093750000
133233098603.12963867187500000000
61087652559.99476623535156250000
207456323107.43984985351562500000
86069002286.90783691406250000000
54429980548.04656219482421875000
60551143662.10780334472656250000
90846291255.79757690429687500000
60354052802.69974517822265625000
104531808587.36322021484375000000
88126875739.26214599609375000000
95186001217.64480590820312500000
70377399155.30612182617187500000
145890642607.65774536132812500000
89849619971.23756408691406250000
67902024403.90317535400390625000
102456968082.70878601074218750000
92524306564.53056335449218750000
64135263510.09549713134765625000
137001347947.69020080566406250000
66102532447.72631835937500000000
93572569789.03056335449218750000
90109918398.64743041992187500000
159334136106.24349975585937500000
85764094333.90103149414062500000
117271392889.16006469726562500000
69492956210.14065551757812500000
60324318102.75256347656250000000
102202488516.53599548339843750000
91806247783.84129333496093750000
259889083865.71749877929687500000
66359095705.71269226074218750000
120784791472.58018493652343750000
91627627789.06036376953125000000
61747960071.83701324462890625000
77287306062.60134887695312500000
62450396631.40966033935546875000
82323935654.23324584960937500000
103621437799.42510986328125000000
99777729111.43399047851562500000
86345617021.02999877929687500000
94624778793.12007141113281250000
79298044144.19958496093750000000
70406174839.74797058105468750000
71426102564.66445922851562500000
60941827248.08393859863281250000
109551111177.61126708984375000000
206964483703.05850219726562500000
93607081719.64065551757812500000
89886691178.19958496093750000000
145102069433.05636596679687500000
59575288773.86576080322265625000
83250767783.31655883789062500000
59644415553.42883300781250000000
50016399267.74150085449218750000
64285864224.99008178710937500000
70491020100.90921020507812500000
59796986684.73599243164062500000
99716403599.25691223144531250000
184569466493.62402343750000000000
66378992403.60004425048828125000
102441682697.16632080078125000000
60229152723.40966033935546875000
68963540222.97692871093750000000
142385624486.71319580078125000000
75682607495.40887451171875000000
99425271479.09773254394531250000
130443224600.72998046875000000000
55627759282.21542358398437500000
50729075117.72443389892578125000
71702405555.94096374511718750000
140439192050.06359863281250000000
63531182019.79890441894531250000
122947436078.33767700195312500000
59801062927.48988342285156250000
68899318664.04864501953125000000
159228593816.45916748046875000000
76906127117.84742736816406250000
97850218231.42703247070312500000
55091987708.75309753417968750000
67152717347.22631835937500000000
65077159087.25294494628906250000
105464858910.75956726074218750000
70732067126.43466186523437500000
163748127274.54632568359375000000
94118560517.47032165527343750000
80194602698.84503173828125000000
148546925083.62649536132812500000
149418443023.94973754882812500000
88437847468.90887451171875000000
97136083230.65093994140625000000
61123756262.19554138183593750000
103115411816.53599548339843750000
97638322834.19679260253906250000
125741122756.06643676757812500000
57353495827.63846588134765625000
64531222012.44863891601562500000
71352473922.82235717773437500000
58366506523.08542633056640625000
73922260097.40103149414062500000
60155019266.18160247802734375000
150634125032.50183105468750000000
62485146607.82758331298828125000
121733206616.19987487792968750000
157275384219.47970581054687500000
59569000659.85425567626953125000
116113014622.60453796386718750000
64485613719.60439300537109375000
91821870420.80529785156250000000
50661232378.42501831054687500000
58115068934.03162384033203125000
70115342673.38970947265625000000
57728263956.42720031738281250000
97391388995.56054687500000000000
50510521544.96755218505859375000
88845013470.46218872070312500000
69029791278.75486755371093750000
92200944018.60345458984375000000
94106662868.58514404296875000000
125831026997.36512756347656250000
67225403126.94356536865234375000
123977467876.31533813476562500000
403026821721.96875000000000000000
62147237611.23230743408203125000
96397997144.16510009765625000000
57812509610.01940917968750000000
118103725477.09629821777343750000
123734226938.83671569824218750000
67517171453.80482482910156250000
59759011207.32032775878906250000
81099618706.92373657226562500000
59775065013.18161010742187500000
73177070152.55329895019531250000
73844052090.88252258300781250000
122841761036.70242309570312500000
61939965775.40143585205078125000
113396889202.83346557617187500000
90040429567.03884887695312500000
71181201828.54315185546875000000
64169120832.70159149169921875000
58004380735.54876708984375000000
58222979412.75309753417968750000
75640177610.83551025390625000000
98305910412.40290832519531250000
53037450478.38056182861328125000
88786250647.55007934570312500000
53302888062.04503631591796875000
153784466121.23022460937500000000
59233682552.51056671142578125000
69258621772.82031250000000000000
249533051416.72430419921875000000
77597403081.74324035644531250000
160330217144.62948608398437500000
61917544775.93885803222656250000
100578245153.38375854492187500000
79867720139.87133789062500000000
79509273705.28253173828125000000
60858780224.78018951416015625000
79879493274.80529785156250000000
64475215650.60673522949218750000
166063621507.13305664062500000000
75081771793.37097167968750000000
89534590632.81579589843750000000
75703337737.90615844726562500000
83437448150.99951171875000000000
66535655345.15969848632812500000
52294393554.41615295410156250000
75309085938.98637390136718750000
58985240016.76390075683593750000
127947024156.73612976074218750000
89182624130.06971740722656250000
80405373886.50244140625000000000
83202053273.38693237304687500000
93500781676.31655883789062500000
131997869939.82127380371093750000
113831702544.66732788085937500000
99602853035.92935180664062500000
104550743971.61215209960937500000
273169845906.94534301757812500000
80911599414.35443115234375000000
74226362183.58346557617187500000
145966010649.44332885742187500000
222507184789.84832763671875000000
57408259465.54551696777343750000
80737701378.48251342773437500000
66399646638.66619110107421875000
61785904932.59735870361328125000
57316019800.63456726074218750000
55627368729.92372131347656250000
84411306956.30545043945312500000
210711879662.08099365234375000000
70875470492.88414001464843750000
125163858917.39466857910156250000
170293085250.41824340820312500000
130224045038.60281372070312500000
59088957269.47319793701171875000
84744499831.48043823242187500000
81955044739.84544372558593750000
105014010292.96675109863281250000
60876366209.60166168212890625000
132385333473.65525817871093750000
68395309234.10699462890625000000
161799013651.35476684570312500000
71159637561.39346313476562500000
82718205871.80007934570312500000
48559485569.16860961914062500000
63467537874.08393859863281250000
94031482977.20895385742187500000
99130656716.84544372558593750000
65950521205.75294494628906250000
128012074626.43125915527343750000
109414561614.96081542968750000000
104369189452.12304687500000000000
48187165555.24150085449218750000
63940029547.66707611083984375000
78518297612.66575622558593750000
56477610480.40821838378906250000
187506009336.06246948242187500000
62140196449.61023712158203125000
88631829603.84881591796875000000
103564786897.05665588378906250000
70417232937.38018798828125000000
57301727854.59906005859375000000
60971905181.25565338134765625000
68713178333.22825622558593750000
88974049280.20996093750000000000
124975874292.31910705566406250000
171273647438.23181152343750000000
90963083874.12197875976562500000
61096592079.59514617919921875000
53911376798.10081481933593750000
64061879540.47590637207031250000
131412621352.33819580078125000000
91852956515.06971740722656250000
87458302498.60111999511718750000
93565074460.13970947265625000000
113384874458.15998840332031250000
89841420453.71720886230468750000
67023555771.70847320556640625000
141225108044.13909912109375000000
80627701550.92373657226562500000
65557250937.46516418457031250000
63484188320.86657714843750000000
291274285396.41290283203125000000
142819236013.84973144531250000000
172270598565.73229980468750000000
105233311303.97567749023437500000
57130317698.88209533691406250000
155274961858.93557739257812500000
97441850912.75016784667968750000
136541166625.39918518066406250000
62977596704.21999359130859375000
55059317105.10066223144531250000
69301114269.72825622558593750000
61462919309.85363006591796875000
125525376563.54733276367187500000
174467712648.60263061523437500000
210969237376.80908203125000000000
67346232398.93731689453125000000
66925239662.56758117675781250000
72695450350.40460205078125000000
82880388003.63545227050781250000
100299314148.08752441406250000000
63480538654.21083068847656250000
69774575979.09600830078125000000
100373949774.57089233398437500000
65965252554.64901733398437500000
100096962475.92858886718750000000
84326018662.27485656738281250000
87585737991.02880859375000000000
75271249614.11654663085937500000
74462423228.32482910156250000000
67860563930.38545227050781250000
199065231894.16152954101562500000
88997869476.37838745117187500000
76475901344.48547363281250000000
63279728421.30513000488281250000
244327592807.07928466796875000000
81367978513.42559814453125000000
189079410886.13131713867187500000
87598348476.52992248535156250000
135488971199.22611999511718750000
81204344767.04557800292968750000
72396673713.54557800292968750000
227637009866.60150146484375000000
88250332435.28253173828125000000
66906460038.97581481933593750000
56772586883.02096557617187500000
79870995092.29486083984375000000
371865969923.92871093750000000000
59375944748.28846740722656250000
78752532584.15826416015625000000
91099280664.31222534179687500000
142781577271.59982299804687500000
64067364876.36521148681640625000
120497284126.26025390625000000000
60942266486.81533813476562500000
73390803783.31845092773437500000
61330332719.82482910156250000000
98510081930.84600830078125000000
87532318191.39207458496093750000
60035932662.22634887695312500000
90019955904.57174682617187500000
75051203329.61099243164062500000
58241906889.22634887695312500000
81364492137.37217712402343750000
81378144809.19589233398437500000
60621081028.27540588378906250000
67163517572.76745605468750000000
52866468552.38056182861328125000
77157798565.22473144531250000000
97683886662.70816040039062500000
64204409945.50702667236328125000
89281564301.93399047851562500000
153258448317.06985473632812500000
211117026138.14370727539062500000
142347696046.72650146484375000000
88178203144.94679260253906250000
76806019574.08003234863281250000
59837110152.56556701660156250000
88582500038.07089233398437500000
58348600370.04503631591796875000
62741765766.45667266845703125000
89568989063.81727600097656250000
81449659128.47241210937500000000
67847455245.05344390869140625000
90035460927.09422302246093750000
86941440376.14764404296875000000
68798372351.06556701660156250000
96391952413.68029785156250000000
66853726781.51431274414062500000
81267501139.55717468261718750000
85202222360.10943603515625000000
62949746541.44448852539062500000
60995013798.50956726074218750000
110899023015.99359130859375000000
86112089670.08116149902343750000
131017190127.55484008789062500000
71129481661.28056335449218750000
87845486383.44554138183593750000
187691719195.41094970703125000000
142511104764.71908569335937500000
83468900877.85264587402343750000
53944127064.11862182617187500000
59788008755.18238067626953125000
58936974030.23875427246093750000
74662559321.57762145996093750000
78453041615.29757690429687500000
166221251728.78543090820312500000
91610239358.54902648925781250000
55507020309.63421630859375000000
96296368408.57508850097656250000
92502591104.16632080078125000000
92970712834.47665405273437500000
99870847105.69377136230468750000
56298126594.08807373046875000000
92996399303.41575622558593750000
63931792700.05529785156250000000
66406257839.75837707519531250000
62912307763.71222686767578125000
71756983891.87559509277343750000
112284792626.38279724121093750000
117264591748.74194335937500000000
78381669503.14245605468750000000
73235189506.30285644531250000000
99064225993.68774414062500000000
59512102112.54987335205078125000
68423642824.67353820800781250000
67044798462.48252105712890625000
78104196788.38970947265625000000
84799725889.13877868652343750000
82651192625.35452270507812500000
87251452846.40863037109375000000
79046773258.29008483886718750000
76541490165.54216003417968750000
58349960398.67749023437500000000
137216165045.40441894531250000000
103889579711.61346435546875000000
133012893979.19377136230468750000
227108235703.31988525390625000000
97549658079.42495727539062500000
66155834904.58981323242187500000
105865122403.97032165527343750000
231289816613.74316406250000000000
112909120782.88012695312500000000
65172392285.37899780273437500000
53320781228.52075195312500000000
101582635023.09773254394531250000
85468627337.76037597656250000000
101069333499.40290832519531250000
78106842354.63970947265625000000
276908579604.94165039062500000000
116347744038.25091552734375000000
153544592420.94546508789062500000
124518302204.21331787109375000000
55361806397.18097686767578125000
99274198260.53884887695312500000
96764064351.34600830078125000000
58279593603.64257812500000000000
94804601454.10943603515625000000
56005722757.77375793457031250000
149807981402.03445434570312500000
60274934879.09906005859375000000
219165504173.17483520507812500000
94734684765.38693237304687500000
96573889961.48043823242187500000
96525917752.52615356445312500000
84708499557.76742553710937500000
138305606838.28649902343750000000
191837334686.04449462890625000000
94854876497.34503173828125000000
54539188115.53326416015625000000
60695307850.94072723388671875000
146127719014.60873413085937500000
90661670053.82031250000000000000
65605101997.98599243164062500000
59128857604.23715972900390625000
101945967797.94554138183593750000
94952137764.21092224121093750000
60031619478.70599365234375000000
164753449256.92999267578125000000
120004969113.63539123535156250000
120990010906.61222839355468750000
104978039542.87686157226562500000
112704326749.42495727539062500000
69923609359.48989868164062500000
83557174154.47521972656250000000
68725462443.57116699218750000000
73832495628.05123901367187500000
65495792307.31845092773437500000
84101188936.30285644531250000000
55586284273.48988342285156250000
77810280923.49203491210937500000
163967938084.93096923828125000000
95337720756.76464843750000000000
53624386253.16860961914062500000
128015457870.65264892578125000000
74780131967.58116149902343750000
66601905272.80715179443359375000
60835249709.31684112548828125000
65635930163.82793426513671875000
80051868925.60780334472656250000
79780147983.73715209960937500000
62437042636.38220977783203125000
99037462724.96218872070312500000
65293551832.90304565429687500000
139138716053.21966552734375000000
92372063082.95111083984375000000
84870309046.90615844726562500000
86095327013.60111999511718750000
101654535397.45130920410156250000
84231054997.03056335449218750000
67247069540.81329345703125000000
66708495749.67273712158203125000
93865688586.12023925781250000000
106362333235.40422058105468750000
61408299030.31478881835937500000
68255223962.29254913330078125000
62441939407.21630859375000000000
59205024298.99008178710937500000
87236302654.37554931640625000000
281173259374.94531250000000000000
64413969641.31657409667968750000
151409232204.27029418945312500000
160717800798.76367187500000000000
72008432126.65345764160156250000
97333469033.41815185546875000000
155731012669.09057617187500000000
107186257744.58018493652343750000
59475065553.03544616699218750000
98977590221.81881713867187500000
158383418988.15411376953125000000
78464812497.82031250000000000000
72018199780.30545043945312500000
57987616406.94821166992187500000
56275376089.53633117675781250000
71408328703.73324584960937500000
59835983293.11719512939453125000
72256324113.19589233398437500000
55771870270.30924987792968750000
74643613610.63877868652343750000
83063618981.01016235351562500000
87997108005.81222534179687500000
56451216015.25706481933593750000
84382494789.06881713867187500000
79792891781.23620605468750000000
61748516920.61557006835937500000
66717178568.78668212890625000000
66630073628.55381011962890625000
111607330368.09132385253906250000
63123594597.17054748535156250000
83487979352.81809997558593750000
79762044561.54757690429687500000
64290532945.94821166992187500000
101734334948.33752441406250000000
69681045903.68733215332031250000
90297156466.31127929687500000000
48478094714.54656219482421875000
57073324526.86099243164062500000
69412983456.68417358398437500000
433002283219.85675048828125000000
73616602013.70715332031250000000
59027354576.44503021240234375000
99115783961.54315185546875000000
58990224226.47992706298828125000
84883658345.06054687500000000000
84817741090.60317993164062500000
111454605429.83346557617187500000
99886205901.02175903320312500000
116332264756.34881591796875000000
66422136101.04216003417968750000
55609742666.81534576416015625000
140646447341.55499267578125000000
70334722379.15826416015625000000
57583182863.63922119140625000000
58126924777.72644042968750000000
67959480999.43134307861328125000
178845433993.03680419921875000000
71659985796.66575622558593750000
108870338127.76091003417968750000
101653967599.83752441406250000000
144332348988.22024536132812500000
63815207836.88327026367187500000
93976205212.29278564453125000000
134942043275.19960021972656250000
226291169698.36523437500000000000
93314599394.64486694335937500000
67371924007.28469848632812500000
64643576106.34110260009765625000
54966603184.66102600097656250000
100177336957.63342285156250000000
136129748861.75628662109375000000
68973789382.67440795898437500000
132651127955.75677490234375000000
129256946138.06729125976562500000
182740698393.53137207031250000000
96054511923.34515380859375000000
61502963482.47590637207031250000
62891152095.55256652832031250000
135137141015.97677612304687500000
65740375846.79376983642578125000
60265778843.55397033691406250000
141818016182.54391479492187500000
109208115696.51332092285156250000
58736353468.39514923095703125000
90058193209.38133239746093750000
218498507529.49545288085937500000
71867345974.79849243164062500000
68003210991.11608886718750000000
140748868311.79278564453125000000
80031319201.79876708984375000000
161084585342.06201171875000000000
61831574307.42560577392578125000
82624123272.59735107421875000000
65310437518.48077392578125000000
57623719579.18161010742187500000
75672106527.14743041992187500000
164251729007.70346069335937500000
86898408552.91630554199218750000
57020611167.67755126953125000000
81126553828.31515502929687500000
146407220138.17504882812500000000
84837808062.40783691406250000000
153885945544.84289550781250000000
96904694085.18981933593750000000
58463799181.55920410156250000000
114062665964.07849121093750000000
61545833824.97077941894531250000
139273766533.75122070312500000000
72032008016.00213623046875000000
74840552844.30804443359375000000
56703833928.81340026855468750000
92363872781.08811950683593750000
100502504460.93313598632812500000
88794508988.86289978027343750000
87657761577.82173156738281250000
115397112935.92858886718750000000
163349183181.47113037109375000000
71749249617.81515502929687500000
75294505668.11215209960937500000
243177454608.65530395507812500000
127511857047.81910705566406250000
91295096665.55184936523437500000
60144996856.80264282226562500000
98824306286.71141052246093750000
100268653643.70915222167968750000
64439266441.22471618652343750000
113571479390.20878601074218750000
70307431645.92373657226562500000
95349361620.31655883789062500000
61800589001.54987335205078125000
75943496674.76390075683593750000
73066677171.05920410156250000000
79931703170.86965942382812500000
61816759339.43482971191406250000
150534837404.49456787109375000000
71327732381.95599365234375000000
90206527419.47540283203125000000
56199204635.73715972900390625000
103165459062.38879394531250000000
107579917745.46081542968750000000
113354696802.98919677734375000000
76063240428.26214599609375000000
140949079078.03463745117187500000
62915912435.37383270263671875000
87900236541.17364501953125000000
91388930538.68768310546875000000
62114289118.42377471923828125000
73412062406.85264587402343750000
102264152302.31881713867187500000
69388401892.24253845214843750000
67697165618.53067016601562500000
66941440614.58036041259765625000
151544269990.45034790039062500000
66116413742.11389923095703125000
91693972474.04281616210937500000
82170037280.21766662597656250000
96672004720.00158691406250000000
83340826479.12527465820312500000
70999801420.63475036621093750000
213277753134.60086059570312500000
106620774089.43389892578125000000
142759852524.53158569335937500000
71193746061.64382934570312500000
91911164065.33752441406250000000
64291160875.19282531738281250000
69259893175.77346801757812500000
61807941200.28846740722656250000
89992859442.42510986328125000000
96602226849.80364990234375000000
65319763386.58003234863281250000
87672924430.87527465820312500000
50664012408.16102600097656250000
83377669684.40695190429687500000
73204875047.38693237304687500000
70593357522.80010986328125000000
105312407331.95196533203125000000
172971816096.50540161132812500000
88473586165.82235717773437500000
71757945461.12423706054687500000
74570096480.76052856445312500000
66105229776.87097167968750000000
65695805150.53327178955078125000
73337522677.38133239746093750000
161344134702.91635131835937500000
69954457344.23318481445312500000
64245069877.27557373046875000000
112281168891.30844116210937500000
109254915460.09986877441406250000
74275683761.74818420410156250000
110668201891.93115234375000000000
59678715790.44194030761718750000
94018498090.89480590820312500000
87560836271.58592224121093750000
101409665456.88781738281250000000
80074339565.55184936523437500000
90887395225.26052856445312500000
80184194892.18768310546875000000
113018431091.91815185546875000000
128793617848.64469909667968750000
104678714432.39309692382812500000
109576086184.08833312988281250000
171819134022.22143554687500000000
79199557314.65826416015625000000
65942934683.10134887695312500000
91299781010.97521972656250000000
64689066919.68374633789062500000
110351821906.87135314941406250000
78898527914.84129333496093750000
64530956900.13597106933593750000
74756316357.52880859375000000000
203785067415.73468017578125000000
49684010372.31604003906250000000
159347373382.57705688476562500000
62660336176.44759368896484375000
75197581441.50244140625000000000
83895055748.59422302246093750000
106288157139.94207763671875000000
74606905536.26745605468750000000
88374198737.80783081054687500000
86825614853.98547363281250000000
308819056168.57604980468750000000
104752545269.20878601074218750000
295627138434.79455566406250000000
58621955304.58440399169921875000
82613565669.55920410156250000000
120987978555.34547424316406250000
69877660247.84742736816406250000
65782384107.04656219482421875000
76180759963.92994689941406250000
81282234283.38414001464843750000
88948466375.34129333496093750000
228744176501.02304077148437500000
103394314814.03881835937500000000
89383989657.71676635742187500000
86216688516.10679626464843750000
130076340036.62066650390625000000
58180537605.77375793457031250000
78434876081.71676635742187500000
73860557429.46861267089843750000
59300338158.76216888427734375000
112456551037.22232055664062500000
115263105665.06729125976562500000
78476515750.69772338867187500000
90742394898.78253173828125000000
89354128606.75456237792968750000
91799623181.40457153320312500000
63973667441.09564971923828125000
51953913623.54656219482421875000
56024515999.78188323974609375000
171867047291.46270751953125000000
110170104451.92495727539062500000
60589126276.86966705322265625000
83544493156.12963867187500000000
59503115772.14673614501953125000
129652806695.57849121093750000000
60774318029.60794830322265625000
66218936450.52616119384765625000
90598548066.68415832519531250000
216529200734.77075195312500000000
124024812452.09370422363281250000
56799516162.81340026855468750000
74257628439.60111999511718750000
92612202459.60021972656250000000
78356677047.04902648925781250000
238525676622.52713012695312500000
80823301113.22047424316406250000
83424182013.90695190429687500000
58918774143.05920410156250000000
158572882524.67642211914062500000
81927114486.95599365234375000000
137543646119.57943725585937500000
105024284321.76641845703125000000
118070837924.98606872558593750000
108071238708.96081542968750000000
86236287500.20715332031250000000
74421349608.90615844726562500000
374781321265.72814941406250000000
58016001479.63922119140625000000
100589076720.67947387695312500000
96213250462.28097534179687500000
137010727260.52117919921875000000
58196758040.94371032714843750000
62954924843.37550354003906250000
89100454245.22473144531250000000
89145837395.24099731445312500000
119088840924.84628295898437500000
57462504703.92231750488281250000
127245058448.31910705566406250000
67755581013.58997344970703125000
57712656578.63922119140625000000
94319856786.82762145996093750000
52838707834.65384674072265625000
72650826033.10968017578125000000
67606589790.36521148681640625000
61329043140.35794830322265625000
101925556525.84539794921875000000
73422432808.62527465820312500000
63345628573.43226623535156250000
57579450595.88970947265625000000
77523889838.71354675292968750000
95253081198.22164916992187500000
108653559669.93389892578125000000
63557721732.84880828857421875000
97271539146.17153930664062500000
70006521246.86807250976562500000
60956324353.76052856445312500000
79760826096.09689331054687500000
95016532385.91575622558593750000
115543244326.08018493652343750000
112634617902.33346557617187500000
60784271032.10780334472656250000
92896439278.37217712402343750000
230024602445.63552856445312500000
110204908804.49279785156250000000
64565158449.24783325195312500000
139136684385.06048583984375000000
64741534357.89665222167968750000
79656173940.80364990234375000000
105998445112.01599121093750000000
182433167471.74395751953125000000
78314526557.31727600097656250000
62824792850.92377471923828125000
106084527711.90299987792968750000
273118792098.34634399414062500000
71956208873.87658691406250000000
63828838068.70163726806640625000
148090179823.14660644531250000000
65209628593.15969848632812500000
57205465151.18274688720703125000
94419730322.19589233398437500000
64447469258.38545227050781250000
199056856838.72906494140625000000
130413859402.46789550781250000000
149681121590.38623046875000000000
78841442887.08035278320312500000
75046060045.46720886230468750000
167181288851.54150390625000000000
80913161936.66993713378906250000
128609887707.33151245117187500000
155097314594.56304931640625000000
75856881197.70220947265625000000
64507465097.89138793945312500000
183865088073.74182128906250000000
55989806012.84193420410156250000
58758874144.38694763183593750000
67804398162.11957550048828125000
115894820418.71151733398437500000
72789166284.30285644531250000000
83050418452.53056335449218750000
132844284347.28492736816406250000
98512704490.20887756347656250000
58077833554.11424255371093750000
107381448533.38854980468750000000
186382795295.86737060546875000000
60913950083.95878601074218750000
117722838647.45588684082031250000
46016343189.40815734863281250000
123807075491.61042785644531250000
78322465398.57174682617187500000
130713198648.71142578125000000000
83424150911.93420410156250000000
69322829814.43998718261718750000
100346220927.64480590820312500000
81390922036.39480590820312500000
66855395375.47581481933593750000
63845930038.37257385253906250000
211344209570.68096923828125000000
73202016592.14665222167968750000
83965683601.39234924316406250000
130795221172.62963867187500000000
73203415648.07116699218750000000
122475572617.31134033203125000000
71734704841.85121154785156250000
76406685870.92272949218750000000
93845019904.10943603515625000000
57312876513.10425567626953125000
257220342144.43255615234375000000
70214699145.70161437988281250000
139335545432.10247802734375000000
57849549875.68130493164062500000
176527492011.62661743164062500000
140289510657.87149047851562500000
84612656694.98182678222656250000
55458448488.83231353759765625000
58576939249.57586669921875000000
87649927895.21354675292968750000
68951607605.63098144531250000000
108319429574.30364990234375000000
58982666448.61611175537109375000
86883277930.50213623046875000000
93667410894.67994689941406250000
68177985813.46575927734375000000
60975048610.84035491943359375000
61868678029.80607604980468750000
176445944950.10635375976562500000
90550627698.22257995605468750000
76757020935.82235717773437500000
176959403082.41638183593750000000
63137674317.73875427246093750000
78846562978.97692871093750000000
76526891115.78067016601562500000
108089607110.38279724121093750000
78612292061.90707397460937500000
61335554953.70628356933593750000
303641686113.31494140625000000000
115385338908.85121154785156250000
112407003940.15093994140625000000
68368408217.38018798828125000000
104542895428.11120605468750000000
79934363158.32762145996093750000
98265366482.57508850097656250000
61977054746.38002014160156250000
111218753967.92858886718750000000
133000267282.11434936523437500000
157234375375.59893798828125000000
59355066567.68862152099609375000
52988163992.53326416015625000000
91561381828.81910705566406250000
55380976050.85737609863281250000
295932470693.43054199218750000000
115909281867.46850585937500000000
60210952493.10066223144531250000
61480717791.60954284667968750000
48248887786.71083068847656250000
126692650988.14566040039062500000
56731935649.22708129882812500000
95142514514.34515380859375000000
87431815286.72274780273437500000
120375257108.43981933593750000000
85122700896.60890197753906250000
116139254206.85412597656250000000
59696280610.17054748535156250000
60679776818.53284454345703125000
141058395072.76382446289062500000
119416859150.91842651367187500000
60885038752.88304138183593750000
64062905092.91844177246093750000
79483897681.60415649414062500000
77347244539.61499023437500000000
67551421459.58870697021484375000
87106918060.31881713867187500000
84274828094.98547363281250000000
51911364902.46083068847656250000
72284400761.61627197265625000000
59203905210.72911071777343750000
195382983163.82431030273437500000
77518868455.96575927734375000000
77230230479.38545227050781250000
100705178119.12304687500000000000
62771029076.16346740722656250000
79807560549.23913574218750000000
67765113587.93466186523437500000
140621823074.15887451171875000000
122081713301.96194458007812500000
67411606286.28770446777343750000
59920197407.20599365234375000000
185700502706.61376953125000000000
147798385128.74212646484375000000
95748277796.33670043945312500000
77034861167.54864501953125000000
160299547859.14065551757812500000
80684747168.07302856445312500000
94786355742.29008483886718750000
73276125286.64245605468750000000
75397106648.12257385253906250000
56490982108.54576110839843750000
68304004225.42705535888671875000
70041142035.94679260253906250000
61201875883.30607604980468750000
94359979864.44902038574218750000
98663249662.45620727539062500000
69958350403.48182678222656250000
149940327378.98431396484375000000
77653604311.41630554199218750000
136783883776.60900878906250000000
101023267463.42910766601562500000
57628860384.44072723388671875000
130002241102.56729125976562500000
65254320468.93885803222656250000
82671082662.41575622558593750000
188163779887.53265380859375000000
83006223618.60415649414062500000
78153063164.42395019531250000000
69047096300.89743041992187500000
75224363819.66491699218750000000
74357095185.58592224121093750000
70204246415.38555908203125000000
59539003915.07488250732421875000
64904219602.82793426513671875000
69863941504.36965942382812500000
72327810901.40989685058593750000
78107359140.13098144531250000000
58337459914.04656219482421875000
99163898897.92025756835937500000
67343854653.57175445556640625000
162251246158.99856567382812500000
83433173829.04217529296875000000
70836808044.80612182617187500000
78403656531.31222534179687500000
54661866299.93274688720703125000
63135270821.45536041259765625000
68205501971.16993713378906250000
220913017990.45184326171875000000
217885609737.56115722656250000000
68582865962.02749633789062500000
58052133157.36166381835937500000
207696056860.63220214843750000000
122568300810.94943237304687500000
96910309954.13342285156250000000
53493143496.23041534423828125000
78303819858.75061035156250000000
79747512763.41346740722656250000
69034278692.42123413085937500000
236171165073.38461303710937500000
119891300901.19601440429687500000
94845220859.60943603515625000000
87529271043.83551025390625000000
157463540800.57849121093750000000
134134531000.42773437500000000000
104355816652.68415832519531250000
83772692715.44902038574218750000
63093292065.76390075683593750000
77152853834.66993713378906250000
67061041667.94448852539062500000
194731373283.98663330078125000000
83780845340.92024230957031250000
153908255953.00531005859375000000
74372186319.00169372558593750000
79403483763.56971740722656250000
91276400531.14901733398437500000
96582974203.53106689453125000000
132631352315.23254394531250000000
138094620509.06024169921875000000
146359777124.02093505859375000000
56267771624.56041717529296875000
70203740689.85363769531250000000
85997858683.21141052246093750000
122953672128.09515380859375000000
63602891910.29596710205078125000
86153324139.29557800292968750000
68998665446.76660156250000000000
100802383591.77429199218750000000
58840104502.25666046142578125000
66639310179.08232116699218750000
110520041711.43528747558593750000
77610926182.23620605468750000000
86228917351.11026000976562500000
99671966080.39611816406250000000
77127598761.53324890136718750000
85977700307.14665222167968750000
68514183667.93173217773437500000
58956129977.43307495117187500000
59734566252.73318481445312500000
66831793547.21999359130859375000
139761811328.39758300781250000000
70456808147.20846557617187500000
76868892009.55007934570312500000
170962148135.46514892578125000000
68269527049.07371520996093750000
87193724454.00213623046875000000
108129243563.10794067382812500000
57281507987.23230743408203125000
51843808487.91993713378906250000
325998693761.50671386718750000000
68491952006.71481323242187500000
60607969377.97319793701171875000
61037018567.38327026367187500000
71618186587.14070129394531250000
71646976444.54193115234375000000
140071073436.39804077148437500000
93938979195.03883361816406250000
74863742715.75456237792968750000
98303505965.61026000976562500000
189548027340.12777709960937500000
84052780033.93374633789062500000
78117049837.71481323242187500000
81919009758.90457153320312500000
114791948620.93981933593750000000
78269423825.54281616210937500000
103689577211.07923889160156250000
146684953296.52105712890625000000
59104302705.22319793701171875000
57322477688.73970031738281250000
133339248547.62963867187500000000
59453621309.82032775878906250000
73158900503.52236938476562500000
71680826688.17898559570312500000
174707502066.24392700195312500000
86514821279.40704345703125000000
94053683006.15362548828125000000
80117535425.73077392578125000000
93459137582.62257385253906250000
99977900573.98428344726562500000
107357767241.80364990234375000000
63188490930.95561218261718750000
112876584340.39709472656250000000
106658450024.19445800781250000000
76704907632.87516784667968750000
59338493540.60510253906250000000
66374458933.52243041992187500000
64278316245.50286102294921875000
97754581701.48251342773437500000
439060228835.19305419921875000000
86393303365.64070129394531250000
68523624770.80999755859375000000
222105608646.47125244140625000000
104332484362.47032165527343750000
65572223256.95755004882812500000
60073816259.61389923095703125000
53952578932.76860809326171875000
77802101532.94679260253906250000
110083967668.00776672363281250000
94603057359.74523925781250000000
65159497671.72303771972656250000
54677062721.90815734863281250000
82821291858.16491699218750000000
186454339497.44226074218750000000
60799444589.20461273193359375000
81460416050.20887756347656250000
58846449987.68274688720703125000
116807742868.71884155273437500000
179858237733.61651611328125000000
86689345278.93313598632812500000
247144752615.01586914062500000000
133175821122.97274780273437500000
73583293074.39207458496093750000
77679461505.65011596679687500000
101525125865.37527465820312500000
73386872880.32235717773437500000
53315510678.08643341064453125000
151105934812.84832763671875000000
70714650564.07556152343750000000
73150382275.32762145996093750000
59584672318.26371765136718750000
63497308510.35058593750000000000
189176617599.98944091796875000000
152940395948.58831787109375000000
122904781911.87135314941406250000
252740351295.52285766601562500000
60667131708.68160247802734375000
109846179743.80575561523437500000
72132322844.34904479980468750000
76616748307.40863037109375000000
96456653577.24523925781250000000
58903756436.38694763183593750000
68656896044.73913574218750000000
73461622750.17054748535156250000
90894124167.45111083984375000000
56408327622.65384674072265625000
59527521414.65870666503906250000
69202074991.30804443359375000000
68237970124.04757690429687500000
63555901775.61112976074218750000
60710163426.33564758300781250000
70381571476.04217529296875000000
110802299819.41815185546875000000
63885569824.19178771972656250000
75273286248.36911010742187500000
214867784871.92947387695312500000
84924495555.10452270507812500000
68959068270.39346313476562500000
58726081203.53327178955078125000
94140158283.23637390136718750000
84145933807.16445922851562500000
136196788638.68978881835937500000
65221867216.89070129394531250000
82164399326.55920410156250000000
81420028929.85363769531250000000
77115800640.01431274414062500000
64500233618.10673522949218750000
58341208583.78194427490234375000
112336652604.42495727539062500000
60331710763.48318481445312500000
75054209159.30783081054687500000
111226868606.86965942382812500000
216550937455.37261962890625000000
125835525340.05845642089843750000
92494709257.61222839355468750000
119391241604.20797729492187500000
86375943973.20887756347656250000
71190527590.73789978027343750000
52951169973.44072723388671875000
62806835482.05007934570312500000
89252315201.61346435546875000000
149312558005.19079589843750000000
58306225510.86093902587890625000
60007037394.54437255859375000000
59548935812.32563781738281250000
148234319420.49685668945312500000
83039253350.50016784667968750000
61704668249.87899780273437500000
58695802756.49675750732421875000
55457049366.84880828857421875000
181603916052.93411254882812500000
97090678271.79553222656250000000
61814915435.07488250732421875000
72943572642.53056335449218750000
57203810960.63846588134765625000
89640414781.09689331054687500000
210942770676.00039672851562500000
110965245800.22711181640625000000
75148224842.29557800292968750000
101044983326.47164916992187500000
157368366992.21740722656250000000
76233551932.22257995605468750000
67091599267.53324890136718750000
66550512125.95755004882812500000
134819854694.52656555175781250000
91643710598.69772338867187500000
137097311482.30915832519531250000
140965499973.26104736328125000000
76556367132.03326416015625000000
86315343193.68774414062500000000
50076050590.41615295410156250000
60195983273.21379089355468750000
61558317589.13022613525390625000
68033631809.84735870361328125000
85591011349.30804443359375000000
68586303474.68256378173828125000
66732248536.21925354003906250000
149297673435.17623901367187500000
94710841154.76037597656250000000
91171183178.99951171875000000000
90348378617.84742736816406250000
60859075734.98337554931640625000
57996980014.48303985595703125000
87627720514.08003234863281250000
59638735594.68307495117187500000
122203415022.85997009277343750000
99931835676.38864135742187500000
143250438351.61151123046875000000
61714193840.82563781738281250000
84770819322.54315185546875000000
73905839741.18133544921875000000
72958875158.82173156738281250000
106975163141.22976684570312500000
48962075200.98271179199218750000
77451920052.37838745117187500000
127512843040.50975036621093750000
124347130455.64167785644531250000
59436083391.38456726074218750000
89730334931.09773254394531250000
55494937384.26371765136718750000
236602226825.12561035156250000000
57868715202.88002014160156250000
87214535358.26745605468750000000
141211569590.33068847656250000000
61200660001.25565338134765625000
155727597897.12680053710937500000
120992924659.17994689941406250000
74439356826.42024230957031250000
88317012072.93173217773437500000
87971812797.71676635742187500000
68427019624.54226684570312500000
60643644738.32089233398437500000
99688759174.23612976074218750000
89072690422.34503173828125000000
62355273790.56143951416015625000
231657392156.39678955078125000000
74947958607.43313598632812500000
106925078012.31793212890625000000
95423832129.93389892578125000000
90051258188.08752441406250000000
60131858602.63770294189453125000
102877802983.36289978027343750000
126734958304.02819824218750000000
56694495543.25106811523437500000
117962207708.01553344726562500000
67664996470.91346740722656250000
105724035729.64065551757812500000
67248280317.65887451171875000000
84167217680.22164916992187500000
72235972186.68255615234375000000
58969170795.52174377441406250000
71857378411.40423583984375000000
77949510368.81378173828125000000
84259145301.67898559570312500000
91939218209.17364501953125000000
155962265946.68432617187500000000
72251790257.90783691406250000000
74881781228.61611938476562500000
77787486182.28770446777343750000
64399368876.36112976074218750000
76516220975.02066040039062500000
67728430689.02749633789062500000
64082552474.88714599609375000000
117792551159.94763183593750000000
62622782763.04876708984375000000
157881587361.95687866210937500000
103044948371.44554138183593750000
58312502925.52075195312500000000
66842435766.43482971191406250000
128580798499.61569213867187500000
162813245229.42193603515625000000
81397793416.59422302246093750000
65379963096.08870697021484375000
87256368999.58551025390625000000
137476881694.21887207031250000000
76567520167.57482910156250000000
182228070493.57751464843750000000
56356930157.04551696777343750000
69529733435.13598632812500000000
88042005556.55241394042968750000
169156326845.90664672851562500000
118429715760.88279724121093750000
70632005245.54757690429687500000
74868287880.40704345703125000000
113237328076.34539794921875000000
345257600723.28601074218750000000
95812595711.26931762695312500000
85033542102.90460205078125000000
226048408535.54367065429687500000
164301959995.85729980468750000000
103393420274.38375854492187500000
88102590089.39773559570312500000
145453939387.41143798828125000000
83477979518.62643432617187500000
60627169265.17465972900390625000
80256671385.60134887695312500000
84875143433.33670043945312500000
58577440330.84633636474609375000
62380067575.30513000488281250000
91541545384.70878601074218750000
84971579009.29849243164062500000
54068886657.21629333496093750000
112557221226.92495727539062500000
69981924598.33232116699218750000
101625549242.31579589843750000000
67661961058.54133605957031250000
105474578161.99279785156250000000
56394518125.72644042968750000000
55264838026.70536041259765625000
91210508127.27429199218750000000
64963206405.60166168212890625000
65411315622.53875732421875000000
65465238823.33876037597656250000
156213363737.94970703125000000000
62801732160.39207458496093750000
57508253876.36093902587890625000
104943298584.15264892578125000000
126809927451.76266479492187500000
128390325466.80902099609375000000
95425490829.65112304687500000000
71690379408.05764770507812500000
114709332256.24206542968750000000
78528975374.38133239746093750000
111951338927.75691223144531250000
73563555363.30007934570312500000
63394407198.27690124511718750000
98093110087.88279724121093750000
69946354028.25169372558593750000
121958279711.87135314941406250000
108207473608.33811950683593750000
157503583050.27975463867187500000
116361701956.17741394042968750000
120636953561.38832092285156250000
86865813332.84600830078125000000
131166236154.00930786132812500000
66512967557.74818420410156250000
71244385423.64503479003906250000
129727937325.64469909667968750000
98493979744.61026000976562500000
60094199576.45667266845703125000
88449849335.39518737792968750000
291909955469.38732910156250000000
93992293365.93313598632812500000
89604537078.45263671875000000000
114945176292.11473083496093750000
209791158292.20968627929687500000
63777263581.21586608886718750000
129392479849.71154785156250000000
136810123112.03247070312500000000
64773465455.39991760253906250000
146207798238.67532348632812500000
58279589175.21586608886718750000
80293120367.95535278320312500000
65334373850.50367736816406250000
64024852232.79437255859375000000
64056017748.29890441894531250000
141040904353.24682617187500000000
70731177598.38465881347656250000
59159731481.78483581542968750000
68842870983.94409179687500000000
147989928045.92416381835937500000
58563341866.60305023193359375000
79690929170.82031250000000000000
77048165445.90567016601562500000
74823468044.26742553710937500000
61532185248.94759368896484375000
115822438009.93981933593750000000
65166746453.63421630859375000000
98555660125.53492736816406250000
65852245362.88591766357421875000
58994415384.02096557617187500000
257150374022.83718872070312500000
85824561727.38252258300781250000
65987613581.73715972900390625000
252988903072.44308471679687500000
59349760757.18097686767578125000
328376374669.34948730468750000000
86506541961.63342285156250000000
130650054136.99026489257812500000
145491782683.44433593750000000000
90595273944.49897766113281250000
101574016694.20162963867187500000
66765506489.28223419189453125000
58363319384.67749023437500000000
74578352006.08551025390625000000
103370572737.92510986328125000000
61422808134.79376983642578125000
86724679758.61654663085937500000
113182024071.34539794921875000000
68444427361.01931762695312500000
101613864294.23612976074218750000
74724469470.71766662597656250000
71570089044.59735107421875000000
58860248283.96629333496093750000
62532870646.53544616699218750000
74675385804.06881713867187500000
128506937422.44515991210937500000
95413041102.16491699218750000000
50772792567.96083068847656250000
103548707196.56375122070312500000
58373882284.71629333496093750000
68492082020.11352539062500000000
77472263708.72274780273437500000
84734664722.24523925781250000000
76703131731.73756408691406250000
83449076941.64764404296875000000
68824221136.13560485839843750000
157144516294.82672119140625000000
95190724884.75016784667968750000
70552089018.12643432617187500000
68056494257.80715179443359375000
69766591244.57450866699218750000
94598579036.46365356445312500000
74601542793.58116149902343750000
98411441387.29553222656250000000
79848528397.94056701660156250000
109984524469.68981933593750000000
168114748001.02059936523437500000
115980916191.09529113769531250000
70505004978.28649902343750000000
147351334677.65792846679687500000
216128345675.97918701171875000000
85322820059.75016784667968750000
165857679928.72760009765625000000
82834555465.55343627929687500000
126138360334.15112304687500000000
103563880644.11346435546875000000
74768665169.79849243164062500000
118380427797.65109252929687500000
91678163807.40707397460937500000
78271215255.87007141113281250000
68354507178.80344390869140625000
99127675566.94360351562500000000
90462162299.47665405273437500000
87057950694.68029785156250000000
84083014617.90989685058593750000
63030668336.18226623535156250000
96382580771.55343627929687500000
79449596767.54595947265625000000
178594358943.49511718750000000000
101799741749.46218872070312500000
62609256671.13375091552734375000
72921869790.01660156250000000000
200852873150.40069580078125000000
133525538310.50321960449218750000
71313102696.06579589843750000000
63276571066.18768310546875000000
104242855497.77429199218750000000
73317242587.89773559570312500000
94682717414.65060424804687500000
83900151286.30285644531250000000
70630633963.23077392578125000000
80846967447.47665405273437500000
89094237871.92272949218750000000
168287752880.47155761718750000000
102836351670.08752441406250000000
197560452606.40963745117187500000
71734114166.47189331054687500000
87936298196.37516784667968750000
58026131461.72511291503906250000
53052486264.07586669921875000000
113530354842.14579772949218750000
65274921179.07371520996093750000
65666666184.81684112548828125000
61402769427.88253021240234375000
55825097663.17755126953125000000
75570873292.04876708984375000000
71076374259.36112976074218750000
116648440917.53491210937500000000
59086836217.72319793701171875000
65137834936.87257385253906250000
203526110029.61404418945312500000
107906658902.80575561523437500000
59106859356.17465972900390625000
58979128720.57586669921875000000
77763998122.93173217773437500000
112097785163.17254638671875000000
89053505788.37097167968750000000
93430521871.18338012695312500000
135798828814.03900146484375000000
85183247740.64503479003906250000
100045041211.42495727539062500000
90423962479.80717468261718750000
87447854694.32031250000000000000
59703088604.02174377441406250000
68859350542.66575622558593750000
215698241284.35162353515625000000
53858467823.36862182617187500000
73227509286.38220214843750000000
84341691453.05564880371093750000
91968517469.50244140625000000000
59220055063.01940917968750000000
164805060330.49368286132812500000
82901601625.48989868164062500000
85122894214.30783081054687500000
67094965274.29876708984375000000
98340543868.86289978027343750000
101752954702.59773254394531250000
124069601599.25183105468750000000
69421194564.01742553710937500000
64887460106.30344390869140625000
105122630799.53146362304687500000
80337273062.34904479980468750000
58278493304.71542358398437500000
136866276475.01696777343750000000
83700594844.28056335449218750000
63342960553.65011596679687500000
84938721368.20895385742187500000
86512920749.40290832519531250000
61385246845.71269226074218750000
120180612190.12963867187500000000
59212558313.13452148437500000000
121819010168.87135314941406250000
211056010390.23388671875000000000
64554704502.10954284667968750000
64144765422.55397033691406250000
165960107113.05096435546875000000
70514895158.31478881835937500000
268141482464.48110961914062500000
65254323107.32673645019531250000
66807470802.70741271972656250000
186476624432.13656616210937500000
53836426903.10818481445312500000
68877593193.04595947265625000000
260824535931.39767456054687500000
94488445509.35452270507812500000
56753732447.64257812500000000000
84877307716.61611938476562500000
143539740588.84790039062500000000
206365904970.44104003906250000000
104889420751.97032165527343750000
61197544832.56309509277343750000
75570184524.60111999511718750000
81269192710.32235717773437500000
111866083754.03492736816406250000
181325668738.38421630859375000000
87321268496.54689025878906250000
104546151627.83811950683593750000
76555757786.87527465820312500000
67014662712.29282379150390625000
52645153063.41993713378906250000
114779706097.19812011718750000000
113581818646.84539794921875000000
80553200571.45111083984375000000
95714131935.01296997070312500000
64625610542.23638916015625000000
125805513640.56729125976562500000
73286985400.60890197753906250000
120589794337.45263671875000000000
153003187725.70166015625000000000
78571336499.74099731445312500000
60217337888.29772949218750000000
112700740622.31910705566406250000
167684769942.21704101562500000000
59686752747.08152008056640625000
130789584671.97357177734375000000
123801740863.79486083984375000000
77826200228.63598632812500000000
175019937752.17639160156250000000
57767209569.61038208007812500000
58953653787.00697326660156250000
365026141938.66461181640625000000
115259460527.20008850097656250000
58485888621.92911529541015625000
66211384352.53284454345703125000
59865067973.78483581542968750000
67886462741.17377471923828125000
79218709707.73637390136718750000
80183771570.21720886230468750000
122422319102.14901733398437500000
72978574392.50016784667968750000
55134650551.32051849365234375000
161665810257.36291503906250000000
121994300491.25231933593750000000
67130456180.07302856445312500000
67998164785.02243041992187500000
102859206641.92935180664062500000
88961051992.40567016601562500000
65522511903.43283081054687500000
72380341320.90695190429687500000
69311912131.79254150390625000000
73070332400.02236938476562500000
136360948171.29116821289062500000
95993527246.70887756347656250000
134338248149.29292297363281250000
136854132355.95443725585937500000
166764927273.70535278320312500000
55345411977.64263916015625000000
78768064618.17376708984375000000
66045678967.07450866699218750000
61098904280.93499755859375000000
89205497572.47164916992187500000
112022335988.92526245117187500000
67612263607.10780334472656250000
249583045992.41177368164062500000
59785232421.38136291503906250000
82242731750.12257385253906250000
75757410524.39518737792968750000
101382058900.57302856445312500000
133283239013.26774597167968750000
68037140408.96346282958984375000
96583303422.33811950683593750000
150683116945.66033935546875000000
79913869763.79876708984375000000
87243021588.56036376953125000000
57197348611.83008575439453125000
82682618263.80285644531250000000
122682784347.08387756347656250000
69171769839.49099731445312500000
86771544218.98428344726562500000
74054309658.02999877929687500000
71531504148.27485656738281250000
101413951631.38375854492187500000
105681756693.43981933593750000000
75489344343.47540283203125000000
65161283265.04887390136718750000
68654308175.93731689453125000000
67465192824.78469848632812500000
76390802135.81127929687500000000
109518877642.46081542968750000000
224490536826.28662109375000000000
119613736285.16464233398437500000
104506257817.76004028320312500000
63206305334.95561218261718750000
68869778393.65011596679687500000
130144567929.48394775390625000000
77215028577.06556701660156250000
149460150720.67773437500000000000
57000138737.37383270263671875000
108344670485.26045227050781250000
52691563285.31223297119140625000
66303302807.21747589111328125000
93397880093.55343627929687500000
74022442132.30482482910156250000
158971164623.28643798828125000000
156701312307.75027465820312500000
76031075598.94821166992187500000
88388264867.11637878417968750000
77030896065.05380249023437500000
59430890721.25106811523437500000
69357389442.05482482910156250000
124952903094.60200500488281250000
108024707520.21104431152343750000
86141504316.50169372558593750000
59358854478.49675750732421875000
64606565002.88591766357421875000
60205232192.86660766601562500000
220544437775.72113037109375000000
51375788096.98271179199218750000
70759712149.45996093750000000000
190438784497.56326293945312500000
95140158500.38555908203125000000
100507291328.06036376953125000000
173395408950.33862304687500000000
71198386152.75061035156250000000
63983048883.71675109863281250000
132897809550.66317749023437500000
60077833391.10708618164062500000
63281782532.98144531250000000000
89343895051.67947387695312500000
67959994661.97451019287109375000
65903907887.64665222167968750000
71344178619.15103149414062500000
59922425950.78526306152343750000
69267330258.22047424316406250000
154558020422.02563476562500000000
88284821577.74099731445312500000
82515520794.81054687500000000000
113212322081.91352844238281250000
81541804218.52615356445312500000
218815507551.66540527343750000000
99427409617.68029785156250000000
100450900873.83346557617187500000
86277672016.57508850097656250000
66755833835.72541046142578125000
95905438720.47521972656250000000
79068943575.60021972656250000000
91650385424.88375854492187500000
187280445003.66229248046875000000
59207891070.28651428222656250000
279088800218.40161132812500000000
222998928964.94775390625000000000
171124569294.37399291992187500000
66438783198.63560485839843750000
101404103371.02987670898437500000
58242272127.96861267089843750000
114181546229.44299316406250000000
71028143583.98318481445312500000
57640252185.35794830322265625000
71285628501.57556152343750000000
85468245478.11099243164062500000
69827914020.71481323242187500000
138127556979.97213745117187500000
66408847062.99204254150390625000
122983308248.76687622070312500000
57719007616.10818481445312500000
125008263034.45358276367187500000
64482847242.06658172607421875000
130083386826.20903015136718750000
62583018656.33646392822265625000
79451545612.18417358398437500000
159630627253.87448120117187500000
96051882779.85452270507812500000
74154072520.86346435546875000000
74691215393.10317993164062500000
69827388339.43420410156250000000
71677299031.22257995605468750000
73852373905.99951171875000000000
86292079928.14480590820312500000
67986920784.29877471923828125000
82411500109.99951171875000000000
104950559092.10723876953125000000
138585806930.67340087890625000000
87982567553.79553222656250000000
130883864756.40324401855468750000
61451427669.63022613525390625000
60350816335.51300048828125000000
128826032993.24847412109375000000
66558574222.71677398681640625000
62336798307.03000640869140625000
52427946484.41876220703125000000
275492146301.58624267578125000000
73038115899.48547363281250000000
63241652348.64990234375000000000
63711282399.78770446777343750000
72505545478.53544616699218750000
57194660369.01464080810546875000
63276148027.75666046142578125000
65951126593.02120971679687500000
83685884299.70715332031250000000
84516910472.27082824707031250000
336993744742.33428955078125000000
66095274290.12570190429687500000
60322218241.78651428222656250000
71281023063.31809997558593750000
77040101571.15457153320312500000
60361074109.86576080322265625000
76248663376.00213623046875000000
52360291752.85737609863281250000
62213038741.70628356933593750000
59412090505.53881835937500000000
164167818054.32037353515625000000
96786711931.96081542968750000000
83460449410.62007141113281250000
112082000661.25691223144531250000
171299824961.57904052734375000000
211278284150.41522216796875000000
69888859165.15567016601562500000
71199415753.10266113281250000000
58756712889.32537078857421875000
75893337698.10452270507812500000
130765400206.44863891601562500000
135636096211.89526367187500000000
83303759342.87559509277343750000
55608379097.60081481933593750000
71765437330.76698303222656250000
90902496174.97898864746093750000
80913140143.60943603515625000000
119667955880.91510009765625000000
58545076085.70264434814453125000
59610442690.72226715087890625000
55784280567.81326293945312500000
66209851121.88465881347656250000
103017219750.56097412109375000000
73274730733.40783691406250000000
79102066749.83232116699218750000
84171974831.47189331054687500000
134497896490.15017700195312500000
110760888804.88279724121093750000
65121286617.26056671142578125000
93791415164.65539550781250000000
104829375674.38279724121093750000
61180806750.25956726074218750000
74075653789.36807250976562500000
132283172933.03295898437500000000
64333186496.21764373779296875000
167335114227.85949707031250000000
112981569989.03492736816406250000
73781588235.80783081054687500000
86520820139.10687255859375000000
84295152263.50213623046875000000
62606686824.26860809326171875000
81056180684.14486694335937500000
78554563417.35659790039062500000
87408032196.90615844726562500000
81848150222.68133544921875000000
172543162461.34863281250000000000
93051195311.65216064453125000000
120606370149.23606872558593750000
91380549120.02066040039062500000
61532362237.88414764404296875000
55253618729.92501831054687500000
69406031869.36654663085937500000
83953893185.69772338867187500000
68476365264.95536041259765625000
83053866626.65362548828125000000
273998816989.24633789062500000000
61869190703.63770294189453125000
64954813683.82758331298828125000
72498684102.81033325195312500000
102526792152.31579589843750000000
73474158274.47451782226562500000
87141238272.42272949218750000000
125110511089.41720581054687500000
68094909061.59547424316406250000
65526755446.91445922851562500000
172365714571.32287597656250000000
151040031699.52514648437500000000
65588059776.56758117675781250000
52246462161.04722595214843750000
121831699747.25781250000000000000
82319410942.71092224121093750000
71878465549.29257202148437500000
100722307751.34539794921875000000
117782376885.04241943359375000000
56198191373.17897796630859375000
144427025885.91232299804687500000
159549204205.03274536132812500000
90361394417.12304687500000000000
83957666052.51660156250000000000
99521993868.79415893554687500000
125078733617.10659790039062500000
95520105110.09422302246093750000
68619180106.25016784667968750000
88047699091.74324035644531250000
69287165531.10134887695312500000
101762338791.32173156738281250000
73301159058.30316162109375000000
74709374670.12304687500000000000
84474643990.34515380859375000000
65203782576.38021850585937500000
64228462017.56966400146484375000
91272426183.68768310546875000000
74301955144.68220520019531250000
66539054707.08997344970703125000
75512220333.10679626464843750000
151562966805.11804199218750000000
79947391928.18399047851562500000
128446659742.36441040039062500000
90227162483.29757690429687500000
58389598753.50286102294921875000
136039996508.72463989257812500000
110895528187.41815185546875000000
105435298242.07763671875000000000
103126545397.32173156738281250000
140884958581.57342529296875000000
161692580541.14547729492187500000
60982465905.05344390869140625000
76846599005.20996093750000000000
84546080381.08346557617187500000
105934172729.98657226562500000000
58535899000.64263916015625000000
94275748547.91235351562500000000
62833966063.52101898193359375000
103036972830.37683105468750000000
96114356378.87808227539062500000
149695182426.40243530273437500000
311459671448.96539306640625000000
128979176496.37268066406250000000
121199805699.37135314941406250000
123131542820.03198242187500000000
133279428067.58113098144531250000
63301664729.49737548828125000000
204701416862.52490234375000000000
86035833750.86911010742187500000
72353738616.96766662597656250000
91470547056.55717468261718750000
96689569269.99951171875000000000
71114398921.09689331054687500000
65476346816.93875885009765625000
170547481603.09280395507812500000
157057405851.87707519531250000000
94748034346.20887756347656250000
208908279203.58715820312500000000
84678816545.28067016601562500000
61647516144.42504882812500000000
52836279943.56860351562500000000
203037643519.81222534179687500000
130635301927.82191467285156250000
71826871015.40863037109375000000
106925962892.89518737792968750000
120327043882.08018493652343750000
55368242053.57586669921875000000
53738675348.70285797119140625000
126557879671.12316894531250000000
77616019625.67364501953125000000
57590929330.48337554931640625000
111481580752.15093994140625000000
60884674047.59009552001953125000
106412879136.66632080078125000000
77792816945.87554931640625000000
71899610624.07247924804687500000
119047197503.70082092285156250000
59675382406.01571655273437500000
89886859057.42935180664062500000
111387291419.42858886718750000000
52341797502.21083068847656250000
62742047147.59009552001953125000
81560280085.65826416015625000000
122098437495.76931762695312500000
112698077096.88574218750000000000
94056208732.39480590820312500000
89507990499.34539794921875000000
101297927919.57089233398437500000
189189843572.69131469726562500000
127150838255.53012084960937500000
281295230735.80187988281250000000
113458370745.72668457031250000000
54141574949.00079345703125000000
66544691901.69274902343750000000
91616825639.81054687500000000000
65133510969.17440795898437500000
118763242104.28494262695312500000
77285675736.63421630859375000000
82519563386.57247924804687500000
94379923648.10415649414062500000
113112668522.24456787109375000000
112104061332.61026000976562500000
76439578273.14764404296875000000
100878961340.52992248535156250000
74639548039.09600830078125000000
61311334780.22226715087890625000
65853733659.58981323242187500000
74758899254.69772338867187500000
69187695035.15826416015625000000
74529983816.04689025878906250000
480612936420.20098876953125000000
71688869177.42559814453125000000
91807520107.62257385253906250000
99484249716.93399047851562500000
83554219911.29008483886718750000
71033641021.05329895019531250000
61251680196.32911682128906250000
94647987185.75016784667968750000
82063334933.89480590820312500000
59388360811.00697326660156250000
70726607839.01181030273437500000
55612237869.73041534423828125000
80015743828.30717468261718750000
65529859780.19992065429687500000
323957978798.61651611328125000000
82544844006.31478881835937500000
66797329892.40989685058593750000
86500560401.66510009765625000000
133141851349.62963867187500000000
107015479164.24359130859375000000
80550919645.48182678222656250000
57486913657.86166381835937500000
96981373180.46081542968750000000
92576364771.52615356445312500000
134271544639.40679931640625000000
74359490044.34544372558593750000
70841108032.63545227050781250000
134737621525.35754394531250000000
52300693168.50079345703125000000
100715107179.82345581054687500000
58195273748.94371032714843750000
63179999568.57482910156250000000
94055510464.49279785156250000000
72059692860.43374633789062500000
191331891359.87634277343750000000
83353472748.56036376953125000000
78699968276.80343627929687500000
216848571220.20739746093750000000
65954213764.06127929687500000000
121295812038.03485107421875000000
87688859593.08003234863281250000
96448855303.44902038574218750000
53210452743.66993713378906250000
56636902570.56041717529296875000
63040132194.78624725341796875000
83624632236.60266113281250000000
100808514014.70915222167968750000
113193284426.16224670410156250000
114709308058.29489135742187500000
278167492159.17327880859375000000
128875552282.20266723632812500000
59774818523.36322021484375000000
101002679047.75770568847656250000
71693882138.48182678222656250000
113708194586.95991516113281250000
