114309745585.83300781250000000000
142571438964.36859130859375000000
114975758677.52139282226562500000
120326861746.38748168945312500000
161624879360.91287231445312500000
113474754846.97946166992187500000
164855110907.88845825195312500000
120276057724.93591308593750000000
97368006647.99751281738281250000
108348328651.57531738281250000000
212736644066.79522705078125000000
100362639921.70056152343750000000
124313678818.43305969238281250000
387849498924.95416259765625000000
223802562402.32070922851562500000
103357273195.40359497070312500000
166411229123.08963012695312500000
142016040491.35549926757812500000
276260821896.87683105468750000000
167884706319.92288208007812500000
105339115295.60458374023437500000
161149171952.63595581054687500000
108348328651.57531738281250000000
155091798622.64089965820312500000
99365774577.63510131835937500000
116334017381.45010375976562500000
204004517799.25180053710937500000
118917975000.42677307128906250000
126283177310.47880554199218750000
333490222545.79479980468750000000
123970712961.17655944824218750000
117276117501.23072814941406250000
123904772297.70191955566406250000
164277820537.38345336914062500000
118330439563.91879272460937500000
106351906469.10662841796875000000
136068918082.26599121093750000000
105803989018.03878784179687500000
201326563594.92654418945312500000
133303605932.43400573730468750000
124467380199.23080444335937500000
109346539742.80967712402343750000
109706852262.65814208984375000000
111038554841.51843261718750000000
112341173016.51272583007812500000
118660148735.68179321289062500000
160596081949.75451660156250000000
134927651735.50427246093750000000
99567554817.97158813476562500000
128811656021.87944030761718750000
112341173016.51272583007812500000
112540356118.23233032226562500000
124319706111.32489013671875000000
123861738863.65289306640625000000
126661069097.01994323730468750000
110344750834.04402160644531250000
143331334018.30163574218750000000
172046317009.36340332031250000000
147592775896.87396240234375000000
270782437178.70712280273437500000
98366217739.23185729980468750000
168029880199.23080444335937500000
131588060472.37504577636718750000
109759431311.47425842285156250000
205151945513.84051513671875000000
113339384107.74707031250000000000
120969341736.58955383300781250000
256800713532.56414794921875000000
187754410941.37854003906250000000
108121874265.50155639648437500000
177747096179.94873046875000000000
121068059413.17417907714843750000
182066862423.79043579101562500000
114033495551.23423767089843750000
149308078204.34814453125000000000
117336940632.29226684570312500000
133270903860.93141174316406250000
362831930321.22351074218750000000
658627930482.73535156250000000000
106351906469.10662841796875000000
110344750834.04402160644531250000
104983702890.32464599609375000000
144325967292.00466918945312500000
99153989018.03878784179687500000
123321495020.09053039550781250000
113088473412.02832031250000000000
174062466139.00970458984375000000
109179382502.93740844726562500000
116758045226.82406616210937500000
126316128293.79357910156250000000
158907960360.63327026367187500000
141158495551.23425292968750000000
108533303178.13854980468750000000
135300028114.90269470214843750000
131820596777.08605957031250000000
104355484286.63793945312500000000
149774088937.80072021484375000000
117332228472.68444824218750000000
352335150357.00170898437500000000
117830761713.85404968261718750000
161641189110.72427368164062500000
194445852462.68878173828125000000
111665219781.95939636230468750000
109346539742.80967712402343750000
157991953251.02325439453125000000
119703540491.35549926757812500000
202241293693.96658325195312500000
237543543320.62719726562500000000
107350117560.34097290039062500000
112877870085.30334472656250000000
155303605932.43402099609375000000
163116893073.38235473632812500000
148918354634.49108886718750000000
95722973389.27163696289062500000
107497807736.64038085937500000000
112258352462.68876647949218750000
142287505753.54312133789062500000
102018997007.97169494628906250000
113833696738.06700134277343750000
104355484286.63793945312500000000
161665871053.00543212890625000000
108348328651.57531738281250000000
107309092010.85473632812500000000
134993369431.82644653320312500000
120280642822.78207397460937500000
108348328651.57531738281250000000
143524879360.91287231445312500000
116334017381.45010375976562500000
117368528944.82720947265625000000
104077870085.30334472656250000000
128297695147.92587280273437500000
111342961925.27836608886718750000
120326861746.38748168945312500000
226165075439.34423828125000000000
196815075439.34423828125000000000
101360851012.93490600585937500000
156181504104.29174804687500000000
122008045226.82406616210937500000
115335806290.21575927734375000000
169436721754.85824584960937500000
102359062104.16925048828125000000
105353695377.87228393554687500000
111855207598.83489990234375000000
137603289037.70458984375000000000
105353695377.87228393554687500000
215153405530.31958007812500000000
121883927957.48284912109375000000
108371691813.11474609375000000000
130808078204.34814453125000000000
123321495020.09053039550781250000
101030761713.85404968261718750000
454696851737.01702880859375000000
128188262204.07312011718750000000
161313444930.64508056640625000000
118326817873.79005432128906250000
212318215354.02017211914062500000
97932679399.77203369140625000000
118858506688.27108764648437500000
248344559825.48699951171875000000
166784822390.39465332031250000000
108348328651.57531738281250000000
109666651589.06927490234375000000
125771048926.39471435546875000000
138709745585.83300781250000000000
225170203121.96585083007812500000
126347733798.10348510742187500000
155307183749.96530151367187500000
98899123094.65615844726562500000
124543014437.92575073242187500000
126901392746.50750732421875000000
256185205898.25231933593750000000
130697695147.92587280273437500000
267322538550.20382690429687500000
104983702890.32464599609375000000
161937570527.59808349609375000000
162175936282.45947265625000000000
170520293684.41891479492187500000
170571438964.36859130859375000000
250699516822.59280395507812500000
240792127101.18774414062500000000
178273194483.41790771484375000000
121567447642.90287780761718750000
113429578992.99484252929687500000
113704490843.44232177734375000000
108077870085.30334472656250000000
99364428830.46620178222656250000
113233052730.91136169433593750000
254328352503.69219970703125000000
403318334614.60455322265625000000
108348328651.57531738281250000000
111663878100.38516235351562500000
109131381181.49789428710937500000
115335806290.21575927734375000000
108348328651.57531738281250000000
223723477727.30578613281250000000
483979785050.47363281250000000000
140790189116.69158935546875000000
134099837048.39193725585937500000
169171438964.36859130859375000000
109924879360.91287231445312500000
112341173016.51272583007812500000
396715394595.83172607421875000000
118168925566.29257202148437500000
110344750834.04402160644531250000
156820320032.18054199218750000000
119238105631.03524780273437500000
187266038848.35528564453125000000
99364428830.46620178222656250000
124026057724.93591308593750000000
107224837048.39193725585937500000
107002138213.99871826171875000000
229596200496.35223388671875000000
216164508071.00900268554687500000
143784822390.39465332031250000000
105971938184.44229125976562500000
172283927936.01184082031250000000
185288554841.51843261718750000000
123321495020.09053039550781250000
115798216873.67210388183593750000
140790189116.69158935546875000000
394175978057.46929931640625000000
160396085492.64971923828125000000
103357273195.40359497070312500000
124319706111.32489013671875000000
108830333589.58757019042968750000
98366217739.23185729980468750000
103007232302.08934020996093750000
113857512850.06794738769531250000
98366217739.23185729980468750000
145645094558.34579467773437500000
102023200279.69152832031250000000
183523645245.67773437500000000000
108653989018.03878784179687500000
188254410941.37854003906250000000
99364428830.46620178222656250000
137714056202.51202392578125000000
107224837048.39193725585937500000
131307183749.96530151367187500000
101360851012.93490600585937500000
107309092010.85473632812500000000
113638105631.03524780273437500000
114610538199.31613159179687500000
560289041923.73242187500000000000
163297344751.75421142578125000000
104355484286.63793945312500000000
147478800581.00531005859375000000
454301986963.27514648437500000000
138533944265.93518066406250000000
140291083571.07443237304687500000
145338946579.41015625000000000000
122323283928.85618591308593750000
116334017381.45010375976562500000
118995124373.49189758300781250000
146926109230.20730590820312500000
106351906469.10662841796875000000
104355484286.63793945312500000000
112100758677.52139282226562500000
189254410941.37854003906250000000
107557238567.46293640136718750000
129675186824.12501525878906250000
110344750834.04402160644531250000
114337595198.98141479492187500000
100362639921.70056152343750000000
167741888580.01898193359375000000
108817963373.76925659179687500000
110344750834.04402160644531250000
181929533829.68557739257812500000
105338405711.48168945312500000000
102359062104.16925048828125000000
105392425344.18804931640625000000
117168918082.26599121093750000000
120326861746.38748168945312500000
116993335464.72624206542968750000
112100758677.52139282226562500000
308007008677.52136230468750000000
143566782047.70922851562500000000
106247564321.11921691894531250000
116804965293.42111206054687500000
172851052901.74752807617187500000
160603289037.70458984375000000000
111167008690.72505187988281250000
174400195757.12377929687500000000
147538942635.50683593750000000000
108256381181.49789428710937500000
123055207598.83489990234375000000
121314350426.51669311523437500000
140974837048.39193725585937500000
186754410941.37854003906250000000
126316128293.79357910156250000000
281475859753.06970214843750000000
126854928870.73977661132812500000
189248149760.69876098632812500000
139532238020.69384765625000000000
117332228472.68444824218750000000
112283495551.23423767089843750000
100362639921.70056152343750000000
108348328651.57531738281250000000
113796081949.75453186035156250000
160068918082.26599121093750000000
135096362195.80128479003906250000
114466189110.72427368164062500000
130651355739.02558898925781250000
107956683668.54418945312500000000
119104382259.72804260253906250000
93759431311.47425842285156250000
242844472610.01611328125000000000
167251850426.51669311523437500000
397696546865.89746093750000000000
177967380199.23080444335937500000
148955751312.67932128906250000000
109346539742.80967712402343750000
111383352462.68876647949218750000
117332228472.68444824218750000000
122990204874.38635253906250000000
138294661388.60574340820312500000
111942784167.89739990234375000000
190741888580.01898193359375000000
122989757647.19493103027343750000
125415871053.00544738769531250000
181234726079.84085083007812500000
99364428830.46620178222656250000
146795467596.20697021484375000000
208318513505.48110961914062500000
105353695377.87228393554687500000
116691541870.14347839355468750000
110344750834.04402160644531250000
114168528944.82720947265625000000
328950346143.12768554687500000000
170278561209.71487426757812500000
118829851421.17636108398437500000
165290189116.69158935546875000000
99364428830.46620178222656250000
142770291593.84649658203125000000
127903815488.57836914062500000000
102450226406.71569824218750000000
120326861746.38748168945312500000
106351906469.10662841796875000000
109346539742.80967712402343750000
94922973389.27163696289062500000
110344750834.04402160644531250000
130865774577.63510131835937500000
142474838889.74243164062500000000
116579851421.17636108398437500000
191328650655.15313720703125000000
216741189110.72427368164062500000
472899202519.30969238281250000000
111689350426.51669311523437500000
190335508138.75482177734375000000
129351052901.74752807617187500000
144320600565.70770263671875000000
114855778663.75762939453125000000
97368006647.99751281738281250000
127813444930.64509582519531250000
107350117560.34097290039062500000
119868322033.39761352539062500000
119328650655.15313720703125000000
120326861746.38748168945312500000
126093047304.90782165527343750000
124079851421.17636108398437500000
156308078204.34814453125000000000
134653215883.82406616210937500000
237163539029.58517456054687500000
172418918082.26599121093750000000
115335806290.21575927734375000000
310294512312.87524414062500000000
348813310762.48767089843750000000
108256381181.49789428710937500000
341488798851.15087890625000000000
111133927957.48284912109375000000
151333052730.91137695312500000000
189244571943.16744995117187500000
111826491624.15699768066406250000
162814519126.02618408203125000000
107350117560.34097290039062500000
131847733798.10348510742187500000
121773434138.08224487304687500000
93078133815.94976806640625000000
117936566451.65750122070312500000
133802711478.05117797851562500000
107350117560.34097290039062500000
113339384107.74707031250000000000
109027459182.80496215820312500000
118330439563.91879272460937500000
177538942635.50683593750000000000
257775132467.91403198242187500000
370552241889.50018310546875000000
98366217739.23185729980468750000
234795704918.71902465820312500000
105353695377.87228393554687500000
185568476504.42736816406250000000
296803158705.24261474609375000000
191085669559.17379760742187500000
110704490843.44232177734375000000
154404772297.70190429687500000000
108348328651.57531738281250000000
105599791758.95230102539062500000
122429800925.03271484375000000000
175778830451.61724853515625000000
110666189110.72427368164062500000
119328650655.15313720703125000000
105353695377.87228393554687500000
115733303178.13854980468750000000
123536566451.65750122070312500000
104355484286.63793945312500000000
117168918082.26599121093750000000
132429800925.03271484375000000000
113833696738.06700134277343750000
116770055088.19158935546875000000
103733193912.61099243164062500000
169060148735.68179321289062500000
155381525365.04052734375000000000
107948408772.67758178710937500000
209019571192.35797119140625000000
147278561209.71487426757812500000
231818916860.07507324218750000000
98066055831.50109863281250000000
149314339385.02792358398437500000
117332228472.68444824218750000000
109190967147.45642089843750000000
105916189110.72427368164062500000
171123147111.60293579101562500000
112341173016.51272583007812500000
96369795556.76315307617187500000
190616893073.38235473632812500000
174777666755.33203125000000000000
125657960360.63327026367187500000
147969341736.58953857421875000000
109346539742.80967712402343750000
114065746139.30104064941406250000
104355484286.63793945312500000000
150675186824.12500000000000000000
163581769514.79260253906250000000
168770511120.26940917968750000000
143773645245.67773437500000000000
117659853055.66244506835937500000
102359062104.16925048828125000000
122825923419.40722656250000000000
107350117560.34097290039062500000
198883045226.82406616210937500000
231388004626.21932983398437500000
129195467596.20698547363281250000
120162536418.81091308593750000000
110338405711.48168945312500000000
244786462223.42984008789062500000
171188967544.58087158203125000000
162251727578.23007202148437500000
104355484286.63793945312500000000
110493408780.22888183593750000000
112341173016.51272583007812500000
113027459182.80496215820312500000
112341173016.51272583007812500000
111904823117.57928466796875000000
1263698827979.82348632812500000000
94373373374.29446411132812500000
183893506811.89324951171875000000
173615770512.04046630859375000000
110344750834.04402160644531250000
111733303178.13854980468750000000
116511306868.23487854003906250000
125675186824.12501525878906250000
143414525106.62918090820312500000
130418434894.31625366210937500000
111142425344.18804931640625000000
123824134510.64157104492187500000
152316128293.79357910156250000000
208319706111.32489013671875000000
120670273965.62561035156250000000
106351906469.10662841796875000000
109566527245.94432067871093750000
161315087959.55267333984375000000
114495124373.49189758300781250000
132581769514.79258728027343750000
115335806290.21575927734375000000
133642526419.73638916015625000000
129809867113.11380004882812500000
146278830451.61724853515625000000
214314935687.94979858398437500000
116704490843.44232177734375000000
231298835509.05892944335937500000
113002712112.92681884765625000000
159437981827.61968994140625000000
102018997007.97169494628906250000
125317917202.55923461914062500000
113429578992.99484252929687500000
158474754846.97946166992187500000
135994402430.35328674316406250000
123909745585.83300781250000000000
114337595198.98141479492187500000
168524879360.91287231445312500000
102116189110.72427368164062500000
126283177310.47880554199218750000
171287505753.54312133789062500000
105338405711.48168945312500000000
2756523546004.09082031250000000000
228262867163.01892089843750000000
102018997007.97169494628906250000
95703133815.94976806640625000000
192244571943.16744995117187500000
106960173478.55993652343750000000
134301817023.66835021972656250000
107567554817.97158813476562500000
98066055831.50109863281250000000
132654291125.61874389648437500000
165205323281.86682128906250000000
114009706319.92288208007812500000
104355484286.63793945312500000000
165278561209.71487426757812500000
96369795556.76315307617187500000
102838405711.48168945312500000000
421988475739.62939453125000000000
236295555842.98855590820312500000
107084386007.17279052734375000000
119328650655.15313720703125000000
164554291125.61874389648437500000
192171438964.36859130859375000000
128450226406.71569824218750000000
114337595198.98141479492187500000
177312981827.61968994140625000000
103474681830.29513549804687500000
106377587959.55265808105468750000
92136644066.79522705078125000000
202323582080.31713867187500000000
269320302414.24676513671875000000
114009706319.92288208007812500000
768937951560.96569824218750000000
148316128293.79357910156250000000
112788540932.16822814941406250000
177168528944.82720947265625000000
138728800581.00531005859375000000
191241888580.01898193359375000000
113403989018.03878784179687500000
116687070592.44941711425781250000
1035321584465.52880859375000000000
123446821015.61323547363281250000
127092380199.23080444335937500000
141319706111.32489013671875000000
102018997007.97169494628906250000
135509755335.21057128906250000000
217419362209.18481445312500000000
113339384107.74707031250000000000
117967554817.97158813476562500000
178304232900.62368774414062500000
137116893073.38235473632812500000
116438105631.03524780273437500000
109346539742.80967712402343750000
128312550476.26226806640625000000
122346926063.06253051757812500000
108653989018.03878784179687500000
90918940695.12249755859375000000
108911229123.08963012695312500000
106960173478.55993652343750000000
111342961925.27836608886718750000
115335806290.21575927734375000000
117974837048.39193725585937500000
165292872479.84008789062500000000
170290189116.69158935546875000000
121003989018.03878784179687500000
110477870085.30334472656250000000
208552756770.73217773437500000000
196871518087.84301757812500000000
152066862423.79043579101562500000
184234726079.84085083007812500000
121350419838.87567138671875000000
98366217739.23185729980468750000
133303605932.43400573730468750000
105353695377.87228393554687500000
125105976039.84616088867187500000
137147777921.49427795410156250000
108936644066.79522705078125000000
110344750834.04402160644531250000
127314339385.02792358398437500000
1473178208260.51342773437500000000
32666797859087.75000000000000000000
110705976039.84616088867187500000
105353695377.87228393554687500000
177556081892.47528076171875000000
172426109230.20730590820312500000
114337595198.98141479492187500000
115331827243.39472961425781250000
159706683668.54418945312500000000
667601761814.11389160156250000000
153521874265.50155639648437500000
145326861746.38748168945312500000
151099791758.95230102539062500000
146079851421.17636108398437500000
117953540491.35549926757812500000
111725920426.08927917480468750000
166244571943.16744995117187500000
122704490843.44232177734375000000
131307183749.96530151367187500000
106351906469.10662841796875000000
112564866946.35821533203125000000
113339384107.74707031250000000000
153181799778.36401367187500000000
107722973389.27163696289062500000
101613420072.61329650878906250000
133327651735.50427246093750000000
150919608996.15252685546875000000
117399838940.86427307128906250000
97368918082.26599121093750000000
125259442563.54063415527343750000
99364428830.46620178222656250000
124453193153.36199951171875000000
117136566451.65750122070312500000
101360851012.93490600585937500000
111606533613.02487182617187500000
138247096179.94873046875000000000
108348328651.57531738281250000000
105599791758.95230102539062500000
106351906469.10662841796875000000
145181769514.79260253906250000000
118453133815.94976806640625000000
134234614534.49368286132812500000
242290189116.69158935546875000000
116691541870.14347839355468750000
112814041608.77561950683593750000
126546317009.36340332031250000000
206320600565.70770263671875000000
118820596777.08605957031250000000
103357273195.40359497070312500000
122323283928.85618591308593750000
138899123094.65615844726562500000
170780350118.48052978515625000000
103007232302.08934020996093750000
576739435041.95495605468750000000
238112163784.95056152343750000000
106351906469.10662841796875000000
174219341736.58953857421875000000
118002712112.92681884765625000000
112341173016.51272583007812500000
115240871053.00546264648437500000
210670899311.32043457031250000000
378665564110.72424316406250000000
156376152332.64160156250000000000
170270511120.26940917968750000000
121488415965.62069702148437500000
114566527245.94432067871093750000
102018997007.97169494628906250000
112326491624.15699768066406250000
450800743678.40893554687500000000
133816084421.19613647460937500000
109907738607.90747070312500000000
121325072837.62184143066406250000
107350117560.34097290039062500000
123992441010.34341430664062500000
144783033481.62899780273437500000
111606533613.02487182617187500000
370328948806.61407470703125000000
269824767093.18338012695312500000
114453193153.36199951171875000000
109346539742.80967712402343750000
111472132184.48420715332031250000
103357273195.40359497070312500000
598403692301.02258300781250000000
101706852262.65814208984375000000
102338473412.02832031250000000000
134596081949.75453186035156250000
152467380199.23080444335937500000
141815746139.30102539062500000000
105270291593.84649658203125000000
114353989018.03878784179687500000
131168018866.57376098632812500000
163290189116.69158935546875000000
114065746139.30104064941406250000
166974838889.74243164062500000000
116366189110.72427368164062500000
111932679399.77203369140625000000
118330439563.91879272460937500000
141145094558.34579467773437500000
561909592565.31018066406250000000
103357273195.40359497070312500000
154133927957.48284912109375000000
196319649914.98065185546875000000
115335806290.21575927734375000000
146771374971.54382324218750000000
116842526419.73638916015625000000
152269616665.88659667968750000000
158023645245.67773437500000000000
107773200279.69152832031250000000
137798038199.31613159179687500000
294905343514.81567382812500000000
108348328651.57531738281250000000
215312848627.72320556640625000000
115588540932.16822814941406250000
119168925566.29257202148437500000
108485538199.31613159179687500000
136585669559.17379760742187500000
104983702890.32464599609375000000
109346539742.80967712402343750000
203746740848.59826660156250000000
139647012151.76638793945312500000
145325967292.00466918945312500000
112066505607.53092956542968750000
131820320032.18054199218750000000
119505072378.14834594726562500000
141188967544.58087158203125000000
177229410941.27145385742187500000
173769616665.88659667968750000000
134815087959.55265808105468750000
554397598448.54797363281250000000
161294661388.60574340820312500000
97368006647.99751281738281250000
136504772297.70191955566406250000
135300028114.90269470214843750000
92876387503.63314819335937500000
109942784167.89739990234375000000
285309867113.11376953125000000000
119401392746.50750732421875000000
130660148735.68179321289062500000
128157960360.63327026367187500000
146116391027.68106079101562500000
238298038199.31613159179687500000
108535961971.71826171875000000000
139407960360.63327026367187500000
108348328651.57531738281250000000
101030761713.85404968261718750000
107350117560.34097290039062500000
121885969092.22114562988281250000
114337595198.98141479492187500000
189249938669.46441650390625000000
128811656021.87944030761718750000
160461038807.55255126953125000000
185054046294.50988769531250000000
101684898141.93101501464843750000
163554046294.50988769531250000000
112341173016.51272583007812500000
128903326275.55088806152343750000
113339384107.74707031250000000000
98189866946.35821533203125000000
185246934822.39007568359375000000
144351052901.74752807617187500000
119328650655.15313720703125000000
123616391027.68106079101562500000
109333394546.15072631835937500000
107834420736.04408264160156250000
120763539029.58517456054687500000
256965631002.45111083984375000000
146280350118.48052978515625000000
110156655230.21012878417968750000
103306608229.39501953125000000000
105339115295.60458374023437500000
128599791758.95230102539062500000
142786611299.16030883789062500000
101274865486.72599792480468750000
106736566451.65750122070312500000
165586045446.26013183593750000000
117030819467.50399780273437500000
573823519965.42944335937500000000
109346539742.80967712402343750000
161334386007.17279052734375000000
105339115295.60458374023437500000
115189040561.26516723632812500000
534828827229.76098632812500000000
112258352462.68876647949218750000
117831334018.30163574218750000000
100216189110.72427368164062500000
124830333589.58757019042968750000
102678449991.58801269531250000000
113339384107.74707031250000000000
123062466139.00968933105468750000
271183597245.28179931640625000000
147323283928.85620117187500000000
149568881181.49789428710937500000
125106767471.41558837890625000000
107040185595.99148559570312500000
415147076415.43933105468750000000
307477353696.29803466796875000000
116020291593.84649658203125000000
135096362195.80128479003906250000
105195497118.28390502929687500000
120326861746.38748168945312500000
125817022748.17639160156250000000
137948040974.87725830078125000000
211320302414.24676513671875000000
155023984969.44943237304687500000
147320600565.70770263671875000000
136345995551.23423767089843750000
115335806290.21575927734375000000
176554232900.62368774414062500000
112341173016.51272583007812500000
102359062104.16925048828125000000
170285716844.77746582031250000000
258778710285.44534301757812500000
316327308973.57891845703125000000
105353695377.87228393554687500000
120709745585.83300781250000000000
169780350118.48052978515625000000
156306021809.38934326171875000000
164284822390.39465332031250000000
136461038807.55253601074218750000
105195497118.28390502929687500000
168978800581.00531005859375000000
104355484286.63793945312500000000
127026057724.93591308593750000000
120605909181.36441040039062500000
92136644066.79522705078125000000
123697486134.17065429687500000000
133564519126.02618408203125000000
95371584465.52880859375000000000
99567554817.97158813476562500000
169290189116.69158935546875000000
123760469132.69374084472656250000
95371584465.52880859375000000000
114337595198.98141479492187500000
132804500386.81683349609375000000
130448040974.87725830078125000000
113568918082.26599121093750000000
365951927310.47882080078125000000
128811656021.87944030761718750000
236873920702.17120361328125000000
185476564445.04824829101562500000
135799133660.51986694335937500000
105353695377.87228393554687500000
136593047304.90782165527343750000
122922199712.78771972656250000000
130141189110.72427368164062500000
153306289295.58248901367187500000
152312550476.26226806640625000000
134596081949.75453186035156250000
98366217739.23185729980468750000
99364428830.46620178222656250000
133105976039.84616088867187500000
115335806290.21575927734375000000
119760396116.00942993164062500000
134804046294.50988769531250000000
144229410941.27145385742187500000
180838105631.03524780273437500000
128066862423.79043579101562500000
121824134510.64157104492187500000
126316128293.79357910156250000000
151695467596.20697021484375000000
195011226492.15368652343750000000
108348328651.57531738281250000000
185806021809.38934326171875000000
192220712961.17657470703125000000
142338946579.41015625000000000000
183133927957.48284912109375000000
106167008690.72505187988281250000
98189866946.35821533203125000000
109824656921.22113037109375000000
127509706319.92288208007812500000
120825967292.00466918945312500000
141581769514.79260253906250000000
123706174737.67568969726562500000
113339384107.74707031250000000000
109613420072.61329650878906250000
197741293693.96658325195312500000
160816084421.19613647460937500000
303278327690.62194824218750000000
105353695377.87228393554687500000
171741293693.96658325195312500000
154266038848.35528564453125000000
236072010181.48236083984375000000
127813444930.64509582519531250000
246332377548.41491699218750000000
118596081949.75453186035156250000
158976564445.04824829101562500000
101360851012.93490600585937500000
121901392746.50750732421875000000
156702109775.66467285156250000000
128312550476.26226806640625000000
124319706111.32489013671875000000
98366217739.23185729980468750000
117332228472.68444824218750000000
254213957158.02215576171875000000
132881525365.04052734375000000000
231290281635.39639282226562500000
140647777921.49426269531250000000
109346539742.80967712402343750000
109346539742.80967712402343750000
339955429513.28204345703125000000
140790189116.69158935546875000000
111711038807.55253601074218750000
134478682696.65811157226562500000
139816084421.19613647460937500000
119558172223.07577514648437500000
180746740848.59826660156250000000
162618997007.97167968750000000000
115368918082.26599121093750000000
120160300282.85385131835937500000
112705221508.18510437011718750000
111162536418.81091308593750000000
137474754846.97946166992187500000
123689752961.37782287597656250000
169651945513.84051513671875000000
104293018866.57376098632812500000
109346539742.80967712402343750000
116647096179.94871520996093750000
173274088937.80072021484375000000
115038358479.78141784667968750000
116211038807.55253601074218750000
108348328651.57531738281250000000
157804232900.62368774414062500000
191671438964.36859130859375000000
161300028114.90270996093750000000
118538554841.51843261718750000000
112100758677.52139282226562500000
105353695377.87228393554687500000
106351906469.10662841796875000000
165071821015.61322021484375000000
104355484286.63793945312500000000
117850758677.52139282226562500000
176806838424.07452392578125000000
152891189110.72427368164062500000
234072010181.48236083984375000000
109346539742.80967712402343750000
125391189110.72427368164062500000
112453989018.03878784179687500000
103642344950.44165039062500000000
116830333589.58757019042968750000
100706174737.67568969726562500000
135799133660.51986694335937500000
150168528944.82720947265625000000
112167455917.91647338867187500000
155770903860.93139648437500000000
116522973389.27163696289062500000
97368006647.99751281738281250000
111342961925.27836608886718750000
274314786612.21932983398437500000
118153989018.03878784179687500000
154309867113.11380004882812500000
144656365108.63024902343750000000
167720712961.17657470703125000000
107831827243.39472961425781250000
114403215883.82406616210937500000
100953133815.94976806640625000000
110344750834.04402160644531250000
150273194483.41790771484375000000
113578540491.35549926757812500000
155305394841.19964599609375000000
98066055831.50109863281250000000
128833052730.91136169433593750000
109716189110.72427368164062500000
106761965974.72213745117187500000
110913114655.03051757812500000000
100106533613.02487182617187500000
122477870085.30334472656250000000
188413601489.05670166015625000000
143908177310.47882080078125000000
95101349949.14816284179687500000
158654291125.61874389648437500000
107002138213.99871826171875000000
291772180208.13104248046875000000
110235538199.31613159179687500000
160014685375.97357177734375000000
195453989018.03878784179687500000
119505976039.84616088867187500000
113339384107.74707031250000000000
114337595198.98141479492187500000
126430333589.58757019042968750000
98631381181.49789428710937500000
110399860579.27764892578125000000
127095043979.77633666992187500000
135300028114.90269470214843750000
143322389474.47335815429687500000
140411229123.08963012695312500000
110344750834.04402160644531250000
103357273195.40359497070312500000
180265144393.97247314453125000000
114941762194.78553771972656250000
151903989018.03878784179687500000
113339384107.74707031250000000000
212313743082.10604858398437500000
110242613037.34704589843750000000
99364428830.46620178222656250000
170290189116.69158935546875000000
145733690099.61541748046875000000
134301817023.66835021972656250000
106960173478.55993652343750000000
107265041221.53051757812500000000
150556081892.47528076171875000000
133194270466.08410644531250000000
139292872479.84008789062500000000
106203133815.94976806640625000000
107040185595.99148559570312500000
104453193153.36199951171875000000
116243369431.82644653320312500000
589842139592.37036132812500000000
102359062104.16925048828125000000
105353695377.87228393554687500000
100362639921.70056152343750000000
104355484286.63793945312500000000
114453193153.36199951171875000000
130576125096.70420837402343750000
133168601657.05749511718750000000
164248149760.69876098632812500000
244371068354.69696044921875000000
192330439563.91879272460937500000
179110668979.77633666992187500000
104016189110.72427368164062500000
123544102244.27110290527343750000
131311807484.36486816406250000000
114273984969.44943237304687500000
139947486134.17065429687500000000
177467380199.23080444335937500000
102359062104.16925048828125000000
121021496153.58613586425781250000
327844155230.21014404296875000000
131806289295.58248901367187500000
178514837437.62509155273437500000
116334017381.45010375976562500000
140790189116.69158935546875000000
159308972658.73095703125000000000
115335806290.21575927734375000000
333638825279.69152832031250000000
109904772297.70191955566406250000
260324625610.43041992187500000000
166945852462.68878173828125000000
128770055088.19158935546875000000
130488415965.62069702148437500000
111952063027.51826477050781250000
165619338424.07449340820312500000
144283927936.01184082031250000000
104159431311.47425842285156250000
110571877000.81703186035156250000
138533495551.23425292968750000000
105353695377.87228393554687500000
142233690099.61541748046875000000
113207022784.89898681640625000000
99054291125.61874389648437500000
152079050213.25836181640625000000
156689866946.35821533203125000000
196060148735.68179321289062500000
156660148735.68179321289062500000
122696821015.61323547363281250000
122238089631.29272460937500000000
119258352462.68876647949218750000
137101349949.14816284179687500000
221310165264.57473754882812500000
103306608229.39501953125000000000
166845995551.23425292968750000000
107932679399.77203369140625000000
129008045226.82406616210937500000
104355484286.63793945312500000000
156068476504.42736816406250000000
105258352462.68876647949218750000
160754410941.37854003906250000000
120326861746.38748168945312500000
110648200279.69152832031250000000
164298239206.13705444335937500000
108817963373.76925659179687500000
125870594555.36213684082031250000
174918354634.49108886718750000000
109924879360.91287231445312500000
128450226406.71569824218750000000
171336566451.65750122070312500000
132689752961.37782287597656250000
141529880199.23080444335937500000
111952063027.51826477050781250000
180747096179.94873046875000000000
125413601489.05671691894531250000
124676452262.84565734863281250000
228762867163.01892089843750000000
104334420736.04408264160156250000
163556838424.07452392578125000000
106559431311.47425842285156250000
101684898141.93101501464843750000
174277666755.33203125000000000000
100706174737.67568969726562500000
132297695147.92587280273437500000
164068476504.42736816406250000000
102450226406.71569824218750000000
114337595198.98141479492187500000
556812262973.06774902343750000000
160754410941.37854003906250000000
125342380199.23080444335937500000
108348328651.57531738281250000000
112704772297.70191955566406250000
120326861746.38748168945312500000
194453989018.03878784179687500000
109345116658.25466918945312500000
99364428830.46620178222656250000
132689866946.35821533203125000000
200325072837.62182617187500000000
108936644066.79522705078125000000
108348328651.57531738281250000000
113339384107.74707031250000000000
192060148735.68179321289062500000
209929533829.68557739257812500000
101030761713.85404968261718750000
106578515163.20761108398437500000
96791281120.65441894531250000000
99364428830.46620178222656250000
110344750834.04402160644531250000
127489757647.19493103027343750000
369722683759.85003662109375000000
157311656021.87945556640625000000
122328540491.35549926757812500000
104355484286.63793945312500000000
143285716844.77746582031250000000
174092775896.87396240234375000000
114836678412.13365173339843750000
155967380199.23080444335937500000
187720712961.17657470703125000000
107350117560.34097290039062500000
100362639921.70056152343750000000
152760469132.69372558593750000000
121783702890.32464599609375000000
113695497118.28390502929687500000
156984614534.49368286132812500000
177419608996.15252685546875000000
478231329049.11059570312500000000
102359062104.16925048828125000000
138213825867.75213623046875000000
105353695377.87228393554687500000
110940651636.11610412597656250000
126194270466.08410644531250000000
98066055831.50109863281250000000
406538601489.05670166015625000000
200306838424.07452392578125000000
143213060472.37506103515625000000
102359062104.16925048828125000000
166290189116.69158935546875000000
122238089631.29272460937500000000
120524179516.73460388183593750000
127399171952.63595581054687500000
101166189110.72427368164062500000
129588540932.16822814941406250000
193568476504.42736816406250000000
122323283928.85618591308593750000
118917975000.42677307128906250000
165593047304.90783691406250000000
513322772812.06597900390625000000
116892425344.18804931640625000000
126316128293.79357910156250000000
189751727578.23007202148437500000
117491953251.02323913574218750000
139576125096.70422363281250000000
150319706111.32489013671875000000
188751727578.23007202148437500000
497625070527.59808349609375000000
114967514064.07827758789062500000
100362639921.70056152343750000000
169453989018.03878784179687500000
117169378779.59347534179687500000
112341173016.51272583007812500000
272441036455.29916381835937500000
110344750834.04402160644531250000
257682988111.92816162109375000000
97770004524.90974426269531250000
184334911835.83294677734375000000
124319706111.32489013671875000000
145838105631.03524780273437500000
109877587959.55265808105468750000
109346539742.80967712402343750000
140790189116.69158935546875000000
111116893073.38235473632812500000
103357273195.40359497070312500000
113523200279.69152832031250000000
233096200496.35223388671875000000
115335806290.21575927734375000000
114105778663.75762939453125000000
149401945513.84051513671875000000
106351906469.10662841796875000000
155553989018.03878784179687500000
105502587959.55265808105468750000
138336940632.29226684570312500000
107948408772.67758178710937500000
147278561209.71487426757812500000
94113114655.03051757812500000000
106960173478.55993652343750000000
149274983392.18356323242187500000
229302711478.05117797851562500000
344630489890.70458984375000000000
204729366218.65942382812500000000
108228004184.49346923828125000000
99364428830.46620178222656250000
109346539742.80967712402343750000
117864152800.83734130859375000000
148174259844.05868530273437500000
135124879360.91287231445312500000
136797344751.75421142578125000000
112176452262.84565734863281250000
342614866946.35821533203125000000
112729410941.27145385742187500000
251696872362.91851806640625000000
106633696738.06700134277343750000
105971938184.44229125976562500000
107350117560.34097290039062500000
168516040491.35549926757812500000
102359062104.16925048828125000000
210320004262.78582763671875000000
121325072837.62184143066406250000
117332228472.68444824218750000000
137437570527.59808349609375000000
153311656021.87945556640625000000
115854291125.61874389648437500000
105353695377.87228393554687500000
106960173478.55993652343750000000
101684898141.93101501464843750000
359132709241.91522216796875000000
265075286584.35656738281250000000
166298038199.31613159179687500000
112341173016.51272583007812500000
108971438964.36859130859375000000
160601349949.14816284179687500000
120354237194.26473999023437500000
118493335464.72624206542968750000
175774983392.18356323242187500000
101360851012.93490600585937500000
149812981827.61968994140625000000
112341173016.51272583007812500000
111342961925.27836608886718750000
104355484286.63793945312500000000
256646771660.31359863281250000000
196573385830.15679931640625000000
100706174737.67568969726562500000
105353695377.87228393554687500000
110184092010.85473632812500000000
106133352462.68876647949218750000
161248782160.55960083007812500000
90160173478.55993652343750000000
142956800744.52835083007812500000
114164325327.57656860351562500000
124633045226.82406616210937500000
162952063027.51824951171875000000
166004772297.70190429687500000000
140086045446.26013183593750000000
189334017381.45010375976562500000
96369795556.76315307617187500000
109360538199.31613159179687500000
106351906469.10662841796875000000
285310165264.57470703125000000000
106833052730.91136169433593750000
148322389474.47335815429687500000
178052756770.73217773437500000000
108571877000.81703186035156250000
132514685375.97357177734375000000
102359062104.16925048828125000000
107433696738.06700134277343750000
115439866946.35821533203125000000
153668018866.57376098632812500000
114476251689.00785827636718750000
154242613037.34704589843750000000
164293766934.22290039062500000000
142456800744.52835083007812500000
121153215883.82406616210937500000
101559092010.85473632812500000000
116568528944.82720947265625000000
191085669559.17379760742187500000
109225758677.52139282226562500000
113339384107.74707031250000000000
160418434894.31625366210937500000
191616893073.38235473632812500000
118682832258.28749084472656250000
118417719340.50611877441406250000
123204068920.20538330078125000000
149422236305.00805664062500000000
118560996037.30937194824218750000
141384706319.92288208007812500000
139533944265.93518066406250000000
1148782106023.84716796875000000000
97077820537.38345336914062500000
114017425344.18804931640625000000
98366217739.23185729980468750000
414402147566.41027832031250000000
139292872479.84008789062500000000
104355484286.63793945312500000000
2654981719018.13476562500000000000
146056021809.38934326171875000000
103995467596.20698547363281250000
96089585243.26580810546875000000
110344750834.04402160644531250000
105221293796.74902343750000000000
106351906469.10662841796875000000
107350117560.34097290039062500000
107948408772.67758178710937500000
167693881181.49789428710937500000
128370594555.36213684082031250000
130808078204.34814453125000000000
101361200684.75558471679687500000
107557238567.46293640136718750000
170286611299.16030883789062500000
108348328651.57531738281250000000
131713825867.75213623046875000000
202883045226.82406616210937500000
109055207598.83489990234375000000
168616391027.68106079101562500000
154247096179.94873046875000000000
152900115381.04257202148437500000
123647012151.76638793945312500000
113339384107.74707031250000000000
114337595198.98141479492187500000
111342961925.27836608886718750000
103066189110.72427368164062500000
108560996037.30938720703125000000
120940651636.11608886718750000000
160300028114.90270996093750000000
189675936282.45947265625000000000
109346539742.80967712402343750000
108348328651.57531738281250000000
107350117560.34097290039062500000
116547592759.45327758789062500000
114314350426.51669311523437500000
111774865486.72599792480468750000
93375162283.06011962890625000000
154450226406.71569824218750000000
100362639921.70056152343750000000
153312550476.26226806640625000000
117509745585.83300781250000000000
108256381181.49789428710937500000
134242613037.34704589843750000000
117095043979.77633666992187500000
111342961925.27836608886718750000
134206683668.54418945312500000000
204235627399.33920288085937500000
94113114655.03051757812500000000
167645094558.34579467773437500000
131653815488.57836914062500000000
155554232900.62368774414062500000
224526268516.73211669921875000000
270830897654.45254516601562500000
116334017381.45010375976562500000
103995467596.20698547363281250000
286008465289.30755615234375000000
743401791353.64880371093750000000
98366217739.23185729980468750000
167158495551.23425292968750000000
158300028114.90270996093750000000
148181769514.79260253906250000000
276314488460.75842285156250000000
132305394841.19964599609375000000
105760469132.69374084472656250000
172317888531.87033081054687500000
104983702890.32464599609375000000
118994229919.10906982421875000000
127514837437.62509155273437500000
101360851012.93490600585937500000
466929624102.41088867187500000000
128172199712.78771972656250000000
105093047304.90782165527343750000
162299133660.51986694335937500000
153306289295.58248901367187500000
190945852462.68878173828125000000
131681799778.36399841308593750000
151514837437.62509155273437500000
104293018866.57376098632812500000
137795555842.98855590820312500000
512323283928.85620117187500000000
105299123094.65615844726562500000
153320596777.08605957031250000000
112341173016.51272583007812500000
109179382502.93740844726562500000
318826101460.16210937500000000000
108105778663.75762939453125000000
172741293693.96658325195312500000
118818997007.97169494628906250000
130904772297.70191955566406250000
222465010571.93856811523437500000
105971938184.44229125976562500000
100362639921.70056152343750000000
109179382502.93740844726562500000
109225758677.52139282226562500000
114033495551.23423767089843750000
110020403925.78274536132812500000
105353695377.87228393554687500000
97368006647.99751281738281250000
142635411591.90087890625000000000
150241293693.96658325195312500000
127068881181.49789428710937500000
251802443730.40731811523437500000
159300028114.90270996093750000000
118330439563.91879272460937500000
133771048926.39471435546875000000
358877366946.35821533203125000000
123635411591.90087890625000000000
98366217739.23185729980468750000
153316128293.79357910156250000000
189248782160.55960083007812500000
108256381181.49789428710937500000
434827734904.23736572265625000000
124585669559.17379760742187500000
140953989018.03878784179687500000
109904772297.70191955566406250000
166816527245.94433593750000000000
109346539742.80967712402343750000
109346539742.80967712402343750000
127474681830.29513549804687500000
111689752961.37782287597656250000
111855207598.83489990234375000000
150153815488.57836914062500000000
154823385830.15679931640625000000
131760396116.00942993164062500000
243312730217.26052856445312500000
112341173016.51272583007812500000
420213557092.38519287109375000000
258325520064.81326293945312500000
162899123094.65615844726562500000
188249938669.46441650390625000000
220856754626.21932983398437500000
120187981827.61970520019531250000
99054291125.61874389648437500000
188277820537.38345336914062500000
116691541870.14347839355468750000
119415587368.83784484863281250000
122822389474.47335815429687500000
120617538973.15228271484375000000
164714056202.51202392578125000000
106753989018.03878784179687500000
114345116658.25466918945312500000
107224837048.39193725585937500000
165286611299.16030883789062500000
110756525365.04052734375000000000
106767554817.97158813476562500000
128236200684.75558471679687500000
305638951028.09020996093750000000
119328650655.15313720703125000000
97368006647.99751281738281250000
136318689813.92160034179687500000
116020291593.84649658203125000000
141713060472.37506103515625000000
120906655230.21012878417968750000
115335806290.21575927734375000000
119328650655.15313720703125000000
690325544459.02368164062500000000
102359062104.16925048828125000000
128418918082.26599121093750000000
120439350426.51669311523437500000
108269092377.25485229492187500000
211670899311.32043457031250000000
131478682696.65811157226562500000
129760469132.69374084472656250000
551328750038.97351074218750000000
148206174737.67568969726562500000
114005781962.27124023437500000000
119922199712.78771972656250000000
111399838940.86425781250000000000
120659853055.66244506835937500000
129702109775.66467285156250000000
102359062104.16925048828125000000
147062466139.00970458984375000000
107667455917.91647338867187500000
152302711478.05117797851562500000
159653215883.82406616210937500000
176422236305.00805664062500000000
137437981827.61970520019531250000
109514685375.97357177734375000000
165576125096.70422363281250000000
114077692566.14839172363281250000
96633045226.82406616210937500000
110838105631.03524780273437500000
117316189110.72427368164062500000
109346539742.80967712402343750000
200329050213.25836181640625000000
121563539029.58517456054687500000
161301817023.66833496093750000000
115335806290.21575927734375000000
144627766523.06051635742187500000
112761965974.72213745117187500000
136484614534.49368286132812500000
108159431311.47425842285156250000
162913601489.05670166015625000000
109346539742.80967712402343750000
206052756770.73217773437500000000
146388540932.16821289062500000000
112450855588.73953247070312500000
103306608229.39501953125000000000
113081827243.39472961425781250000
218312252324.80133056640625000000
103873689451.56565856933593750000
137630333589.58758544921875000000
124568528944.82720947265625000000
149610668979.77633666992187500000
98066055831.50109863281250000000
150793018866.57376098632812500000
122594145726.23571777343750000000
115163878100.38516235351562500000
116275095528.11886596679687500000
141773984969.44943237304687500000
108766189110.72427368164062500000
160189752961.37780761718750000000
108883045226.82406616210937500000
129518701126.76936340332031250000
155304500386.81683349609375000000
114492441010.34341430664062500000
206552756770.73217773437500000000
130808078204.34814453125000000000
100362639921.70056152343750000000
149278215883.82406616210937500000
116547592759.45327758789062500000
111110538199.31613159179687500000
104433052730.91136169433593750000
170116391027.68106079101562500000
142786611299.16030883789062500000
196229366218.65942382812500000000
114337595198.98141479492187500000
152838105631.03524780273437500000
99364428830.46620178222656250000
220695467596.20697021484375000000
109346539742.80967712402343750000
121105976039.84616088867187500000
115335806290.21575927734375000000
111952063027.51826477050781250000
147546317009.36340332031250000000
107252587959.55265808105468750000
104355484286.63793945312500000000
115326817873.79005432128906250000
98366217739.23185729980468750000
106351906469.10662841796875000000
137795555842.98855590820312500000
108348328651.57531738281250000000
113059092010.85473632812500000000
103995467596.20698547363281250000
102359062104.16925048828125000000
108348328651.57531738281250000000
424151028481.25915527343750000000
112453989018.03878784179687500000
121668918082.26599121093750000000
114986783475.23930358886718750000
106351906469.10662841796875000000
140205323281.86682128906250000000
128811656021.87944030761718750000
111472132184.48420715332031250000
105353695377.87228393554687500000
109203540491.35549926757812500000
167295555842.98855590820312500000
138922236305.00805664062500000000
242580268155.72338867187500000000
101360851012.93490600585937500000
114337595198.98141479492187500000
281313146779.18414306640625000000
345337774089.85797119140625000000
320719405684.70544433593750000000
127489783205.91967773437500000000
141918918082.26599121093750000000
127687981827.61970520019531250000
160305394841.19964599609375000000
132058172223.07577514648437500000
119608428861.45219421386718750000
179967380199.23080444335937500000
118885969092.22114562988281250000
113671184465.91847229003906250000
146313444930.64508056640625000000
147020293684.41891479492187500000
136834386007.17279052734375000000
113006525365.04052734375000000000
113339384107.74707031250000000000
162288554841.51843261718750000000
129809867113.11380004882812500000
111116893073.38235473632812500000
118825923419.40722656250000000000
125985538199.31613159179687500000
110344750834.04402160644531250000
106351906469.10662841796875000000
107350117560.34097290039062500000
137056081892.47528076171875000000
112341173016.51272583007812500000
223971167053.48352050781250000000
108348328651.57531738281250000000
240588866379.45437622070312500000
102981533613.02487182617187500000
135523984969.44943237304687500000
120594145726.23571777343750000000
97077820537.38345336914062500000
168190651636.11608886718750000000
179769616665.88659667968750000000
159670899311.32043457031250000000
123219341736.58955383300781250000
174765144393.97247314453125000000
140354829486.91946411132812500000
149817888531.87033081054687500000
523967134909.91650390625000000000
117332228472.68444824218750000000
132305394841.19964599609375000000
130776751853.29539489746093750000
142751850426.51669311523437500000
223596200496.35223388671875000000
135311807484.36486816406250000000
159009755335.21057128906250000000
135618997007.97169494628906250000
106203133815.94976806640625000000
116164325327.57656860351562500000
124815746139.30104064941406250000
99345116658.25466918945312500000
167291083571.07443237304687500000
144967514064.07827758789062500000
95371584465.52880859375000000000
102359062104.16925048828125000000
173283033481.62899780273437500000
216370735586.87207031250000000000
143436721754.85824584960937500000
120795467596.20698547363281250000
116240871053.00546264648437500000
115335806290.21575927734375000000
103357273195.40359497070312500000
104533303178.13854980468750000000
136952063027.51826477050781250000
159647012151.76638793945312500000
134062730217.26052856445312500000
106351906469.10662841796875000000
980328113982.52343750000000000000
125028830451.61723327636718750000
141054291125.61874389648437500000
109689866946.35821533203125000000
202235627399.33920288085937500000
152105778663.75762939453125000000
173278561209.71487426757812500000
113997807736.64038085937500000000
137418434894.31625366210937500000
207596200496.35223388671875000000
112020903860.93141174316406250000
122822389474.47335815429687500000
537553482441.43774414062500000000
196134046865.89746093750000000000
116547592759.45327758789062500000
120326861746.38748168945312500000
151736200684.75558471679687500000
134270293684.41891479492187500000
109666651589.06927490234375000000
120191840021.60441589355468750000
117894329370.64271545410156250000
149400195757.12377929687500000000
257803891027.68106079101562500000
97253989018.03878784179687500000
192248149760.69876098632812500000
140165871053.00543212890625000000
1676191827267.03808593750000000000
199383045226.82406616210937500000
102359062104.16925048828125000000
107948408772.67758178710937500000
176455751312.67932128906250000000
105353695377.87228393554687500000
144326861746.38748168945312500000
122195497118.28390502929687500000
120632640348.77682495117187500000
105353695377.87228393554687500000
103357273195.40359497070312500000
146336566451.65750122070312500000
146544557647.80230712890625000000
107350117560.34097290039062500000
112283495551.23423767089843750000
168619338424.07449340820312500000
111116893073.38235473632812500000
160300028114.90270996093750000000
168554291125.61874389648437500000
130808078204.34814453125000000000
119047096179.94871520996093750000
134660148735.68179321289062500000
151308078204.34814453125000000000
109346539742.80967712402343750000
1390829649403.62402343750000000000
445304925344.18811035156250000000
126018701126.76936340332031250000
145914525106.62918090820312500000
109346539742.80967712402343750000
101360851012.93490600585937500000
151313444930.64508056640625000000
187554046294.50988769531250000000
114899123094.65615844726562500000
127521595537.40644836425781250000
101360851012.93490600585937500000
156303605932.43402099609375000000
162247096179.94873046875000000000
113516189110.72427368164062500000
119868918082.26599121093750000000
357333182557.35949707031250000000
116759755335.21057128906250000000
106351906469.10662841796875000000
145314519126.02618408203125000000
112665219781.95939636230468750000
121271374971.54382324218750000000
137897664099.37780761718750000000
154918918082.26599121093750000000
191413601489.05670166015625000000
111773434138.08226013183593750000
108202109775.66467285156250000000
254829050213.25836181640625000000
108348328651.57531738281250000000
302775560472.37506103515625000000
105353695377.87228393554687500000
112111200684.75558471679687500000
123820600565.70770263671875000000
176338105631.03524780273437500000
126316128293.79357910156250000000
1712642527604.36376953125000000000
163897664099.37780761718750000000
135726564445.04824829101562500000
103357273195.40359497070312500000
203321793171.55148315429687500000
97368006647.99751281738281250000
121453540491.35549926757812500000
116002587959.55265808105468750000
101487263443.75273132324218750000
113695497118.28390502929687500000
112341173016.51272583007812500000
115798216873.67210388183593750000
138793766934.22290039062500000000
192333303178.13854980468750000000
162630333589.58758544921875000000
147219341736.58953857421875000000
471333761823.05499267578125000000
140193881181.49789428710937500000
135300028114.90269470214843750000
109346539742.80967712402343750000
195164230987.78588867187500000000
119021496153.58613586425781250000
112751052673.83944702148437500000
108348328651.57531738281250000000
106256525365.04052734375000000000
130308972658.73095703125000000000
147777666755.33203125000000000000
98366217739.23185729980468750000
226760985068.83761596679687500000
173969341736.58953857421875000000
115622417979.34597778320312500000
130376152332.64161682128906250000
117660300282.85385131835937500000
115303989018.03878784179687500000
103066189110.72427368164062500000
127771771660.31359863281250000000
167292872479.84008789062500000000
163023421292.88598632812500000000
159618997007.97167968750000000000
139156365108.63024902343750000000
212169283334.18688964843750000000
97368006647.99751281738281250000
141054291125.61874389648437500000
156168601657.05749511718750000000
100362639921.70056152343750000000
112913601489.05671691894531250000
130723578278.68563842773437500000
162058172223.07577514648437500000
115783495551.23423767089843750000
139855110907.88845825195312500000
104453133815.94976806640625000000
126043014437.92575073242187500000
118330439563.91879272460937500000
309233207291.05981445312500000000
123697486134.17065429687500000000
122269955704.37126159667968750000
138316527245.94433593750000000000
166533495551.23425292968750000000
118330439563.91879272460937500000
126770291593.84649658203125000000
144616391027.68106079101562500000
121224838889.74244689941406250000
104621068354.69697570800781250000
112079856036.34532165527343750000
125563539029.58517456054687500000
115798216873.67210388183593750000
122189350426.51669311523437500000
110344750834.04402160644531250000
115335806290.21575927734375000000
118998647698.81655883789062500000
112341173016.51272583007812500000
191788554841.51843261718750000000
110913114655.03051757812500000000
140790189116.69158935546875000000
166713060472.37506103515625000000
139690651636.11608886718750000000
161116893073.38235473632812500000
110344750834.04402160644531250000
100362639921.70056152343750000000
170953989018.03878784179687500000
109514685375.97357177734375000000
93375162283.06011962890625000000
119532238020.69384765625000000000
172774983392.18356323242187500000
107350117560.34097290039062500000
130936622371.03793334960937500000
122771938184.44229125976562500000
220807630977.15673828125000000000
235290698726.64959716796875000000
158642526419.73638916015625000000
179160148735.68179321289062500000
104077692566.14839172363281250000
105353695377.87228393554687500000
109346539742.80967712402343750000
205771938184.44229125976562500000
126322792829.06733703613281250000
106866189110.72427368164062500000
116334017381.45010375976562500000
200262867163.01892089843750000000
510804905020.94238281250000000000
106203133815.94976806640625000000
113516189110.72427368164062500000
199328948806.61407470703125000000
4808219396840.38476562500000000000
259561211777.34823608398437500000
174729366218.65942382812500000000
128724837048.39193725585937500000
114829948464.12994384765625000000
124319706111.32489013671875000000
100706174737.67568969726562500000
100106533613.02487182617187500000
118153989018.03878784179687500000
110344750834.04402160644531250000
101030761713.85404968261718750000
135618997007.97169494628906250000
111952063027.51826477050781250000
113544102244.27110290527343750000
124824627027.29992675781250000000
160447486134.17065429687500000000
129553989018.03878784179687500000
108360792516.13830566406250000000
109346539742.80967712402343750000
234637379627.84320068359375000000
484206176195.59753417968750000000
105099755894.48989868164062500000
197327756200.77032470703125000000
165532238020.69384765625000000000
157734726079.84085083007812500000
344104230899.74365234375000000000
181778215883.82406616210937500000
133105909181.36441040039062500000
102018997007.97169494628906250000
221388540932.16821289062500000000
138842526419.73638916015625000000
106351906469.10662841796875000000
133318689813.92160034179687500000
113875139950.59518432617187500000
249067888531.87033081054687500000
170967514064.07827758789062500000
107350117560.34097290039062500000
483198291261.42932128906250000000
136491953251.02323913574218750000
111353737259.11607360839843750000
151770511120.26940917968750000000
104233696738.06700134277343750000
113042818999.30828857421875000000
118761965974.72213745117187500000
111919608996.15254211425781250000
125793018866.57376098632812500000
112341173016.51272583007812500000
167773984969.44943237304687500000
116403327690.62191772460937500000
118388540932.16822814941406250000
111187570527.59808349609375000000
108202109775.66467285156250000000
160493369431.82644653320312500000
105353695377.87228393554687500000
114733529090.45710754394531250000
122822792829.06733703613281250000
104355484286.63793945312500000000
115178449991.58801269531250000000
118289084646.01266479492187500000
175044557647.80230712890625000000
171235627399.33920288085937500000
233229415283.08789062500000000000
111342961925.27836608886718750000
129447096179.94871520996093750000
127990204874.38635253906250000000
119760396116.00942993164062500000
156105909181.36441040039062500000
117203989018.03878784179687500000
114524179516.73460388183593750000
152450226406.71569824218750000000
110922973389.27163696289062500000
126038554841.51843261718750000000
413173291411.74731445312500000000
119321874265.50155639648437500000
162213060472.37506103515625000000
110344750834.04402160644531250000
104355484286.63793945312500000000
287447010181.48236083984375000000
102833052730.91136169433593750000
152317022748.17639160156250000000
183170899311.32043457031250000000
128360668979.77633666992187500000
118494229919.10906982421875000000
116334017381.45010375976562500000
315823114655.03051757812500000000
104242613037.34704589843750000000
109346539742.80967712402343750000
112341173016.51272583007812500000
179900115381.04257202148437500000
123153327690.62191772460937500000
137058172223.07577514648437500000
584161670363.92333984375000000000
124319706111.32489013671875000000
158760396116.00942993164062500000
159209745585.83300781250000000000
101360851012.93490600585937500000
143925936282.45947265625000000000
117711038807.55253601074218750000
121188540932.16822814941406250000
243865075439.34423828125000000000
127813444930.64509582519531250000
103357273195.40359497070312500000
111769092377.25485229492187500000
163299133660.51986694335937500000
156308078204.34814453125000000000
94373373374.29446411132812500000
167288400207.92596435546875000000
136298239206.13705444335937500000
117260812392.90237426757812500000
146319706111.32489013671875000000
103357273195.40359497070312500000
142571821015.61322021484375000000
111342961925.27836608886718750000
120258045226.82406616210937500000
232589115295.60458374023437500000
267819258884.13348388671875000000
120326861746.38748168945312500000
121233193912.61099243164062500000
108028830451.61723327636718750000
189277820537.38345336914062500000
103357273195.40359497070312500000
154307183749.96530151367187500000
135351052901.74752807617187500000
121331827243.39472961425781250000
91481533613.02487182617187500000
131806289295.58248901367187500000
113339384107.74707031250000000000
143623147111.60293579101562500000
150311656021.87945556640625000000
118809092010.85473632812500000000
92565746139.30104064941406250000
98429382502.93740844726562500000
136396085492.64970397949218750000
98366217739.23185729980468750000
1392196806712.59692382812500000000
348387284062.45294189453125000000
159301817023.66833496093750000000
240790934495.34396362304687500000
175383045226.82406616210937500000
120825967292.00466918945312500000
163249938669.46441650390625000000
210746740848.59826660156250000000
1208847591738.29492187500000000000
102359062104.16925048828125000000
108202109775.66467285156250000000
146783702890.32464599609375000000
318417963373.76928710937500000000
172388540932.16821289062500000000
128403327690.62191772460937500000
104190537403.29357910156250000000
103995467596.20698547363281250000
103995467596.20698547363281250000
109689866946.35821533203125000000
107948408772.67758178710937500000
109525173354.93775939941406250000
136649171952.63595581054687500000
167836566451.65750122070312500000
129105778663.75762939453125000000
120605909181.36441040039062500000
176175186824.12500000000000000000
124946821015.61323547363281250000
161295555842.98855590820312500000
146248782160.55960083007812500000
112729410941.27145385742187500000
113339384107.74707031250000000000
160599837048.39193725585937500000
102359062104.16925048828125000000
148080074181.93161010742187500000
103939866946.35821533203125000000
109689866946.35821533203125000000
133627766523.06051635742187500000
111342961925.27836608886718750000
134151355739.02558898925781250000
346812863535.29626464843750000000
167408177310.47882080078125000000
106371691813.11474609375000000000
110344750834.04402160644531250000
111329948464.12994384765625000000
105353695377.87228393554687500000
122205323281.86682128906250000000
130521874265.50155639648437500000
102359062104.16925048828125000000
122903989018.03878784179687500000
121320320032.18054199218750000000
110153930110.41940307617187500000
124652250193.40841674804687500000
105353695377.87228393554687500000
164836940632.29226684570312500000
135300028114.90269470214843750000
147309867113.11380004882812500000
128868322033.39761352539062500000
109346539742.80967712402343750000
122323283928.85618591308593750000
111342961925.27836608886718750000
106351906469.10662841796875000000
165181769514.79260253906250000000
103475758677.52139282226562500000
115387025801.50549316406250000000
165073385830.15679931640625000000
103939866946.35821533203125000000
108936644066.79522705078125000000
116334017381.45010375976562500000
132794557647.80229187011718750000
109865774577.63510131835937500000
112341173016.51272583007812500000
168585669559.17379760742187500000
111342961925.27836608886718750000
188052756770.73217773437500000000
123820600565.70770263671875000000
102595741151.54702758789062500000
154765144393.97247314453125000000
113088473412.02832031250000000000
184181504104.29174804687500000000
116499123094.65615844726562500000
110921874265.50155639648437500000
232859391058.26922607421875000000
141788400207.92596435546875000000
153311656021.87945556640625000000
125174259844.05868530273437500000
129723578278.68563842773437500000
107350117560.34097290039062500000
221780489890.70458984375000000000
160354829486.91946411132812500000
