80685990446.89556884765625000000
114491600659.61778259277343750000
75881696577.55523681640625000000
74205445227.99932861328125000000
118669750361.72311401367187500000
115004010846.61434936523437500000
80571737375.24249267578125000000
71701830415.93688964843750000000
228507626680.43237304687500000000
106434419594.65988159179687500000
83673458361.32958984375000000000
122349317368.21118164062500000000
165295037766.99865722656250000000
101181231428.06298828125000000000
80575951326.70693969726562500000
205708929923.26544189453125000000
100474625929.10673522949218750000
144583499064.79135131835937500000
113890201937.53562927246093750000
100980942938.40127563476562500000
81175193098.44485473632812500000
79484709637.73596191406250000000
174799329411.64617919921875000000
124698985657.37341308593750000000
203063414956.00158691406250000000
81133826992.72610473632812500000
96207686746.34936523437500000000
288090053316.28240966796875000000
143882975041.03372192382812500000
166756025041.52603149414062500000
131060160500.23776245117187500000
86183930288.10443115234375000000
168949847151.76812744140625000000
84951894253.43084716796875000000
80335817365.80941772460937500000
197504271629.97198486328125000000
106265080813.01086425781250000000
82891111087.06298828125000000000
98643011855.47296142578125000000
76811518347.72851562500000000000
120753937532.17617797851562500000
113132854892.02598571777343750000
154530702529.95227050781250000000
136352877225.50430297851562500000
83365268465.42192077636718750000
76524341085.23214721679687500000
95688213049.00866699218750000000
106840734854.44920349121093750000
89759183852.48982238769531250000
68401773101.35337066650390625000
133495618157.31604003906250000000
140224491850.24902343750000000000
219876468631.13818359375000000000
77764420868.08319091796875000000
116599573099.25314331054687500000
199935672198.33001708984375000000
103632580387.23384094238281250000
103901091036.20782470703125000000
106120601313.27880859375000000000
129568555834.39279174804687500000
80517950443.61354064941406250000
72033513371.69656372070312500000
98709572527.32577514648437500000
77390827578.53790283203125000000
108879872641.49320983886718750000
69228270061.32078552246093750000
90469850232.73564147949218750000
70996386186.62979125976562500000
153628016341.68405151367187500000
103094047163.93435668945312500000
98571280729.64620971679687500000
99298807158.30076599121093750000
84674828360.65789794921875000000
115459859153.52598571777343750000
73079458631.94372558593750000000
129041940771.02719116210937500000
72331060544.24032592773437500000
145805601575.24676513671875000000
91747788209.71302795410156250000
120436135575.93107604980468750000
102052076679.34419250488281250000
124522266326.17834472656250000000
144841249264.17279052734375000000
101579377762.62464904785156250000
82728933656.27928161621093750000
80024504445.17263793945312500000
255796948111.67254638671875000000
283444578607.01733398437500000000
96255808889.82655334472656250000
122483561602.65457153320312500000
141281164088.48489379882812500000
100857773599.09857177734375000000
106672804111.24743652343750000000
97757413269.20980834960937500000
113010344288.79464721679687500000
90055079531.05120849609375000000
70083890822.81152343750000000000
158193345104.53573608398437500000
143711733702.65838623046875000000
142879788089.63693237304687500000
127605385039.92710876464843750000
78840241459.87390136718750000000
159888745915.38671875000000000000
65299187231.47639465332031250000
80675090190.13606262207031250000
72718906385.83288574218750000000
149159943294.37384033203125000000
73002587170.76257324218750000000
124955354491.82449340820312500000
122108879701.44920349121093750000
80417987268.96484375000000000000
103084661472.12451171875000000000
130254179601.06909179687500000000
79515370451.32606506347656250000
155529083414.98742675781250000000
133501803879.50430297851562500000
85914885593.62968444824218750000
183185242348.67645263671875000000
66447353568.38018798828125000000
162070695304.75164794921875000000
96639382705.75378417968750000000
372148010527.18194580078125000000
110516787906.52479553222656250000
119468989853.31872558593750000000
166014152230.80462646484375000000
80742780338.72282409667968750000
118071832744.13671875000000000000
153825958835.11743164062500000000
108528343441.50866699218750000000
204487485775.38394165039062500000
295557952485.51104736328125000000
79836581968.50228881835937500000
174468291925.97622680664062500000
75959410172.36354064941406250000
98233988701.60781860351562500000
134203038933.32455444335937500000
391019923016.32867431640625000000
120646684179.17306518554687500000
65881140094.95810699462890625000
215533162904.53579711914062500000
98316220910.76663208007812500000
78801589211.56234741210937500000
84946616312.80618286132812500000
110840842916.09397888183593750000
284215485050.76135253906250000000
70869493890.97908020019531250000
103359672110.59678649902343750000
137638333780.51361083984375000000
86608068002.55523681640625000000
83566164529.43615722656250000000
93183233896.84783935546875000000
141107848006.43692016601562500000
105688992009.90994262695312500000
224911103014.07934570312500000000
80704997753.71484375000000000000
77557560959.04133605957031250000
75236203658.58816528320312500000
102032203098.61778259277343750000
134569253883.88784790039062500000
108035274474.15489196777343750000
81258215354.75749206542968750000
215047779418.61047363281250000000
195629270984.45095825195312500000
72030702413.32078552246093750000
92893694479.96444702148437500000
122194678441.03479003906250000000
135355428520.27363586425781250000
88297003146.47460937500000000000
480281609164.39544677734375000000
156727466847.13980102539062500000
95460009936.46563720703125000000
143209700203.34088134765625000000
86942426348.76193237304687500000
77762022154.33236694335937500000
99602176059.48461914062500000000
107700135213.15031433105468750000
247385952875.16381835937500000000
110998786869.81884765625000000000
217679502395.45025634765625000000
86918664553.95671081542968750000
108491821002.41557312011718750000
243320826676.36703491210937500000
99786369315.40289306640625000000
107317153787.06799316406250000000
93976296318.65489196777343750000
76596791079.24548339843750000000
76869540658.11059570312500000000
106151196455.01095581054687500000
59424462322.91911315917968750000
85453119004.72875976562500000000
115777696579.95227050781250000000
61390831074.97389984130859375000
111044096099.80220031738281250000
93063672838.56884765625000000000
85458433345.55142211914062500000
108871056488.98811340332031250000
117480608808.04234313964843750000
73939419254.37310791015625000000
97017329051.93615722656250000000
84527144574.60443115234375000000
79015961243.54373168945312500000
158271763037.17892456054687500000
69761003706.27328491210937500000
117248554973.43696594238281250000
155186974205.05761718750000000000
84417835050.69865417480468750000
68435885178.53632354736328125000
118728026951.96774291992187500000
71201500415.14590454101562500000
91748243989.15988159179687500000
81233035779.95593261718750000000
322740164186.27630615234375000000
264117859407.65786743164062500000
85705971007.87051391601562500000
109228709718.96444702148437500000
72410215565.44409179687500000000
109359967574.09646606445312500000
74632877324.48495483398437500000
76990316468.07191467285156250000
102158422880.08078002929687500000
86676637386.06562805175781250000
212428968440.40359497070312500000
64822786847.13099670410156250000
143106974381.76950073242187500000
129823580510.98545837402343750000
182927652441.86779785156250000000
163160806588.48498535156250000000
82261297055.93011474609375000000
76289992185.59324645996093750000
106438706991.37948608398437500000
270285082667.74865722656250000000
85460649692.06298828125000000000
159552213008.53573608398437500000
76284675740.33377075195312500000
397033000322.21234130859375000000
119260030912.43472290039062500000
66422332354.82968139648437500000
103505667481.49548339843750000000
77440534080.07243347167968750000
119313187572.00430297851562500000
72378620797.88647460937500000000
78142020720.53643798828125000000
202039488039.19921875000000000000
114553334284.84957885742187500000
175912049554.27191162109375000000
79946411346.11354064941406250000
70418040996.62979125976562500000
75340659125.17398071289062500000
172489198029.30102539062500000000
81473453952.82958984375000000000
74476410085.72604370117187500000
81652349484.63198852539062500000
74731338610.27911376953125000000
164240553214.60153198242187500000
93702174582.18548583984375000000
93513933338.19805908203125000000
158816469334.22232055664062500000
120822193257.30220031738281250000
102472956502.31639099121093750000
95105465615.09327697753906250000
97546190864.46176147460937500000
50736736304.96987152099609375000
76174079188.60897827148437500000
180967311753.94787597656250000000
163209867220.63934326171875000000
78605959815.58639526367187500000
89051252645.60864257812500000000
122295449944.85937500000000000000
63007345576.16911315917968750000
101256459495.95593261718750000000
102811632296.93891906738281250000
84896712203.34202575683593750000
68511483494.21078491210937500000
104411572029.78063964843750000000
71027868091.40438842773437500000
90535625663.71484375000000000000
167136013633.01849365234375000000
104222954010.37918090820312500000
139476539559.86743164062500000000
71393728966.01257324218750000000
133088421686.63772583007812500000
73014431748.00442504882812500000
89040725452.43435668945312500000
100249869697.86712646484375000000
178231361269.67367553710937500000
95650579036.53643798828125000000
114847546057.59533691406250000000
106129515876.35104370117187500000
74840085460.90040588378906250000
98497823720.98811340332031250000
90819107532.19985961914062500000
183120159533.53622436523437500000
168138051462.56204223632812500000
83167355589.21429443359375000000
75260597863.80789184570312500000
265477345381.29681396484375000000
101744384153.91474914550781250000
81157602245.84783935546875000000
91529298234.09327697753906250000
69721479164.68177795410156250000
86890626403.86001586914062500000
126150607322.48776245117187500000
236408510198.28488159179687500000
180148633553.23522949218750000000
113224392773.75727844238281250000
207798507536.02603149414062500000
123803935408.98564147949218750000
78809317768.92170715332031250000
113025895151.97296142578125000000
69181151136.35073852539062500000
112472599814.25430297851562500000
122134174335.16238403320312500000
124681268472.69985961914062500000
73231926577.20300292968750000000
113390766966.50047302246093750000
188693135043.93670654296875000000
135749848739.16038513183593750000
88449110113.18548583984375000000
124502540095.66749572753906250000
74953853686.73088073730468750000
212315143887.44958496093750000000
75326034015.32469177246093750000
145233198391.86773681640625000000
111887115935.45785522460937500000
76150762981.19778442382812500000
88111857809.46817016601562500000
118217256139.39730834960937500000
99032698588.05523681640625000000
88101980948.93457031250000000000
186707204325.22744750976562500000
72488598157.46078491210937500000
74596821126.27911376953125000000
149875274379.08288574218750000000
84812798865.64732360839843750000
71345205521.69671630859375000000
109308229023.98495483398437500000
90069300440.28248596191406250000
90725085513.77880859375000000000
149680949467.39971923828125000000
79341888822.68316650390625000000
95562743065.52995300292968750000
191938476029.16567993164062500000
85453695072.13198852539062500000
109876074747.19856262207031250000
165690589766.68457031250000000000
91076155869.74754333496093750000
75493388437.80789184570312500000
80390957551.89379882812500000000
129166576900.25727844238281250000
132926107816.39279174804687500000
106909294066.81314086914062500000
129943020891.72677612304687500000
126070913486.88819885253906250000
94508094344.64985656738281250000
87817379729.45629882812500000000
100664195830.17306518554687500000
86784169899.60104370117187500000
118481680375.95353698730468750000
82094480747.49377441406250000000
135332471697.11230468750000000000
114675214375.93696594238281250000
93693679388.97918701171875000000
128321848043.50047302246093750000
235346538219.66931152343750000000
109310612683.48686218261718750000
60968281627.71351623535156250000
72870673157.63945007324218750000
176887800639.02981567382812500000
71305606934.50674438476562500000
128324441618.76748657226562500000
86141012296.50094604492187500000
67796059608.37254333496093750000
72413994301.80873107910156250000
103542388621.34524536132812500000
69166900737.93557739257812500000
75477701189.36853027343750000000
100616691716.76193237304687500000
173523776911.21731567382812500000
85101832690.49932861328125000000
65391863381.37390136718750000000
124511996494.47451782226562500000
107688163111.05142211914062500000
88348756140.98982238769531250000
71551574421.19934082031250000000
71696615943.14372253417968750000
212113590680.74755859375000000000
316691196697.32324218750000000000
149614122376.22119140625000000000
115359572105.82110595703125000000
78393485955.61059570312500000000
73506988166.42314147949218750000
141204969108.31872558593750000000
97717640344.61532592773437500000
131579572582.32449340820312500000
138880840315.36743164062500000000
197237392172.78045654296875000000
171517737820.22027587890625000000
174680786027.07995605468750000000
87356746922.55055236816406250000
125674824930.18627929687500000000
111906555869.04115295410156250000
123932272566.86354064941406250000
75625536803.34983825683593750000
95991307473.50369262695312500000
106639114229.15914916992187500000
80881503753.67552185058593750000
128962235656.80459594726562500000
83241498262.51095581054687500000
88864410272.07403564453125000000
103113238300.10864257812500000000
116573680033.73384094238281250000
267217482341.41079711914062500000
86838779799.14155578613281250000
106230370292.08337402343750000000
107851967075.87939453125000000000
79953106670.40338134765625000000
185617172686.51330566406250000000
88635296349.17306518554687500000
71228662949.83288574218750000000
68034311531.77902221679687500000
90562124638.33480834960937500000
145029340047.92858886718750000000
79954221235.29968261718750000000
104975026115.77786254882812500000
108554137854.29978942871093750000
68614211505.82968139648437500000
94461809581.79968261718750000000
108810844653.47918701171875000000
72289750969.80810546875000000000
65341196818.86131286621093750000
102217455962.61434936523437500000
115580483224.36904907226562500000
265421013497.48309326171875000000
83934719451.92681884765625000000
71623727938.04484558105468750000
146569712801.00244140625000000000
148039273198.30700683593750000000
108599976255.01872253417968750000
83371620863.10066223144531250000
81395662820.66360473632812500000
81120625024.71846008300781250000
75168459420.50730895996093750000
77363008904.36170959472656250000
67368148527.68107604980468750000
98292151941.58236694335937500000
111895997103.90127563476562500000
178402391501.86291503906250000000
90811007719.19877624511718750000
67628093685.35529327392578125000
119843656760.81652832031250000000
207125965105.15454101562500000000
127646639545.99902343750000000000
79962908441.27896118164062500000
74511013031.33395385742187500000
87738403265.30081176757812500000
127957812203.76828002929687500000
93200769954.51254272460937500000
77452055498.64035034179687500000
111052038108.27928161621093750000
194153564888.44659423828125000000
155886537038.30786132812500000000
70853981594.56115722656250000000
91019656834.10174560546875000000
146718485722.02191162109375000000
117543516539.82882690429687500000
78363029568.95841979980468750000
109285457618.43084716796875000000
86269496009.60998535156250000000
139053009172.12561035156250000000
98150438706.90838623046875000000
128233046934.39541625976562500000
77275438543.15118408203125000000
78589821797.41337585449218750000
113951711321.39541625976562500000
66311087572.27381134033203125000
101388048202.19877624511718750000
90739569506.56799316406250000000
200661012650.37158203125000000000
114120942734.52058410644531250000
134706235116.74249267578125000000
71402509887.32078552246093750000
271001113054.37591552734375000000
86242901763.95593261718750000000
114855741520.96176147460937500000
95697283421.87805175781250000000
159211418938.03573608398437500000
164053375970.03573608398437500000
95754888918.97460937500000000000
84640116994.79112243652343750000
85446894720.88839721679687500000
68009247683.79324340820312500000
96774022101.49320983886718750000
77237905859.07125854492187500000
99036292293.03408813476562500000
127576891474.28817749023437500000
149899473891.68188476562500000000
82515147143.04312133789062500000
85165458303.96484375000000000000
193257347926.87945556640625000000
83186462284.86291503906250000000
145633954483.58883666992187500000
184752344534.40713500976562500000
142381863684.80459594726562500000
65597933684.65161895751953125000
108741630975.17645263671875000000
94033945776.57608032226562500000
126374406064.02029418945312500000
108241839658.57322692871093750000
120195787454.87939453125000000000
105687654494.80502319335937500000
104127684143.33319091796875000000
74294486331.87051391601562500000
101045699287.59324645996093750000
185612830507.31292724609375000000
79921843723.09828186035156250000
168812458955.73809814453125000000
74134215382.85528564453125000000
155058054813.34979248046875000000
75339963204.07191467285156250000
80791886666.58119201660156250000
143026150436.30459594726562500000
113283429337.16882324218750000000
91824986308.53562927246093750000
135919988012.52989196777343750000
67523575880.78462219238281250000
159447730708.74896240234375000000
88298091607.82058715820312500000
193010253187.36059570312500000000
83548631559.29049682617187500000
153680065212.97964477539062500000
272684672670.33874511718750000000
91135340134.76113891601562500000
102544788117.91896057128906250000
86513552280.65429687500000000000
245133909339.05755615234375000000
94575749841.27928161621093750000
110312358691.32655334472656250000
226655508348.90414428710937500000
75198736192.23088073730468750000
100948846395.74473571777343750000
117024255426.11778259277343750000
88303066747.06031799316406250000
65733216110.61793518066406250000
89445736508.77096557617187500000
137627236051.31652832031250000000
87021271401.47613525390625000000
82674093384.41101074218750000000
101086478812.83480834960937500000
113396428536.96287536621093750000
227943104512.49676513671875000000
92321774639.71786499023437500000
94303517015.30398559570312500000
147644812989.23776245117187500000
84812470520.20220947265625000000
66812619981.24484252929687500000
93018464093.08319091796875000000
219561583045.43627929687500000000
124004918483.13238525390625000000
90567373433.69610595703125000000
123622612477.57110595703125000000
79743890188.80789184570312500000
88866328255.35018920898437500000
69101539686.54479980468750000000
89151214948.83193969726562500000
166000108656.18896484375000000000
83206097410.70190429687500000000
117193846837.46119689941406250000
82949174143.07124328613281250000
89321163884.50572204589843750000
77143050714.94331359863281250000
344626891487.16546630859375000000
120225160351.72610473632812500000
99213447167.17684936523437500000
149528807289.29464721679687500000
164246862278.15216064453125000000
87541674366.48953247070312500000
100232257851.23854064941406250000
181910459346.35369873046875000000
111356643825.25369262695312500000
111734755558.84811401367187500000
154762926559.09957885742187500000
82966941087.60391235351562500000
72966071296.18325805664062500000
145405935629.99935913085937500000
117855257372.17306518554687500000
89100751189.82881164550781250000
92727382858.96444702148437500000
143341374140.99386596679687500000
89242161123.43386840820312500000
154268341235.69177246093750000000
145863800763.94732666015625000000
264670719731.37817382812500000000
105911995476.39483642578125000000
120669770900.91557312011718750000
292938675242.01721191406250000000
97100118550.54441833496093750000
409668264050.48242187500000000000
137016292152.04762268066406250000
133298501903.13414001464843750000
92501759224.41101074218750000000
92495505284.94059753417968750000
94117122989.05502319335937500000
137125257624.46429443359375000000
116779882765.12451171875000000000
120036917175.28561401367187500000
77772767960.15545654296875000000
91439162693.67535400390625000000
112190831285.78681945800781250000
92366870033.61013793945312500000
233269190746.02777099609375000000
140789018376.32586669921875000000
99606390145.80220031738281250000
105750932178.60897827148437500000
123872633964.47450256347656250000
91721690451.75556945800781250000
111357856190.87805175781250000000
97451912320.50228881835937500000
192944072682.08834838867187500000
102494562893.69805908203125000000
140122295030.16748046875000000000
187850792213.15457153320312500000
176783826397.20645141601562500000
112241314279.96287536621093750000
87366766117.93688964843750000000
82600400842.45693969726562500000
156697486756.36907958984375000000
126268419104.79379272460937500000
63597292368.41911315917968750000
81254154965.80398559570312500000
169846951018.96945190429687500000
104165259677.14761352539062500000
84180762574.18475341796875000000
85882726224.12948608398437500000
104958491127.08319091796875000000
86386137955.65444946289062500000
90525234008.60897827148437500000
246923739614.00650024414062500000
79452373672.90040588378906250000
92604536740.09094238281250000000
78482039176.15545654296875000000
108738796174.21873474121093750000
118275881690.62948608398437500000
77906644066.62902832031250000000
67934643252.70649719238281250000
94767390267.56298828125000000000
81028884299.32096862792968750000
144918863065.16238403320312500000
122845093502.29132080078125000000
293747313502.58520507812500000000
77431384289.65409851074218750000
71990353466.30873107910156250000
102678537394.34957885742187500000
86963067457.94351196289062500000
86319545581.59466552734375000000
113262915193.14825439453125000000
77479186363.62509155273437500000
110005580136.69877624511718750000
80865798493.85214233398437500000
78842290225.92155456542968750000
74143391750.00148010253906250000
75680085071.95718383789062500000
68155156517.66007995605468750000
206362673338.85647583007812500000
101375225707.65928649902343750000
167578676840.67404174804687500000
92942270906.21130371093750000000
219379460080.59136962890625000000
130495649908.36791992187500000000
120278214891.70718383789062500000
67078827842.18177795410156250000
77474715600.28074645996093750000
121970933213.40444946289062500000
199421854759.54034423828125000000
68333812274.62254333496093750000
71272846684.33561706542968750000
104922519181.21302795410156250000
130880602615.63996887207031250000
91435473204.77920532226562500000
79676860413.07577514648437500000
144808259731.64855957031250000000
110758480978.48910522460937500000
80037116071.14730834960937500000
131486639610.22488403320312500000
68343752505.16895294189453125000
113329552166.81314086914062500000
81213890537.35699462890625000000
88808812910.55523681640625000000
98970476659.21739196777343750000
85778377751.29867553710937500000
173228893857.00128173828125000000
96175057347.13484191894531250000
180734952146.89981079101562500000
91863653037.01095581054687500000
102310896409.21302795410156250000
99052592303.65429687500000000000
129322276002.13996887207031250000
105508274556.40219116210937500000
99652517001.48910522460937500000
72775271814.95227050781250000000
98019239642.61610412597656250000
90987791168.07580566406250000000
84020885150.52995300292968750000
125564740826.95080566406250000000
89398799816.83454895019531250000
112044132844.90838623046875000000
105390678379.22610473632812500000
152484994409.73089599609375000000
126725211545.34811401367187500000
70552724448.01510620117187500000
86160412299.86544799804687500000
112279713776.49288940429687500000
108811568389.43084716796875000000
122487433863.80220031738281250000
90364422980.42898559570312500000
65860519911.77188873291015625000
80611571735.00727844238281250000
226815121613.24777221679687500000
94780572425.17263793945312500000
120835314867.14828491210937500000
130997495507.79037475585937500000
89520389237.56222534179687500000
81099361682.82919311523437500000
102346306123.10104370117187500000
188228744950.60137939453125000000
80384496706.78074645996093750000
112968762984.17535400390625000000
100543888881.79806518554687500000
74843868657.97741699218750000000
70479824984.96554565429687500000
64542644012.80113220214843750000
86544417716.90289306640625000000
107263229663.12147521972656250000
162390485299.80706787109375000000
480624397265.17395019531250000000
84316336288.85279846191406250000
75164956026.67262268066406250000
116312835398.46342468261718750000
107403648512.97460937500000000000
107605805706.84454345703125000000
96107320848.06210327148437500000
73769902166.33395385742187500000
99552818019.86291503906250000000
270819656676.23403930664062500000
63156068014.31241607666015625000
70096283546.66007995605468750000
145385639155.22647094726562500000
101460626021.46119689941406250000
129993545872.98693847656250000000
120695254462.51362609863281250000
117534945555.34957885742187500000
74969139444.51156616210937500000
105130655020.35937500000000000000
95362382546.12780761718750000000
164519732365.58905029296875000000
157835600496.53573608398437500000
213022762418.27410888671875000000
236656997972.67834472656250000000
72825126825.59033203125000000000
97738958953.20045471191406250000
150910579047.62338256835937500000
198879830270.32794189453125000000
85116177876.70866394042968750000
69723387571.87814331054687500000
101937360514.77920532226562500000
65370019007.80039215087890625000
354653038295.42529296875000000000
129831547667.32449340820312500000
123198888461.78561401367187500000
86591559682.19805908203125000000
262102877415.58926391601562500000
134425868623.13996887207031250000
187862887604.56176757812500000000
68441341805.93558502197265625000
91770648389.71820068359375000000
77969881151.81784057617187500000
75045599767.98236083984375000000
148214455749.39056396484375000000
155752726742.11743164062500000000
70582155912.36323547363281250000
115031735327.32449340820312500000
126049759303.47450256347656250000
71977836243.94409179687500000000
183771129898.97579956054687500000
87463056137.98318481445312500000
223326774407.75378417968750000000
76187487399.44943237304687500000
88476104783.00781250000000000000
76627097383.92025756835937500000
92256498734.15213012695312500000
106189039179.51254272460937500000
263125493880.51922607421875000000
97910214847.90914916992187500000
149201932903.30426025390625000000
140599654585.51007080078125000000
152070903649.36907958984375000000
99996252176.48657226562500000000
75038165507.49467468261718750000
96826969951.87643432617187500000
210724950720.35934448242187500000
126163467981.87968444824218750000
82259623087.27893066406250000000
228510796853.19241333007812500000
417861235905.14306640625000000000
157748458548.81829833984375000000
84479263685.82125854492187500000
115410648327.32582092285156250000
156342304030.83392333984375000000
88020586799.65811157226562500000
85045605572.64755249023437500000
101781960910.87930297851562500000
65940261787.58655548095703125000
140207099278.15191650390625000000
116577986960.59678649902343750000
218894891021.86950683593750000000
104843991602.05523681640625000000
87275734180.14732360839843750000
101560499766.60919189453125000000
74859758187.70046997070312500000
91023229951.71739196777343750000
114342404479.33549499511718750000
352813209792.40747070312500000000
78295666905.73341369628906250000
75222781430.59237670898437500000
80961728392.85363769531250000000
119053750179.31675720214843750000
108278563104.77783203125000000000
116075982756.82110595703125000000
136967333881.88462829589843750000
90763969045.29806518554687500000
102250525746.62356567382812500000
144166442724.26794433593750000000
71187352838.19778442382812500000
74333189920.18505859375000000000
211693697266.08050537109375000000
95770652844.39221191406250000000
251243702576.47335815429687500000
102557067046.32582092285156250000
244573959880.56179809570312500000
81844414646.96765136718750000000
99129348838.07608032226562500000
105686652433.80236816406250000000
77907893894.92170715332031250000
98506756958.69625854492187500000
92328197646.24029541015625000000
106764139266.80236816406250000000
265346105229.72619628906250000000
194504710052.34936523437500000000
80009676003.46731567382812500000
78038336151.60391235351562500000
72452708170.65429687500000000000
157885485530.61743164062500000000
73930406993.68475341796875000000
72424549586.29148864746093750000
86649077454.89379882812500000000
383072742004.38293457031250000000
235094440602.87396240234375000000
158373159837.73065185546875000000
76222523386.65219116210937500000
91493650480.40994262695312500000
317539316490.16906738281250000000
133349896359.54217529296875000000
213343872291.80865478515625000000
135483791411.12843322753906250000
132882509337.48693847656250000000
91913074097.66867065429687500000
80246833719.82919311523437500000
65384979796.96651458740234375000
109931035551.63484191894531250000
148980642419.42968750000000000000
76448616376.35714721679687500000
64942673622.68647003173828125000
87202795790.91474914550781250000
113665116178.37643432617187500000
71733004909.70045471191406250000
102758478365.73468017578125000000
260308200725.21118164062500000000
104723916048.96774291992187500000
222672665600.93905639648437500000
142756935571.24902343750000000000
89425684508.84397888183593750000
184841349882.96130371093750000000
115936698701.51959228515625000000
67645112266.14485931396484375000
82984172565.21609497070312500000
119531788752.46342468261718750000
120936969682.52639770507812500000
153341547191.70483398437500000000
98842475262.52598571777343750000
200103092685.98724365234375000000
119395333665.83453369140625000000
260322542210.28442382812500000000
193861301714.78363037109375000000
93223943293.45785522460937500000
204581410489.88751220703125000000
66000860944.33561706542968750000
161038330417.80978393554687500000
67994810326.25321960449218750000
154478925233.75146484375000000000
93380132380.65031433105468750000
117787786002.15838623046875000000
242628677501.29290771484375000000
108559899453.44822692871093750000
201156931935.62118530273437500000
80400365560.27952575683593750000
69058950329.58453369140625000000
81173017978.27719116210937500000
152102041712.92919921875000000000
78878333877.24343872070312500000
69145489138.79933166503906250000
100000194366.95671081542968750000
129734041537.62194824218750000000
106235323965.71731567382812500000
76998701105.23468017578125000000
114027004066.81872558593750000000
83884069746.89613342285156250000
133295694998.36657714843750000000
113590814150.34419250488281250000
195127227021.04315185546875000000
76351670432.54055786132812500000
106104502201.61532592773437500000
152881407806.50967407226562500000
158055743957.13302612304687500000
117318004006.20782470703125000000
100855454182.27880859375000000000
82560532948.02313232421875000000
74218419389.13954162597656250000
97766844560.23341369628906250000
127296160601.48776245117187500000
122553468618.70576477050781250000
76692632567.17398071289062500000
81336176705.40719604492187500000
65881115129.13099670410156250000
54016826388.16986846923828125000
168797238127.38290405273437500000
86712141248.23341369628906250000
80567858460.80941772460937500000
112110702144.29249572753906250000
101223007952.45785522460937500000
129150677734.68981933593750000000
185336234084.00347900390625000000
143025892134.59634399414062500000
123557657519.62948608398437500000
114458792152.82582092285156250000
107098105266.88284301757812500000
77915422885.01257324218750000000
67901179760.18107604980468750000
75079235183.75616455078125000000
343579105429.54333496093750000000
159350541287.43237304687500000000
322818266436.79687500000000000000
134904684473.47862243652343750000
84514604605.32455444335937500000
91683193090.28350830078125000000
366689224171.55041503906250000000
71965511349.57252502441406250000
118679016142.91241455078125000000
100560304375.07476806640625000000
79088943901.33454895019531250000
99173667860.51786804199218750000
76817317307.12025451660156250000
80210654792.90562438964843750000
72529972680.19476318359375000000
111138018806.72387695312500000000
85393542564.79464721679687500000
93160358917.93011474609375000000
115248981967.27120971679687500000
80864831337.13961791992187500000
78587372422.19927978515625000000
155812833243.27569580078125000000
111066388165.07608032226562500000
179423672826.20440673828125000000
107047709329.54385375976562500000
93263913058.80502319335937500000
75840377330.06314086914062500000
90989944410.31234741210937500000
70543800143.64508056640625000000
120953941109.99548339843750000000
134204076066.17834472656250000000
76891959041.66361999511718750000
152430967098.92468261718750000000
86674268219.61978149414062500000
212451951319.28167724609375000000
87381501466.15928649902343750000
100519724975.05055236816406250000
102925945708.60673522949218750000
76313167161.74377441406250000000
105431156026.67617797851562500000
78878102598.81524658203125000000
258999361240.92312622070312500000
100574965697.56222534179687500000
84969668470.24435424804687500000
69715684652.66911315917968750000
83692066393.66337585449218750000
153853319090.13302612304687500000
81760394430.44595336914062500000
102039072088.53562927246093750000
82528209639.12780761718750000000
86632840147.43188476562500000000
93592943141.90217590332031250000
199707380904.33740234375000000000
91532922033.07449340820312500000
58428202744.16986846923828125000
87951312681.58201599121093750000
102794415597.51400756835937500000
126154360809.44822692871093750000
87401055644.40489196777343750000
75046089887.64483642578125000000
80344388236.68725585937500000000
80313828867.46563720703125000000
142856381556.47192382812500000000
67905187888.96651458740234375000
135114300737.07437133789062500000
100128442258.52479553222656250000
126098335719.88435363769531250000
137262412884.15420532226562500000
101998377108.22006225585937500000
128084815946.78681945800781250000
198708632368.76791381835937500000
90360303311.15545654296875000000
153568052720.63302612304687500000
72124083455.27191162109375000000
156035893313.12063598632812500000
156894742400.04788208007812500000
75349928180.07243347167968750000
203938077250.28259277343750000000
97637203896.86904907226562500000
140771612062.18756103515625000000
139491563825.50979614257812500000
136841651149.04733276367187500000
97817263390.55142211914062500000
98113908670.04115295410156250000
146436392431.94732666015625000000
95901654887.70562744140625000000
66050896992.16651916503906250000
178399437861.46636962890625000000
74386041343.53338623046875000000
118010160378.06422424316406250000
86008275952.68692016601562500000
115327414096.67535400390625000000
68758715924.42077636718750000000
107444447296.46444702148437500000
185168826039.55172729492187500000
269609750722.14318847656250000000
90901120066.30076599121093750000
203331643589.38415527343750000000
99914644089.25556945800781250000
210239021566.43896484375000000000
88439112900.42980957031250000000
229209908246.65258789062500000000
83747307209.76193237304687500000
89274784144.01570129394531250000
66825037118.94039154052734375000
191902826892.05474853515625000000
114142111131.00189208984375000000
79650385810.96905517578125000000
135202932948.73190307617187500000
127076249111.91557312011718750000
85069099648.56188964843750000000
180419024035.93142700195312500000
177536760386.71289062500000000000
96578011621.14825439453125000000
94211973898.30789184570312500000
111398769341.84397888183593750000
77636000333.61776733398437500000
83474503837.90188598632812500000
177320333660.57373046875000000000
204883103551.63861083984375000000
106353973146.67834472656250000000
92130671816.34454345703125000000
109902155564.34501647949218750000
81234147962.85363769531250000000
67054746115.36987304687500000000
113776325524.60189819335937500000
85743372076.86778259277343750000
65342416128.62206268310546875000
195953966536.89526367187500000000
71893660815.88249206542968750000
110848369688.70980834960937500000
99252704123.05145263671875000000
103713511558.71498107910156250000
83254871187.08119201660156250000
64271389416.35529327392578125000
74312549509.18933105468750000000
96878446969.24435424804687500000
74500987197.32606506347656250000
94237204925.09646606445312500000
164211915860.84448242187500000000
112623522957.99902343750000000000
73616820353.72851562500000000000
137391339924.86741638183593750000
130994263765.47862243652343750000
111082182026.29379272460937500000
434460821172.87261962890625000000
103000376568.51959228515625000000
95061859691.59202575683593750000
116379643309.02479553222656250000
110451120469.66052246093750000000
80548048891.74143981933593750000
95130557667.50115966796875000000
103123385625.30398559570312500000
151171467111.86907958984375000000
87527110046.61532592773437500000
119823222472.70782470703125000000
68337419167.37206268310546875000
71050759030.30038452148437500000
114197226270.46119689941406250000
149514348919.79168701171875000000
102841127071.09811401367187500000
111851221849.40444946289062500000
120476869506.59678649902343750000
100680852242.87051391601562500000
142916900116.45782470703125000000
190378688237.34829711914062500000
95029161318.69877624511718750000
116855882441.16882324218750000000
74660436396.27447509765625000000
132006315791.16882324218750000000
113583609317.26193237304687500000
254486351136.60577392578125000000
98626598179.96287536621093750000
77165440258.79898071289062500000
115700517203.74473571777343750000
78970364323.56854248046875000000
180669935295.83511352539062500000
74148856202.32322692871093750000
139520871981.86907958984375000000
73678370487.04133605957031250000
81093511826.79441833496093750000
112611672425.53408813476562500000
104539522895.66238403320312500000
100263337142.36904907226562500000
69799862559.35528564453125000000
65038296034.61793518066406250000
193255816713.14825439453125000000
78000771327.17552185058593750000
84863909011.87805175781250000000
74678468954.48236083984375000000
332997682791.50683593750000000000
90474767855.85104370117187500000
162926049010.58468627929687500000
123678696967.48564147949218750000
68965987357.43435668945312500000
137593134528.58398437500000000000
256518324655.89224243164062500000
182372657332.52716064453125000000
94021015371.73657226562500000000
81641115400.27719116210937500000
158187989815.67068481445312500000
76167703146.54522705078125000000
105278795744.41867065429687500000
83118959841.20045471191406250000
90802789916.13606262207031250000
141463199048.66748046875000000000
175177220138.56799316406250000000
85946731760.60781860351562500000
128122662392.16882324218750000000
315832309379.94549560546875000000
100517086257.99288940429687500000
92844709034.37948608398437500000
72239008425.41220092773437500000
89812817892.23080444335937500000
133613485610.52719116210937500000
221529686252.84463500976562500000
110335177539.78561401367187500000
129358336814.00047302246093750000
89810602762.80618286132812500000
71187528336.27328491210937500000
104211024382.71484375000000000000
93986632139.69335937500000000000
62519414756.16986846923828125000
82335045899.08319091796875000000
99603761474.98953247070312500000
131338601911.25727844238281250000
78684564887.65826416015625000000
70572409694.19464111328125000000
77747018882.22282409667968750000
80762460894.79968261718750000000
74248124667.70645141601562500000
74298330630.66815185546875000000
77359917800.20439147949218750000
89731236101.23468017578125000000
80047704582.68725585937500000000
70243071845.18548583984375000000
100967978908.78350830078125000000
334212615656.18634033203125000000
59740087092.14306640625000000000
71502573054.95809936523437500000
120833597656.87939453125000000000
121706120696.92263793945312500000
83713649763.65031433105468750000
74450684210.85714721679687500000
89256050712.26791381835937500000
81517619427.08267211914062500000
114829730113.85174560546875000000
156184162721.73556518554687500000
69682557047.20300292968750000000
84529389257.98461914062500000000
94968522389.82403564453125000000
84881263671.25378417968750000000
71363450558.79689025878906250000
70859209116.29467773437500000000
88160107430.98953247070312500000
95754163471.77719116210937500000
232025290456.68499755859375000000
70511424715.02990722656250000000
76928139694.11776733398437500000
358644651293.64672851562500000000
103618902313.65139770507812500000
173362558007.18774414062500000000
86037481944.93386840820312500000
86004380659.33863830566406250000
186270997088.93893432617187500000
64926561343.27381134033203125000
176381844142.82092285156250000000
124689265184.44474792480468750000
118006776083.32455444335937500000
88929848009.06651306152343750000
78257324421.48878479003906250000
65941129704.69039154052734375000
207819996352.97369384765625000000
73288753284.63606262207031250000
72398249446.47476196289062500000
193616246382.21014404296875000000
74194103180.42077636718750000000
86809386852.21765136718750000000
160637699080.48059082031250000000
172851012478.58239746093750000000
171630810161.92431640625000000000
79012942189.05152893066406250000
174970736582.04949951171875000000
63350531411.99032592773437500000
81924147132.22918701171875000000
151635933581.00189208984375000000
126640732817.52029418945312500000
75145109510.51983642578125000000
87377731667.80398559570312500000
181017127128.20870971679687500000
215540937060.25357055664062500000
94603150852.60559082031250000000
85294293723.30055236816406250000
80351499060.29052734375000000000
76042114205.09783935546875000000
88930905169.04373168945312500000
241222544491.20538330078125000000
69019310788.63249206542968750000
75980336246.03338623046875000000
175063894100.89691162109375000000
84267364099.14825439453125000000
98491124093.79249572753906250000
115282497636.75936889648437500000
119713540898.39730834960937500000
119042761367.55645751953125000000
74540849212.10696411132812500000
115027306386.65875244140625000000
100640207878.60998535156250000000
69599088599.45689392089843750000
115285683189.09857177734375000000
111413262912.26193237304687500000
69249314005.51510620117187500000
89079422508.96652221679687500000
218401702751.91018676757812500000
88882893508.23854064941406250000
97858550549.96287536621093750000
103340621643.81234741210937500000
157866316041.98495483398437500000
111616308538.98776245117187500000
100323517870.57580566406250000000
106404989928.93011474609375000000
72887367479.18325805664062500000
189624901166.66473388671875000000
102228719712.17535400390625000000
396344975922.13305664062500000000
77061347992.08020019531250000000
72233970244.77363586425781250000
122435575695.47839355468750000000
137946415801.61883544921875000000
106682749015.80220031738281250000
165562998121.64486694335937500000
236881203555.78503417968750000000
264130133548.15487670898437500000
104061641527.22311401367187500000
109268311568.94335937500000000000
75641314616.42898559570312500000
98578885657.71765136718750000000
218963759918.91595458984375000000
175894871022.19992065429687500000
134514029054.51362609863281250000
69225265002.19464111328125000000
82999380217.50115966796875000000
98679506660.34283447265625000000
92939769366.04249572753906250000
266321627864.40582275390625000000
90494478529.62451171875000000000
257998130480.22912597656250000000
87870144467.45349121093750000000
61586940429.58655548095703125000
88685683910.12356567382812500000
96872667811.31314086914062500000
68700166703.77381134033203125000
84658167376.44656372070312500000
117297640672.25556945800781250000
112127553376.51786804199218750000
110087267757.47042846679687500000
80331436701.13681030273437500000
174601153471.48657226562500000000
160120953865.07125854492187500000
106198489712.31652832031250000000
131603488770.47862243652343750000
81135791584.06854248046875000000
232202609083.34191894531250000000
67836593486.05760955810546875000
96729478912.21873474121093750000
78266673220.11253356933593750000
197389898400.96154785156250000000
104617372613.05120849609375000000
105365222632.93688964843750000000
108639012214.74891662597656250000
159680827006.29382324218750000000
208590503632.47964477539062500000
98329009678.88954162597656250000
104987210528.33480834960937500000
158791433080.94921875000000000000
71928084155.14575195312500000000
106251799836.16038513183593750000
189364011119.12524414062500000000
245490230948.99664306640625000000
133718484145.32455444335937500000
96787879716.76193237304687500000
89267842011.93891906738281250000
74946261502.42283630371093750000
247489600905.70880126953125000000
77799376746.39613342285156250000
98808524467.20866394042968750000
129232195842.63693237304687500000
79635366908.24754333496093750000
116115472824.65139770507812500000
168830694918.78442382812500000000
74637990326.53790283203125000000
103419141156.09588623046875000000
194430984694.83758544921875000000
163550492763.89712524414062500000
81603782579.39807128906250000000
143231678892.13693237304687500000
84166414897.56524658203125000000
180435582457.80645751953125000000
83822593758.22387695312500000000
71570361336.34577941894531250000
69674342444.29968261718750000000
105870393543.26791381835937500000
78492594860.02120971679687500000
128391880793.88229370117187500000
77761948762.83450317382812500000
136774263280.16749572753906250000
95566620304.44729614257812500000
139675859796.31890869140625000000
62854838632.68107604980468750000
72088782400.27447509765625000000
113791775202.56921386718750000000
76877009419.00897216796875000000
112308198857.69059753417968750000
102676225082.18548583984375000000
143125461923.53573608398437500000
83497201069.38954162597656250000
81267262152.56314086914062500000
110990440880.21739196777343750000
83973637204.72387695312500000000
251524364118.28738403320312500000
104188752907.94985961914062500000
80457219508.21498107910156250000
164201111479.13766479492187500000
83553154265.14590454101562500000
92038604101.57322692871093750000
108995609798.55502319335937500000
110144852648.61532592773437500000
74725685562.82955932617187500000
98028133746.69059753417968750000
157187580101.56396484375000000000
128253135011.78320312500000000000
100609412271.02058410644531250000
143895286406.78555297851562500000
194759274747.95483398437500000000
83351288533.65031433105468750000
122715071909.91241455078125000000
160963584993.56988525390625000000
142396059097.61743164062500000000
119055811466.99270629882812500000
96390338728.11907958984375000000
96746401909.53248596191406250000
94575981494.54385375976562500000
85512402965.00823974609375000000
99769838369.92996215820312500000
104492680850.93457031250000000000
148307594990.39755249023437500000
77179829471.96287536621093750000
140551422435.80377197265625000000
83010121105.14633178710937500000
110254050038.27026367187500000000
100666667323.33193969726562500000
106755079071.46342468261718750000
109767351161.32403564453125000000
99873527041.14155578613281250000
116005409869.30076599121093750000
83210975512.92996215820312500000
243659343749.02288818359375000000
95071975425.01872253417968750000
78793062361.70046997070312500000
101998209450.19985961914062500000
117228861877.78834533691406250000
143286740528.73776245117187500000
85623544717.11610412597656250000
83909950740.30822753906250000000
120570145808.94920349121093750000
90842022107.61354064941406250000
146161261137.21728515625000000000
124145673021.94822692871093750000
129441917923.79379272460937500000
79487080974.26983642578125000000
140888040455.48687744140625000000
112347183593.10189819335937500000
160153829634.15081787109375000000
113516006792.05145263671875000000
86789229661.47613525390625000000
82770217760.07885742187500000000
75315066374.16775512695312500000
117505588810.05120849609375000000
74531466024.14431762695312500000
72380304883.54968261718750000000
102544605715.13793945312500000000
96077947720.61434936523437500000
135700523628.36657714843750000000
204464982039.58361816406250000000
81771822053.89556884765625000000
302320601455.96899414062500000000
137426253401.90350341796875000000
86026685848.38209533691406250000
79308613133.35226440429687500000
121268853948.86354064941406250000
137396541432.13977050781250000000
112548332917.03248596191406250000
130267019639.26748657226562500000
145184988005.94732666015625000000
98659803535.15875244140625000000
70432628763.07252502441406250000
117082646523.38302612304687500000
75594629262.96728515625000000000
100818400977.74288940429687500000
84201120157.12968444824218750000
70317245399.51156616210937500000
114036612160.03350830078125000000
142896488353.20132446289062500000
133890637531.08267211914062500000
283026129128.26794433593750000000
160393915789.36474609375000000000
114733099639.82882690429687500000
150636172946.46191406250000000000
67831915629.87813568115234375000
86393499656.82183837890625000000
80504482790.06298828125000000000
90014111474.10673522949218750000
127363588154.34501647949218750000
287009327922.65698242187500000000
91787832661.87477111816406250000
94451112909.77783203125000000000
89045097361.33319091796875000000
100406380023.31884765625000000000
133336244835.32455444335937500000
132887387139.60545349121093750000
85206571015.24548339843750000000
98789806966.10443115234375000000
141228439913.49096679687500000000
80266444073.11528015136718750000
97599484448.44335937500000000000
101512776860.88209533691406250000
260639978152.02194213867187500000
72637617439.58395385742187500000
107972655937.98564147949218750000
316141926518.42694091796875000000
139989608467.85317993164062500000
161706402905.60897827148437500000
109216162811.06210327148437500000
137356512301.34524536132812500000
65084480657.19039154052734375000
107343339906.86354064941406250000
70848107622.27328491210937500000
73605342599.34524536132812500000
62616458951.62254333496093750000
106162911520.68548583984375000000
78576709090.15826416015625000000
87537178207.51055908203125000000
228704046031.99926757812500000000
109361023622.60559082031250000000
122832530689.24891662597656250000
188944978422.95355224609375000000
100178450674.77096557617187500000
74500928255.43765258789062500000
114561330228.90127563476562500000
72346801197.86853027343750000000
109011044359.17263793945312500000
120114888861.89279174804687500000
119367730516.53562927246093750000
175841363364.71182250976562500000
130262602309.29803466796875000000
129548798197.44731140136718750000
120195589503.57110595703125000000
75269510242.15219116210937500000
211219803363.73645019531250000000
94553084758.93084716796875000000
116001009181.63996887207031250000
137655364673.38772583007812500000
197473115596.41888427734375000000
87506297026.00802612304687500000
173752165893.92684936523437500000
75770394891.42155456542968750000
131994050658.16882324218750000000
147370609463.09527587890625000000
82973710927.39761352539062500000
162186399215.85321044921875000000
88024514995.92149353027343750000
81540697785.50378417968750000000
137475683912.13208007812500000000
116935207980.96774291992187500000
103387624711.43386840820312500000
79438031469.61172485351562500000
100169039777.39379882812500000000
91732558808.54606628417968750000
85791279504.90519714355468750000
144195358279.76327514648437500000
68509105294.46553802490234375000
87089989244.80038452148437500000
92176659582.72282409667968750000
81179345559.59378051757812500000
77487774739.25904846191406250000
65646491531.30673980712890625000
135046911666.35104370117187500000
88886104744.32058715820312500000
70334125712.05038452148437500000
159054835863.13439941406250000000
83812666082.57124328613281250000
60537976372.57389831542968750000
85765551546.98306274414062500000
154256567626.42352294921875000000
85093979637.14620971679687500000
80796831129.74343872070312500000
204635043102.03942871093750000000
196545717415.55645751953125000000
123609865918.86741638183593750000
95496913403.80822753906250000000
101212388156.02479553222656250000
72731636946.52096557617187500000
74850389669.23623657226562500000
77853984525.02719116210937500000
101232366165.36013793945312500000
110224494372.59094238281250000000
75020686639.09033203125000000000
88967092199.36712646484375000000
83505315477.08639526367187500000
64860510097.45810699462890625000
188121291035.12167358398437500000
191869332703.08825683593750000000
199054818668.81677246093750000000
87421231676.98657226562500000000
84695657904.12948608398437500000
113262214927.27120971679687500000
79436157646.19927978515625000000
123522560697.34397888183593750000
125521955693.61224365234375000000
113774939905.02058410644531250000
101885857943.77120971679687500000
198168954658.08691406250000000000
134965898167.37010192871093750000
140283024752.22817993164062500000
76652212101.36376953125000000000
84617673287.82577514648437500000
71611168460.35336303710937500000
320252264289.42272949218750000000
85196880285.14825439453125000000
80740228503.12780761718750000000
81296299034.84936523437500000000
136803333852.92684936523437500000
163374739881.15008544921875000000
150428819135.27905273437500000000
73347473723.45045471191406250000
162760417215.23162841796875000000
185257486492.87152099609375000000
108481918588.71820068359375000000
109829673411.73596191406250000000
104655313339.00781250000000000000
86670800815.11354064941406250000
165628822434.82476806640625000000
69554676867.94430541992187500000
157501906476.66674804687500000000
73593660388.96652221679687500000
326252203883.39038085937500000000
111410992809.60226440429687500000
85082811248.08236694335937500000
108068032875.73657226562500000000
138846214588.82675170898437500000
71732558453.89508056640625000000
111998328960.47296142578125000000
79820692472.44453430175781250000
145334930213.42605590820312500000
141091914517.80459594726562500000
75558696160.37477111816406250000
97621463627.55944824218750000000
63563417475.30673980712890625000
149927747959.96179199218750000000
82819126372.00572204589843750000
94458311796.30236816406250000000
126818189283.75430297851562500000
98481866295.35174560546875000000
124779875919.09397888183593750000
114083580025.27880859375000000000
379146982350.60028076171875000000
339823936375.89318847656250000000
96669157120.56524658203125000000
74472838846.55004882812500000000
172537092058.03292846679687500000
83247355427.57908630371093750000
189629364381.26446533203125000000
88527502679.82420349121093750000
76104310953.24484252929687500000
236816290276.73275756835937500000
100244451792.59887695312500000000
76419539441.82469177246093750000
105251908713.12948608398437500000
99999012875.82183837890625000000
115098637730.77880859375000000000
251880613469.08496093750000000000
77899385217.48953247070312500000
203873397740.77850341796875000000
80768635686.52914428710937500000
110931964424.80220031738281250000
202474624960.19476318359375000000
80494889976.27664184570312500000
86378056842.40875244140625000000
101991803051.83454895019531250000
159648109110.96234130859375000000
124345839637.02029418945312500000
75388928723.46563720703125000000
76252315948.49902343750000000000
79444929066.54055786132812500000
85432578935.11059570312500000000
91539785308.44985961914062500000
143728847416.55676269531250000000
80440027832.32017517089843750000
127335879127.28681945800781250000
101676577187.83453369140625000000
102993682994.60864257812500000000
113100929639.52029418945312500000
108023795264.64985656738281250000
115492509749.54234313964843750000
73329136925.66361999511718750000
80234326001.29876708984375000000
78119584016.63681030273437500000
82598564797.53643798828125000000
70066758212.89160156250000000000
84427984550.91241455078125000000
92391632065.87918090820312500000
338022364846.17077636718750000000
60648972348.01510620117187500000
161154708704.83068847656250000000
72904527904.33377075195312500000
158894715501.20349121093750000000
116721443075.02719116210937500000
177011105176.00360107421875000000
79625828686.15936279296875000000
65526181914.31241607666015625000
199076183183.35598754882812500000
110015502925.60919189453125000000
76415701837.94671630859375000000
79218396960.14431762695312500000
99405936077.81010437011718750000
166781338936.61810302734375000000
96948178989.26663208007812500000
83024855110.51881408691406250000
145128267877.78308105468750000000
84362744387.59324645996093750000
74670894110.32322692871093750000
123983093093.60919189453125000000
128717285370.90444946289062500000
86244369569.08078002929687500000
158952195405.81472778320312500000
74033745137.59828186035156250000
137993208256.40621948242187500000
112266529996.92367553710937500000
145176088644.22570800781250000000
83834171831.00094604492187500000
100274046972.92149353027343750000
89809789719.03872680664062500000
286407414592.03912353515625000000
68235044173.37902069091796875000
67837154436.38018798828125000000
128086575578.75430297851562500000
113086558828.12930297851562500000
109677156661.95907592773437500000
66766908013.27763366699218750000
169758653459.20306396484375000000
95509795910.79978942871093750000
78115860372.30236816406250000000
169866283069.14898681640625000000
143506947301.93444824218750000000
173146890722.25445556640625000000
72047263485.72994995117187500000
165960359968.37384033203125000000
118859132500.07476806640625000000
103089054567.80038452148437500000
110144878546.29132080078125000000
113867491359.37930297851562500000
89361103752.08395385742187500000
92278178590.11741638183593750000
98299828898.95907592773437500000
81474124385.42898559570312500000
106511348761.44059753417968750000
63515160330.14306640625000000000
110022545057.16567993164062500000
81292965477.27224731445312500000
78526677360.19265747070312500000
107261876462.13238525390625000000
164049152645.83969116210937500000
99811873928.85600280761718750000
138891642193.60144042968750000000
127993921551.84735107421875000000
68940439199.31240844726562500000
243072275145.29547119140625000000
149448437647.25936889648437500000
102492039572.71786499023437500000
144540403120.26864624023437500000
94330501526.82125854492187500000
100922385741.50572204589843750000
83180897732.34094238281250000000
86406361453.85600280761718750000
127928434200.52719116210937500000
87520454001.70907592773437500000
70663526637.12799072265625000000
87190497531.74473571777343750000
163861070658.34936523437500000000
79558044863.44232177734375000000
121032984338.34419250488281250000
98002692495.94485473632812500000
70600679340.35073852539062500000
132273443621.72100830078125000000
80794104022.13819885253906250000
72872827544.19039916992187500000
205952047673.44689941406250000000
101136008935.45629882812500000000
135527427739.93457031250000000000
65950571392.39933013916015625000
90769835998.60287475585937500000
303737883089.86145019531250000000
96506890833.46342468261718750000
114823298932.84283447265625000000
67860900544.46078491210937500000
103369978953.82110595703125000000
86987979903.51095581054687500000
104053630480.91241455078125000000
301570750020.41455078125000000000
229128351417.80880737304687500000
101196298624.27026367187500000000
104646070732.89730834960937500000
96013666143.99377441406250000000
145658774523.91555786132812500000
151908474233.36907958984375000000
85578968598.67617797851562500000
76506818001.45175170898437500000
78682940087.21846008300781250000
110154888041.45907592773437500000
95609516152.07885742187500000000
398356744838.08673095703125000000
91780139085.77786254882812500000
101840221909.93696594238281250000
78554780249.73953247070312500000
94391553265.25749206542968750000
109868767393.20562744140625000000
100756068198.08395385742187500000
127247885757.05584716796875000000
88735750952.10864257812500000000
69236943685.74743652343750000000
67276335893.21078491210937500000
84817560999.82110595703125000000
129431423370.72891235351562500000
63471200551.80113220214843750000
98387126009.77026367187500000000
122329007132.29132080078125000000
413813459364.79724121093750000000
128402550406.62930297851562500000
83164965383.49095153808593750000
130606495095.39541625976562500000
104020978686.17306518554687500000
96753255943.72387695312500000000
128628025308.64041137695312500000
115900263553.46119689941406250000
150716286464.02191162109375000000
85519300503.77952575683593750000
89179876030.86172485351562500000
86797301124.44671630859375000000
67436871261.89160156250000000000
119543872389.03613281250000000000
101647652099.82882690429687500000
118486719943.46774291992187500000
114605429906.21138000488281250000
344165674582.02819824218750000000
79330280982.73156738281250000000
78706699091.11279296875000000000
123691911131.67645263671875000000
101239059247.15811157226562500000
115062092273.86013793945312500000
81557237017.80438232421875000000
96695637842.18475341796875000000
99225404864.16337585449218750000
98315821989.14590454101562500000
176012709376.11932373046875000000
113862258172.47525024414062500000
101880529615.35018920898437500000
100521219623.10189819335937500000
75854951629.52024841308593750000
68881621200.12799072265625000000
76842308540.42077636718750000000
67571181300.88249206542968750000
87910974653.31639099121093750000
77730744380.65133666992187500000
82750214089.90519714355468750000
74132527987.93688964843750000000
64072670737.31828308105468750000
66006258320.99032592773437500000
190808011294.69018554687500000000
150216267374.27639770507812500000
119847287509.63996887207031250000
203389619312.54568481445312500000
77702842217.45866394042968750000
144159775681.11013793945312500000
114750748431.77026367187500000000
107262444339.69805908203125000000
92070107382.05142211914062500000
126433460558.98683166503906250000
120995290956.97964477539062500000
90336653383.94351196289062500000
90372694077.03872680664062500000
106426156815.07110595703125000000
71954056088.97741699218750000000
113411259999.09202575683593750000
102402623321.41896057128906250000
92765671483.12147521972656250000
143411680464.14370727539062500000
83575068613.40782165527343750000
87297830869.20980834960937500000
78847400378.08020019531250000000
124882361698.09397888183593750000
130055002849.05618286132812500000
184207881138.89331054687500000000
147622701370.86169433593750000000
97744291501.21138000488281250000
79174670456.67262268066406250000
85146016992.19625854492187500000
103462270054.48269653320312500000
78371601748.88839721679687500000
61914358834.61096191406250000000
78141188242.23214721679687500000
75885530545.18933105468750000000
182728326457.07122802734375000000
73121646148.29467773437500000000
81095922417.35157775878906250000
145481444193.89117431640625000000
72362345886.60650634765625000000
75560659406.79689025878906250000
124294863425.84811401367187500000
100816355668.11354064941406250000
70701129613.36775207519531250000
92668348803.48495483398437500000
117657626485.57580566406250000000
98391816108.75369262695312500000
172871164818.15243530273437500000
92111375032.77783203125000000000
157195380493.61743164062500000000
139263946509.88507080078125000000
481668036468.04772949218750000000
129274111319.12930297851562500000
94799013461.16038513183593750000
87414292285.00221252441406250000
95086095060.69856262207031250000
82346571115.70046997070312500000
102374100796.19610595703125000000
258524610513.88528442382812500000
93367536387.91867065429687500000
91638836860.01786804199218750000
92700527448.73596191406250000000
139146303491.56884765625000000000
95593394229.15914916992187500000
96495864167.20980834960937500000
362511457929.53283691406250000000
74904412350.23480224609375000000
69247320115.37811279296875000000
80515164351.71820068359375000000
116715144168.78063964843750000000
89323035118.91896057128906250000
87525395746.35937500000000000000
111440577579.12464904785156250000
101249297907.67535400390625000000
84342763637.07183837890625000000
110690382671.70980834960937500000
77061364744.39936828613281250000
77266363164.69476318359375000000
77550999375.40928649902343750000
382752027127.64471435546875000000
78128855498.40338134765625000000
129260715570.46311950683593750000
77106413280.60650634765625000000
87189626714.72006225585937500000
106611691772.54385375976562500000
89387406978.71498107910156250000
74905352059.98461914062500000000
73948897311.09466552734375000000
130657321648.40011596679687500000
85493099156.86544799804687500000
86110257544.48451232910156250000
70975977577.63110351562500000000
102130503669.36172485351562500000
78540686083.66360473632812500000
169387440625.24902343750000000000
83432631503.04978942871093750000
77168671747.26791381835937500000
122132438994.17645263671875000000
91369394131.89556884765625000000
85728606346.21250915527343750000
98784812643.53350830078125000000
93716061200.58337402343750000000
149708576596.23776245117187500000
72670884537.51193237304687500000
93405464081.35699462890625000000
219085824097.60180664062500000000
78419842699.65994262695312500000
102308020584.39556884765625000000
86688885728.04441833496093750000
91133311960.01086425781250000000
113839297051.26748657226562500000
136076010272.42684936523437500000
71147171357.08078002929687500000
62902615368.62206268310546875000
86866780394.41101074218750000000
97255229030.48306274414062500000
84518925063.29112243652343750000
100465984313.06188964843750000000
62207556113.51441192626953125000
167447112684.99230957031250000000
118969529848.97862243652343750000
169930982986.80435180664062500000
103923308603.15213012695312500000
122343472373.01989746093750000000
81970823783.97836303710937500000
103168196779.81872558593750000000
61570924769.88647460937500000000
231925977806.26095581054687500000
83728096686.00143432617187500000
80601181511.40719604492187500000
73047385649.34983825683593750000
81516998970.21429443359375000000
117887098510.05120849609375000000
132787469034.39279174804687500000
76742467948.07243347167968750000
121172381148.31652832031250000000
337410927548.07769775390625000000
119478240140.09887695312500000000
201299834735.12994384765625000000
160508400482.30676269531250000000
79727162931.54957580566406250000
71155822264.29324340820312500000
180587071436.12408447265625000000
81981507913.49967956542968750000
102110072063.46119689941406250000
346949777318.30578613281250000000
86305975906.01086425781250000000
128801933901.15457153320312500000
69167797720.49032592773437500000
97577492626.48384094238281250000
142171110335.10144042968750000000
95597996943.98686218261718750000
84372126075.07398986816406250000
68461902680.65161132812500000000
262037489310.35958862304687500000
139370200198.54113769531250000000
112834894853.59857177734375000000
147636034801.06826782226562500000
434576576994.41204833984375000000
143937071983.65319824218750000000
112339895160.40914916992187500000
395749670877.17529296875000000000
158803421663.27670288085937500000
91723063583.73156738281250000000
76804088155.23156738281250000000
80585470313.43954467773437500000
131909219322.27955627441406250000
160599837345.26828002929687500000
93826357962.88284301757812500000
77977911383.74534606933593750000
88126332885.64761352539062500000
253167909700.31793212890625000000
126465215630.34397888183593750000
296661614321.84277343750000000000
119521952036.17617797851562500000
103641472637.04234313964843750000
298595342480.71557617187500000000
