19068119477.67338943481445312500
8343922341.05622100830078125000
14433891184.10351181030273437500
8294480298.07377624511718750000
6472563863.04786109924316406250
24398245100.24262619018554687500
9872968909.83430099487304687500
10726586759.22504043579101562500
5031337047.63621330261230468750
5555968393.97798156738281250000
6897214268.90962982177734375000
5603985019.97298431396484375000
8299059012.12228965759277343750
18079373075.43206405639648437500
7877503733.90700340270996093750
6096358718.20618057250976562500
5540689824.44300651550292968750
8544150665.47950553894042968750
6641038678.37512016296386718750
19147557541.08469772338867187500
10111134825.35814857482910156250
23975765603.40875244140625000000
6237531600.38535690307617187500
9477151557.00019645690917968750
16352347732.64759826660156250000
11404064805.67553710937500000000
9736292864.38309860229492187500
7197739346.26519203186035156250
8739243309.45333099365234375000
7768324826.19649887084960937500
6406005091.70830631256103515625
9771452780.89461135864257812500
6227738054.93657970428466796875
4814853907.46012496948242187500
6436379090.58059501647949218750
7043308005.91744709014892578125
17412050874.91957855224609375000
11027205253.16805267333984375000
5666717878.81360435485839843750
7519455304.63955402374267578125
7311447760.89082908630371093750
7721108700.03061866760253906250
10281471634.84183692932128906250
14787165442.95400047302246093750
7125173163.57377624511718750000
14088101945.55188179016113281250
5999806809.72781181335449218750
15605642360.60758209228515625000
10379740334.85754776000976562500
10550367695.62242698669433593750
13311440220.25587844848632812500
5371005605.59607887268066406250
5278702765.59126472473144531250
6710433384.05869102478027343750
16079242577.23991012573242187500
6242171423.21499061584472656250
8897710788.14379119873046875000
12311581277.75513267517089843750
14878718091.75019836425781250000
7863102553.64309501647949218750
5409532182.05115127563476562500
5691308328.12256622314453125000
10445312465.02334213256835937500
5893908169.94758224487304687500
7901938936.82433128356933593750
5182119131.97271728515625000000
4768836815.46012496948242187500
13200980192.89713668823242187500
7190293579.03981971740722656250
5516938041.74555206298828125000
18783240672.70415496826171875000
8133938600.79154968261718750000
5302526307.62397193908691406250
11276984226.33758354187011718750
10646419456.70469093322753906250
8583546857.28089332580566406250
19264957178.03871536254882812500
6134199683.89309501647949218750
9265286426.57652091979980468750
11432158222.78488922119140625000
9482182880.56940460205078125000
8020406122.87659835815429687500
5819061549.11680221557617187500
7437207793.99194335937500000000
7227320440.58736705780029296875
16746803620.25534820556640625000
10768753232.72735404968261718750
8034856567.49489879608154296875
11871206090.31253433227539062500
29515629500.69110107421875000000
7112916137.99043846130371093750
4865929540.61290359497070312500
6300354478.59193420410156250000
7020749322.26876258850097656250
5670424165.24774932861328125000
7243285793.20831966400146484375
4892547739.91615295410156250000
8349331336.29863357543945312500
7662583132.16879177093505859375
9847085361.96081542968750000000
6616574784.35111904144287109375
10698769724.80622100830078125000
6781964459.04048156738281250000
8591937799.23466682434082031250
5853340408.94379043579101562500
14401140534.76663970947265625000
19339693252.03907775878906250000
8440738704.73360443115234375000
7497227813.13296604156494140625
8156839441.94107627868652343750
7605586062.02603912353515625000
9208908810.34183692932128906250
5988620040.51167106628417968750
5554867989.13508224487304687500
7558384814.16736030578613281250
17190067856.57485961914062500000
5353311571.60040664672851562500
6236636130.63966274261474609375
9334782243.52916336059570312500
7874120614.08309936523437500000
4733766183.82587814331054687500
4934728375.89984607696533203125
12108033959.86167526245117187500
9914767774.38427734375000000000
6828665889.04378318786621093750
8440468752.54378318786621093750
9834413009.14379119873046875000
6278518960.82722663879394531250
5273648525.14697265625000000000
7995763621.30622386932373046875
8071393207.49239540100097656250
8647388662.67814254760742187500
5953935249.87177085876464843750
5919480087.59310722351074218750
7940182314.26186943054199218750
12175429105.58936500549316406250
9261805107.24852561950683593750
13770279913.58287048339843750000
7541087960.67138099670410156250
7778370513.39668273925781250000
5286993761.83229827880859375000
9728248753.18672943115234375000
12995336136.69458580017089843750
8946817228.92380332946777343750
6721894108.32846832275390625000
5111043216.49404716491699218750
13548209434.11150741577148437500
7471036975.52549552917480468750
6466792812.13296604156494140625
7219768231.41975402832031250000
5075389382.76738452911376953125
12613415711.24689292907714843750
6167579959.99025249481201171875
6165334311.49869155883789062500
11864520664.20237350463867187500
6419846787.46916770935058593750
5029335850.25957870483398437500
4624759157.14824867248535156250
6092043191.52634620666503906250
14590331178.85426712036132812500
11157271948.04904556274414062500
7437764193.13296604156494140625
9084885103.44467163085937500000
9793593788.37066841125488281250
5794346911.07336711883544921875
7630658917.85298156738281250000
6230293556.47060012817382812500
6221818097.44036102294921875000
8408421742.79985237121582031250
5966839832.19771671295166015625
8704204013.50959777832031250000
5379665615.95857524871826171875
6790686701.27060127258300781250
6559426669.78087520599365234375
5688203701.83488559722900390625
9504896145.84481048583984375000
8899746243.03564071655273437500
6927084495.24988555908203125000
8443785063.09539508819580078125
8845577875.21252822875976562500
6567186663.11715030670166015625
6082020830.61715030670166015625
23766011363.25119018554687500000
8165025060.70831966400146484375
9050553255.30282974243164062500
29778135553.24375915527343750000
9089096762.78002738952636718750
7160118441.84798431396484375000
5418472888.64513301849365234375
7147066416.30999374389648437500
5492336708.94107627868652343750
6431887472.62549591064453125000
7601362757.27603912353515625000
10272001670.30622100830078125000
6105502692.47267723083496093750
21119047323.07761383056640625000
6086332719.53093433380126953125
7301912115.66481971740722656250
5701649276.21745777130126953125
6996518322.67769241333007812500
6777349688.39668273925781250000
25961865237.80648803710937500000
6047434792.34866428375244140625
5666576681.22933292388916015625
5030363095.59968185424804687500
5506037035.69046974182128906250
7792258674.96297740936279296875
7278610824.80007934570312500000
8678327525.85327911376953125000
8661861469.45153427124023437500
8081023481.93441486358642578125
13055665616.52531814575195312500
6410900115.42691612243652343750
8415538577.74239540100097656250
11975357378.08922767639160156250
7711080840.54378318786621093750
5226873695.70693683624267578125
5996800661.79290676116943359375
7838809955.16548156738281250000
10306772325.74852561950683593750
10980801183.36179924011230468750
6632372780.04163932800292968750
8021272843.98000431060791015625
6986991573.87704467773437500000
6774376625.57722663879394531250
8281050041.94728565216064453125
5427810071.34678077697753906250
5338400635.16226291656494140625
7982749162.51008319854736328125
10626187373.06052017211914062500
10427112162.08087539672851562500
9185137573.52916336059570312500
9420652908.39617347717285156250
5176622111.32625007629394531250
6588681375.79798507690429687500
8395621712.44845771789550781250
4932929161.09649848937988281250
5940230533.41907501220703125000
7715862553.83287239074707031250
5322339511.28361701965332031250
5738460386.16602420806884765625
6915909071.85882377624511718750
6141482460.06360435485839843750
16781295566.62764739990234375000
6842950566.62549591064453125000
7708963932.58580589294433593750
12191670684.91805267333984375000
9261563674.42989349365234375000
20530251728.24882507324218750000
9167018040.55728912353515625000
10584293562.99871444702148437500
5039844824.04115295410156250000
6825050912.35298156738281250000
11612121724.50105285644531250000
6946584118.90850353240966796875
11765855103.89744567871093750000
6238692365.88825607299804687500
25381574744.56615066528320312500
10530880283.58074951171875000000
5305515035.40858936309814453125
6007332611.86700344085693359375
7898318390.18441486358642578125
16075141929.04798316955566406250
5227011896.57930183410644531250
26088129958.19334030151367187500
7726182369.66548156738281250000
8974881921.98125076293945312500
7263728284.44845771789550781250
14066827820.93799972534179687500
7035065920.52764701843261718750
6396497732.64332675933837890625
5327814338.69649887084960937500
5112818193.05221939086914062500
5084928451.96938133239746093750
7325912843.81374168395996093750
18517693625.86279296875000000000
13725281900.80628585815429687500
7429903057.49043846130371093750
5240147255.94833469390869140625
5809723274.59933471679687500000
7453026839.65691184997558593750
17028183987.74371337890625000000
9357551134.82494735717773437500
5411486979.82319068908691406250
13052829017.24513626098632812500
7181945656.95333194732666015625
9979002336.85865211486816406250
8645369942.65259361267089843750
7450141730.65259361267089843750
7710594286.88424110412597656250
6070277636.54048156738281250000
5006902599.59496307373046875000
8513884223.23395633697509765625
6245837778.77575969696044921875
16863838793.33749389648437500000
25554095340.96942901611328125000
8197425798.44845771789550781250
6458843609.06334877014160156250
11083959271.56929588317871093750
20523739682.69778823852539062500
12499843942.73678970336914062500
9853412777.06770515441894531250
10975186280.90096664428710937500
7450743438.04819107055664062500
8295957624.52117347717285156250
12684254651.22880554199218750000
5223071565.25479888916015625000
7140129758.94926261901855468750
9187485685.62629699707031250000
8744542905.13302612304687500000
9814544557.64379119873046875000
9525124685.95510482788085937500
4818709837.39992618560791015625
13103403320.10232162475585937500
5743071645.05191326141357421875
7538775120.63988685607910156250
9850175884.68672943115234375000
5851759960.18614387512207031250
5595098857.54163932800292968750
6290176933.52335071563720703125
5848420164.88104820251464843750
8766758281.52886962890625000000
7626532049.73466682434082031250
4712260308.15890026092529296875
7738578309.28089332580566406250
5643973271.41080379486083984375
5728815079.53429985046386718750
5847595386.00554656982421875000
12913224399.93293190002441406250
10422497611.95153427124023437500
5607368054.20493412017822265625
14236635343.76957893371582031250
6821619630.26519203186035156250
7723425045.44585323333740234375
11308866653.92742347717285156250
12297065791.58411407470703125000
13200557187.81693649291992187500
21070819615.38562011718750000000
6956747172.67417430877685546875
11367777858.33949279785156250000
5456239820.86053180694580078125
5831179576.73248767852783203125
14486103706.97132873535156250000
7048905127.50268363952636718750
4600573841.49329853057861328125
10347452517.38432502746582031250
8594120214.21614456176757812500
7610628641.14812660217285156250
8967903452.56964874267578125000
5710133817.17907428741455078125
7345812809.23360443115234375000
6360803723.25755214691162109375
5298331987.14106369018554687500
6173276790.34756660461425781250
7114146162.97288703918457031250
6052501013.03281974792480468750
5378219579.11538887023925781250
8068603095.37512016296386718750
5119846966.74329853057861328125
7922122696.10467243194580078125
8162091762.76876258850097656250
4967552528.25307750701904296875
4800619920.29618644714355468750
9777452515.79828071594238281250
10305628032.69483757019042968750
14046849372.12903213500976562500
10199579508.85865211486816406250
22492538257.75495529174804687500
9155190116.89666938781738281250
11632900356.46791076660156250000
14255022600.45296096801757812500
5807413547.80622386932373046875
5406933179.81540966033935546875
17775919682.07797241210937500000
5548572934.15891456604003906250
7452175377.13535690307617187500
6906225594.94107627868652343750
9116983658.80282974243164062500
11022516009.43060302734375000000
10278726682.41904067993164062500
9126576670.06068801879882812500
8299096606.06037235260009765625
8539477465.94728565216064453125
6765830624.54461383819580078125
9738052296.71784591674804687500
7730822313.66879177093505859375
10108179865.01132965087890625000
5397927927.90890026092529296875
15665092722.63135147094726562500
7082967514.19882774353027343750
5059856744.68754959106445312500
5044921093.00957870483398437500
8074485653.73360443115234375000
5487309892.36538887023925781250
8390341665.86150455474853515625
5046021501.94623756408691406250
5087976782.01344871520996093750
6799825856.30660533905029296875
5917559730.20618057250976562500
9985901047.42876434326171875000
12250304110.20247268676757812500
9667072515.06411170959472656250
5739163421.11949253082275390625
12038187047.75465774536132812500
6052224005.28262329101562500000
7140572792.52117347717285156250
4661897756.20858955383300781250
6056213556.18427944183349609375
5749791103.03025817871093750000
16118345385.43339538574218750000
5384678328.83821487426757812500
5495844381.00997734069824218750
5384550361.96807289123535156250
11323822625.50631713867187500000
8486060124.68083763122558593750
6782927193.04786109924316406250
5014349068.44485473632812500000
6251579041.36248683929443359375
5534628613.05191326141357421875
9723648306.43793487548828125000
6023995534.13497734069824218750
11679144857.65863800048828125000
9442660652.22735404968261718750
15184473328.29087066650390625000
8156704296.08059501647949218750
8383583698.73230552673339843750
5016435247.06996917724609375000
5221383137.44833469390869140625
27309649672.83172607421875000000
5488539999.08769416809082031250
7608757680.21674537658691406250
10136526628.64070892333984375000
14376597549.47299575805664062500
5850299692.18309879302978515625
6921912720.21614456176757812500
5388110411.23265075683593750000
5685183450.60047721862792968750
6424782613.92769241333007812500
6554987828.88424110412597656250
10537783436.95131492614746093750
12491633040.07140731811523437500
8548575474.29362964630126953125
5234172562.56368255615234375000
5788767700.31004810333251953125
10881243692.58936500549316406250
4616441102.36796092987060546875
19172360324.17282867431640625000
10835920034.39631843566894531250
8427741611.48472690582275390625
9250925512.75683593750000000000
6533578743.42872905731201171875
8336582127.71950340270996093750
9301369074.53476905822753906250
8182710545.02916431427001953125
5370359667.52335071563720703125
6140820465.53951358795166015625
19065450968.84956359863281250000
5060682665.81363964080810546875
7802217199.67417430877685546875
7351182445.97950553894042968750
6882589734.67872905731201171875
5397993799.79904556274414062500
6926535824.72779846191406250000
9103115819.32200050354003906250
10636161928.21405601501464843750
5779518979.18754959106445312500
8824682922.94467163085937500000
6422655952.64371490478515625000
5690461219.83515262603759765625
5386823358.32766628265380859375
5670324417.26876258850097656250
6784349962.43441486358642578125
7471372914.74897193908691406250
4735286271.82587814331054687500
7260739361.30282974243164062500
8623709178.53061866760253906250
6310447223.30013656616210937500
5919286099.43447780609130859375
7740955206.06591796875000000000
5983679041.40862369537353515625
8824590262.11890411376953125000
7191240739.86027145385742187500
8201381877.35118675231933593750
14042738799.08649063110351562500
5478926315.32587814331054687500
5756721040.30230045318603515625
10578872172.74852561950683593750
5523826965.93430042266845703125
4776479845.89992618560791015625
8125384603.74988555908203125000
23025832214.76235961914062500000
7806043716.10111904144287109375
10313838973.84560012817382812500
8755068305.18661117553710937500
5818005835.02179336547851562500
7986415383.27634620666503906250
6128750467.21466255187988281250
5846859606.65862369537353515625
13703174403.76519203186035156250
7064455032.96371173858642578125
4764353879.63621330261230468750
5637810864.95263004302978515625
4359722353.81325244903564453125
9913343158.58303451538085937500
5390953775.54115295410156250000
7712490340.31004810333251953125
9209844924.04926300048828125000
4951715543.40890026092529296875
6459208912.74897193908691406250
6555390468.52803802490234375000
6148228569.12801074981689453125
8138524205.79467773437500000000
14131927004.99896430969238281250
5819908328.30193710327148437500
6565622314.13535690307617187500
8709374509.22497367858886718750
5811681292.58059501647949218750
16344511392.13256835937500000000
5753150549.63508224487304687500
7461067115.33887958526611328125
10803351124.92799568176269531250
5856233062.11680221557617187500
9921133003.65467453002929687500
12011052341.92930221557617187500
5732773070.07060050964355468750
5710824015.91907501220703125000
5086970564.35713577270507812500
14122790426.80143165588378906250
8720947404.68672943115234375000
9824409482.44440460205078125000
7729688640.85882377624511718750
36317137894.84720611572265625000
9080908092.24741554260253906250
6080712724.89282035827636718750
6779842198.74400329589843750000
6127768201.31834793090820312500
6471435284.94379043579101562500
15724584076.34267997741699218750
11313866286.08287620544433593750
11160815906.72841644287109375000
8567830553.84276390075683593750
6742369512.90962982177734375000
6361082548.83298873901367187500
9209107505.25019645690917968750
19922535216.41037750244140625000
7086579937.91504478454589843750
7253405051.55622100830078125000
13310834562.76210021972656250000
5511738615.46949672698974609375
5260926943.19918537139892578125
7342718077.36150455474853515625
13346816228.98388671875000000000
7377648603.21614456176757812500
4784608188.26866722106933593750
8918874461.22919845581054687500
5300782515.78262329101562500000
6825046020.57377624511718750000
12349667217.83950805664062500000
5565280021.69154930114746093750
4748325827.81540870666503906250
5249770443.81540966033935546875
7603275044.79904556274414062500
14694872311.88068771362304687500
5037016826.41701698303222656250
12506869110.08558273315429687500
6021964998.42319297790527343750
7009786283.18522834777832031250
10644090495.32433319091796875000
7379348016.28087520599365234375
8944038714.65099143981933593750
8808430120.87659835815429687500
5916760539.93381118774414062500
11001455526.37045669555664062500
5190028657.98826980590820312500
5735399751.12228870391845703125
8810698813.03476905822753906250
6716978500.68754959106445312500
5909360271.84261131286621093750
8063442895.07377624511718750000
9975111316.82963943481445312500
6823843292.30193710327148437500
6823383312.18754959106445312500
8221891383.13758373260498046875
5714171976.14371490478515625000
6032564432.71252822875976562500
13050089554.62693786621093750000
6602008514.29186439514160156250
6740806848.97666072845458984375
11329221585.43932533264160156250
10065336732.85865211486816406250
10761402056.53205680847167968750
17751630100.30047607421875000000
7122759007.42932510375976562500
9256175688.05728912353515625000
13444058012.22275161743164062500
15451375063.90456008911132812500
5084158795.81325244903564453125
8854174737.45959854125976562500
11091237524.23915290832519531250
9230080836.04926300048828125000
13982015061.67998123168945312500
5124647222.77983093261718750000
5737956445.58171176910400390625
6826761027.68427944183349609375
8458972347.72779846191406250000
5400741988.04215621948242187500
5605024353.81479358673095703125
5841037227.24400329589843750000
6094015963.87298202514648437500
5141146158.90162754058837890625
6199753238.61422634124755859375
10885174753.41263198852539062500
13530026689.65304183959960937500
13850464177.33758354187011718750
5082082065.45028305053710937500
10784337163.33758354187011718750
9978187793.33697128295898437500
7447273474.96916770935058593750
16631771926.31019020080566406250
5986543635.62512016296386718750
5810534674.36718559265136718750
9178399332.14070892333984375000
11507649841.08456611633300781250
14758722883.20081329345703125000
9196470949.68444061279296875000
6455557178.52549552917480468750
5966242275.89823341369628906250
9647765039.43444061279296875000
5225667990.45028305053710937500
7717654254.67814350128173828125
8061874384.74741554260253906250
10068450525.90526008605957031250
17101998144.59008026123046875000
10357795244.57652091979980468750
6615750183.05299568176269531250
9957543101.43248748779296875000
17053854253.23529243469238281250
12747670736.57332992553710937500
22884102934.81697845458984375000
5548631700.02764701843261718750
12060175549.97703933715820312500
5770213184.48826980590820312500
7786475965.42769241333007812500
5507797899.93542861938476562500
5829688051.78475570678710937500
6953449306.25601005554199218750
5792229145.91929817199707031250
6219291401.38825607299804687500
6208322552.58736705780029296875
5384605296.11538887023925781250
10321181524.14874267578125000000
5203979414.24487686157226562500
5964082042.71252822875976562500
5130055091.43602657318115234375
8216747298.84798431396484375000
7101926348.34480953216552734375
6324931539.65691184997558593750
5353967870.55189609527587890625
10287596522.74354171752929687500
4980522115.59176921844482421875
5046736908.29215621948242187500
12751920624.89852523803710937500
6362632492.06728935241699218750
6475839581.04513359069824218750
7614891366.88424110412597656250
8392871903.34481048583984375000
7024306818.12298202514648437500
7277763734.80189609527587890625
6645912304.61395263671875000000
6573761466.22558689117431640625
6217986399.92454338073730468750
5902350658.33515262603759765625
13247042406.33810806274414062500
7702814220.35237407684326171875
7230473146.28950119018554687500
4781852567.14561271667480468750
7400109889.96720314025878906250
10742156090.55151939392089843750
11798934500.44832420349121093750
5833908371.90514183044433593750
6369952917.36542892456054687500
9148823863.25048446655273437500
6097013421.81374168395996093750
6424374119.81540966033935546875
5530911252.70801162719726562500
5353099879.48342800140380859375
4517756562.66012573242187500000
5233159735.33657932281494140625
5814019363.03209590911865234375
7595997366.45212268829345703125
5543273661.10123252868652343750
7450670150.86542892456054687500
5302128242.91974353790283203125
5695758771.47576713562011718750
5767798786.85200119018554687500
8917818288.95710372924804687500
7872765710.94467163085937500000
13854408310.43569374084472656250
5646384917.50957870483398437500
11422886340.29423332214355468750
5925935321.10040664672851562500
12272391204.32005310058593750000
12526400928.75034713745117187500
7950045355.25019645690917968750
7774746904.83649253845214843750
8225420295.70464038848876953125
9972130358.64379119873046875000
12128289191.32366943359375000000
5319390177.68517589569091796875
6876726238.79154968261718750000
7324283362.79048156738281250000
6554823464.96499061584472656250
6686797911.01299667358398437500
6464348766.21466255187988281250
6129930179.35690307617187500000
6229749800.21499729156494140625
17119585172.33451461791992187500
5351613231.00615882873535156250
6345634740.24404716491699218750
8118358147.76299667358398437500
5462709760.60622406005859375000
5391588706.36538887023925781250
8983427588.85865211486816406250
9584323322.84481048583984375000
14429565220.24224853515625000000
6415418786.86700344085693359375
9782971138.41602325439453125000
8025610886.59261131286621093750
7956184940.11512470245361328125
9195856289.56940460205078125000
5735503720.75425148010253906250
9014003674.21674537658691406250
9109930364.49607658386230468750
6574468533.63966274261474609375
5495630783.32319068908691406250
11002656990.34786987304687500000
5919270045.07319068908691406250
8991751533.41563796997070312500
9150212750.13449478149414062500
9669124311.82494735717773437500
10813102562.29334259033203125000
9528250056.30622100830078125000
5470781638.36137104034423828125
5652307006.81374168395996093750
4389997101.44928932189941406250
5788362210.42989444732666015625
5625442003.44809341430664062500
6303095631.68199825286865234375
10101611659.32963943481445312500
23616104970.82126235961914062500
5060228965.11480617523193359375
6303389957.71720314025878906250
14815175630.68783950805664062500
8257199113.39617347717285156250
9134458563.68444061279296875000
6413208943.01167106628417968750
7160570281.66071414947509765625
7615599500.95153522491455078125
8523543879.62980079650878906250
5759968047.41080379486083984375
8313659475.45962905883789062500
17007544829.13696479797363281250
15664832796.60651016235351562500
25515265770.40995788574218750000
12690875452.07091712951660156250
5670390969.54109191894531250000
6526700433.35339641571044921875
8346705867.81298637390136718750
6162531431.97288703918457031250
11814136584.51675033569335937500
7938561728.27060127258300781250
9286031382.50019645690917968750
8917361484.33887863159179687500
12746046265.40787315368652343750
18981378827.19531250000000000000
5707986725.05230045318603515625
7567066547.07248592376708984375
6419644067.56360435485839843750
12770918267.30945968627929687500
4703973480.25558280944824218750
9138359448.11913871765136718750
6148364742.40446090698242187500
7760951474.19553756713867187500
8056165877.96371173858642578125
6902788409.34866428375244140625
12146924230.74234771728515625000
23400442839.03125000000000000000
5594987649.29410743713378906250
9407165339.23999786376953125000
5815246755.78063869476318359375
8554127695.82494735717773437500
7392551457.66536331176757812500
9434398126.86592864990234375000
7677117831.96561241149902343750
7970617977.35667419433593750000
5233186884.61383724212646484375
4779009300.88457870483398437500
13641237784.79599380493164062500
5357980125.25558280944824218750
7303021651.41636943817138671875
4999657710.83625316619873046875
13981232427.60286331176757812500
14904564771.71509361267089843750
5901154261.30693721771240234375
7161265564.00554656982421875000
5577147344.70109653472900390625
6152087033.73400688171386718750
6134318668.91736030578613281250
5024275097.54985237121582031250
5970993182.54379081726074218750
7881743743.89543342590332031250
6810751181.76790237426757812500
7802339696.95710372924804687500
6312684065.93825244903564453125
9668408760.91914749145507812500
6725568188.99329853057861328125
13051091146.99739456176757812500
9536158537.31113815307617187500
6100893954.91504478454589843750
5938100843.86389923095703125000
5512205428.56511306762695312500
9864299324.42380332946777343750
8284988870.01272964477539062500
10910489384.42799568176269531250
9391988158.82127952575683593750
9736046563.94440460205078125000
5269559154.93369102478027343750
10121908102.37228775024414062500
14255209200.71542358398437500000
5502484445.10298156738281250000
4499338527.70959663391113281250
7601277651.04461383819580078125
4999468446.64561271667480468750
6318457830.08649253845214843750
15322772864.36862564086914062500
10709863755.26304817199707031250
13358204475.84300613403320312500
5116499597.48342800140380859375
5592062280.24774932861328125000
9451943135.05439758300781250000
16807848618.63449478149414062500
5560211778.64108085632324218750
12398348804.45028305053710937500
5172344358.79231357574462890625
12194534952.08936500549316406250
5577028815.69154930114746093750
20087698189.83816909790039062500
5515630545.10123252868652343750
6046928537.58641052246093750000
6794185829.38166427612304687500
6784368328.59261131286621093750
8647003801.65976905822753906250
6259732175.74236297607421875000
6206823811.24852561950683593750
15872782641.80062866210937500000
8935532843.81266403198242187500
12793578670.84466171264648437500
5310502136.26738452911376953125
19468958474.30234909057617187500
5599561598.23112773895263671875
6991908149.08899784088134765625
9005675287.24741554260253906250
5524410635.85552692413330078125
5046856067.06996917724609375000
5908524763.61095714569091796875
10147275335.93248748779296875000
11177322704.65693664550781250000
7992325714.44852447509765625000
5944398801.18885993957519531250
11038172960.46313476562500000000
5439071335.24555206298828125000
6461998221.98883628845214843750
5186900006.24779891967773437500
5227893625.31314849853515625000
30555425815.40861129760742187500
6946961322.00785446166992187500
14786530160.33476257324218750000
8310985955.42876720428466796875
7992675121.17517089843750000000
15378738826.74607658386230468750
5012884359.91844367980957031250
5855499165.66071414947509765625
9711725556.18672943115234375000
5493374472.87442493438720703125
10949271183.06209945678710937500
7532491900.50354194641113281250
6753908459.24702167510986328125
20176640934.02801513671875000000
6783827362.28507232666015625000
5020266344.90633201599121093750
13584457864.90424537658691406250
6251313500.61798095703125000000
5776096115.48027133941650390625
5537394072.73000240325927734375
4765144667.13508224487304687500
14834099397.16966056823730468750
10571545620.46155738830566406250
19032752211.06880950927734375000
10614625308.72853469848632812500
5567039759.20801162719726562500
6696523635.07293319702148437500
7135802088.90349578857421875000
5235395901.04371166229248046875
9623671398.82494735717773437500
7038289017.47060012817382812500
11513069461.61721420288085937500
12430508290.33653259277343750000
8745903138.20463943481445312500
11135173397.92526817321777343750
13550023831.65581130981445312500
4473719569.59968185424804687500
7036713334.26299667358398437500
11237648962.73915290832519531250
7230907616.58059501647949218750
9179871568.08936500549316406250
7513710165.09539508819580078125
10160039016.61549377441406250000
5252368101.13430023193359375000
13361626289.38917160034179687500
6608500991.03981971740722656250
5997619467.25793170928955078125
6670857556.16274356842041015625
12597379136.69000816345214843750
5940309269.61095714569091796875
7870903689.83298873901367187500
4370529749.04958057403564453125
9195560267.16481971740722656250
5133214575.09176921844482421875
5317394309.39666938781738281250
6268524317.71781826019287109375
9478813344.40347671508789062500
7437329544.99449253082275390625
10544266510.01422119140625000000
9652668197.60754776000976562500
5935611017.81004810333251953125
7990515112.41975402832031250000
6016853727.94728565216064453125
15738386771.69798278808593750000
7881457987.62549591064453125000
5393820161.48014831542968750000
5727070953.26108551025390625000
9242744375.29154968261718750000
5550597449.57820892333984375000
19715662094.50614166259765625000
5310116760.32334136962890625000
11198415380.73915290832519531250
5125965144.31266307830810546875
5557802441.52335071563720703125
10362433795.19483757019042968750
7000744035.16535854339599609375
10478302036.08936500549316406250
9418651568.29154968261718750000
5527504185.30622100830078125000
6417962413.62228870391845703125
13157782177.83372688293457031250
9849439996.67642974853515625000
7711178687.07377624511718750000
5749763724.52549552917480468750
17514020220.81582641601562500000
6780470044.93369102478027343750
4189965854.01008176803588867188
14332069347.00234222412109375000
6163184460.01901245117187500000
7606414324.23921298980712890625
11825334379.18799018859863281250
10192822690.10062789916992187500
8597639600.41643142700195312500
8341886042.27603912353515625000
8380211403.28950119018554687500
6500092134.70853137969970703125
11658895594.08936500549316406250
5843512494.34044456481933593750
10603558648.80622100830078125000
9926253509.74320220947265625000
7990816684.36949253082275390625
14690817546.71335792541503906250
5244278138.14524078369140625000
6773617261.31940364837646484375
9075504217.62612533569335937500
7703245755.04786109924316406250
5928084572.64108085632324218750
5086216230.26162910461425781250
17174586730.52404022216796875000
8474398973.21938133239746093750
10741617320.39631843566894531250
15452920793.19004821777343750000
7952940661.03880310058593750000
8333037015.66183471679687500000
11321501613.99516868591308593750
9252600531.20850753784179687500
7716909707.74702167510986328125
7687764939.04163932800292968750
8530100695.06763362884521484375
5015053216.26012611389160156250
7318776105.24239540100097656250
11738492999.36177635192871093750
9109198157.89446640014648437500
8189624502.91354465484619140625
21889618713.69677352905273437500
5597163423.76711273193359375000
10843517280.39897155761718750000
8108004231.84480953216552734375
5674592343.52547264099121093750
11668292350.48592758178710937500
6103250269.97576713562011718750
5131573092.67691612243652343750
8221399276.85118675231933593750
8599794275.23466682434082031250
8651949983.19467163085937500000
6199067842.59936141967773437500
5746705855.90982246398925781250
7445563597.79467773437500000000
7263465108.11366653442382812500
16225497933.52786445617675781250
9092314998.06503677368164062500
7781142611.74003410339355468750
7843902049.85882377624511718750
5574606206.23265075683593750000
5605772423.68606758117675781250
14706279128.38403320312500000000
5271379570.19030570983886718750
7057689842.80230045318603515625
8286676865.47527313232421875000
15749484698.46175193786621093750
5172161170.42102718353271484375
8365680936.89082908630371093750
4378003589.56796073913574218750
8619757351.00443458557128906250
10999953846.66643905639648437500
8675679366.27603912353515625000
5949653147.17675018310546875000
5536792913.02547264099121093750
6034599913.57078647613525390625
5592641693.11881828308105468750
5986164029.20522689819335937500
8360042801.54186439514160156250
6529660147.34963130950927734375
7127235688.02767848968505859375
13514776905.61854171752929687500
8366085791.96316528320312500000
6120092591.99702167510986328125
6766612370.34261131286621093750
8924662253.22961235046386718750
7028742895.17769241333007812500
4793136915.93602657318115234375
5253322205.69470405578613281250
6918011363.74487590789794921875
5757768882.57180786132812500000
4992120776.38555240631103515625
7417054790.70853137969970703125
6633156456.03142738342285156250
13787312589.56657981872558593750
6027176779.30899047851562500000
10264709137.43248748779296875000
5454224466.70123291015625000000
7805591650.93565559387207031250
9264447875.49559783935546875000
6151877545.73466682434082031250
20712166070.26186752319335937500
4812973491.14824867248535156250
7309377270.85118675231933593750
5350193136.74293518066406250000
8490006171.94317913055419921875
6109252619.03981971740722656250
12440061316.61661338806152343750
6218128600.63473987579345703125
7303304933.49953842163085937500
5105071887.03025817871093750000
5438391837.69603538513183593750
7906441517.44107627868652343750
6648629135.44872283935546875000
9557619469.89618682861328125000
5150492057.48866653442382812500
5429140313.94300651550292968750
6431592686.96297740936279296875
14455226024.91803169250488281250
6168600737.63526916503906250000
11225309739.00708389282226562500
6187015948.62930011749267578125
6002099299.73778533935546875000
7432009560.13966274261474609375
9472498706.89631843566894531250
6744547546.42769241333007812500
5990766263.69771671295166015625
10831952664.00711059570312500000
7655717819.54513359069824218750
9280864442.93228912353515625000
8923382881.79926300048828125000
6047163894.87618637084960937500
5872046167.30899047851562500000
15713033538.24861526489257812500
8261099065.04926300048828125000
23111714654.63621139526367187500
4777614456.38291454315185546875
7883514359.85298156738281250000
7181843406.44700622558593750000
7191397852.14737701416015625000
5828608633.63101005554199218750
5791327969.93447780609130859375
12671102833.13183593750000000000
6963674419.62477111816406250000
7648777774.61395263671875000000
11768152858.06285476684570312500
6156808326.94700622558593750000
5648040542.02803802490234375000
5576590583.48890304565429687500
4514961383.26008224487304687500
6715912140.19553756713867187500
28864871688.04607009887695312500
6281465016.45142269134521484375
5657029076.05031394958496093750
6637714923.73596191406250000000
5651421197.48342800140380859375
5660643803.11152172088623046875
6065714564.77265930175781250000
19179767594.05899810791015625000
17691855288.77044296264648437500
9778827290.81940460205078125000
21132199358.80490112304687500000
7263785024.58821582794189453125
6042800922.58059501647949218750
4442365337.99291610717773437500
7225026277.70263004302978515625
5046142749.08769416809082031250
5213742491.30282974243164062500
6262423478.36027145385742187500
4745938400.59126472473144531250
4871722833.99404716491699218750
6151015372.20263004302978515625
8960730501.40700340270996093750
6730688229.09543418884277343750
4812673793.59968185424804687500
5952930868.03950119018554687500
8350892370.51272964477539062500
7888238321.97666072845458984375
4902352894.21540927886962890625
8145519381.34798431396484375000
6543812435.00354194641113281250
7322149711.32652091979980468750
6431467673.79048156738281250000
5339817381.98890304565429687500
7188157950.87999343872070312500
8303232581.09756660461425781250
7342483287.28390026092529296875
5064651372.44758224487304687500
12248121221.05721664428710937500
7407208419.18083763122558593750
10934828862.50727844238281250000
5879722231.36383628845214843750
12755201317.64654159545898437500
6338962368.81097698211669921875
4877908395.41615295410156250000
8109548811.19882774353027343750
6795524780.66548156738281250000
5481480937.50997734069824218750
19629376675.28938293457031250000
13950129018.40237426757812500000
5354077457.10315322875976562500
8585211241.78089332580566406250
7026546002.44852447509765625000
12112620663.04034423828125000000
7464622708.74404716491699218750
5392717647.79290676116943359375
8541395782.46720314025878906250
5157453177.59607887268066406250
7230689532.83202552795410156250
5996301443.18614387512207031250
6312830987.08093452453613281250
6123538489.55013656616210937500
7405907028.52936935424804687500
5416378041.12256622314453125000
9002019156.16481971740722656250
10622601088.30622100830078125000
8495520571.29362964630126953125
9105008300.80282974243164062500
6267807711.40349578857421875000
7029685366.47527313232421875000
5400543065.59126472473144531250
10461696803.11690521240234375000
9989076805.50481796264648437500
15385141781.00647354125976562500
11899233868.58871078491210937500
5792509105.99549961090087890625
8282730551.50268363952636718750
11750942616.03259658813476562500
12870023555.34904289245605468750
5489352135.68606758117675781250
5338620733.92070007324218750000
9221583021.28068923950195312500
8891564564.96085739135742187500
9385367464.15986824035644531250
17687010087.83020782470703125000
6161266307.75601005554199218750
6244528575.27179336547851562500
14325465518.29370117187500000000
4968704424.43754959106445312500
6352293469.61695003509521484375
6283007602.25099182128906250000
16364525390.23823165893554687500
10568545395.82712173461914062500
7972080570.62930011749267578125
20503712237.70918655395507812500
6130672939.49988555908203125000
5741071371.91411590576171875000
7824421067.03476905822753906250
10452534502.45933151245117187500
5338975151.02884387969970703125
9992198747.54215621948242187500
5455704179.48014831542968750000
9999377795.43248748779296875000
10771731478.14225387573242187500
12592219310.40573883056640625000
8019265845.62298202514648437500
6286947763.14711666107177734375
5967379138.95962905883789062500
7392946523.39737701416015625000
9258651971.52548980712890625000
6244095108.39823341369628906250
11882401256.35932540893554687500
4489106342.78262329101562500000
10332440211.23360443115234375000
10440947288.70318603515625000000
8357607452.79236030578613281250
10338565075.72735404968261718750
6324829170.40446090698242187500
7733072075.60044670104980468750
12384490039.19091796875000000000
9824364487.13196754455566406250
5707688125.69551086425781250000
4172013809.76008176803588867188
7812588807.94632720947265625000
8008155969.18661212921142578125
5324743371.44809341430664062500
8735333014.45393753051757812500
7997868214.14737701416015625000
8158363422.02767848968505859375
8960051759.44632720947265625000
4475256453.06012535095214843750
4763019938.44485473632812500000
5438749934.54547691345214843750
8922933253.33917236328125000000
10592181908.82712173461914062500
6343028091.03281974792480468750
15373742880.76768112182617187500
16706908426.21745681762695312500
6213332183.21530151367187500000
9007589181.75785446166992187500
8759646496.10754776000976562500
7421647985.43661212921142578125
5098736365.40633201599121093750
8481149051.23360443115234375000
7401348411.34276390075683593750
5818859523.34379100799560546875
10475219760.89631843566894531250
12501958893.08606338500976562500
5209921354.54107666015625000000
13020452445.90345573425292968750
9170562145.93248748779296875000
7281190918.08899784088134765625
5288628095.69551086425781250000
8430734342.46720314025878906250
8695081175.02767944335937500000
5951365305.83804798126220703125
7152889322.25793170928955078125
5933800168.42417430877685546875
5794391834.78507232666015625000
5306388546.62059307098388671875
5207142528.90162754058837890625
7342572499.89617347717285156250
8544418971.87999343872070312500
6058987940.36186885833740234375
5544187784.77107810974121093750
5581639651.25425148010253906250
11919837570.35932540893554687500
5470916360.40162754058837890625
8690945736.71252822875976562500
5294720001.56368255615234375000
4809452106.83625316619873046875
5127131843.70959663391113281250
11235510242.72497367858886718750
6049442619.73479080200195312500
6504408961.91551589965820312500
10398143260.22735404968261718750
8575928994.66879177093505859375
6822334527.11512470245361328125
8602950274.98125076293945312500
11048617870.65445327758789062500
4714874608.29618644714355468750
9699876147.85754776000976562500
8716005600.53476905822753906250
4979784143.64599609375000000000
6874155994.02767848968505859375
5433855947.30660533905029296875
10084548920.97490692138671875000
9733653494.92799568176269531250
6981032312.59539508819580078125
4949417860.29649829864501953125
5129019291.93602657318115234375
4623469995.32625007629394531250
7617333649.97666072845458984375
5171339905.05189609527587890625
5110128865.05189609527587890625
11329655454.90062332153320312500
8119516159.29926300048828125000
5941446102.36216354370117187500
6178811342.63377952575683593750
8085790165.48125076293945312500
12360876181.24976539611816406250
14252874503.60900497436523437500
5478505940.32078647613525390625
6966148434.38255214691162109375
7337944233.24897193908691406250
5884410695.68754959106445312500
5857706293.40691184997558593750
7530416095.21781826019287109375
21039762264.55884170532226562500
9049338116.24741554260253906250
6094376696.40850353240966796875
7225994252.51272964477539062500
11411631766.04141807556152343750
5171305528.47271728515625000000
6608396848.09310722351074218750
14596870739.59537315368652343750
5669409922.72966575622558593750
10693924540.72779846191406250000
4497061531.16796112060546875000
6527417804.58309936523437500000
8037839370.26876258850097656250
5941862697.22781181335449218750
6943729578.83298873901367187500
5867132604.34310722351074218750
9344934220.62612533569335937500
5441853798.64524078369140625000
10713312735.11897277832031250000
6840117008.40587997436523437500
6158065106.02764701843261718750
6909752353.82433128356933593750
6455353673.74003410339355468750
6396216407.53087520599365234375
24510418185.17478561401367187500
8216850555.36539077758789062500
4589752558.36796092987060546875
29539870099.10665130615234375000
7196369229.61095714569091796875
6241035315.99025249481201171875
13878020807.80283737182617187500
26780218740.55511474609375000000
7675930730.34261131286621093750
5536724420.92691612243652343750
19728691046.45535659790039062500
7056880562.43657970428466796875
7255985532.31298637390136718750
5466996543.84176921844482421875
6215494601.78390026092529296875
5271537442.47439765930175781250
7278505766.77179336547851562500
7515502769.57293319702148437500
10153415717.73915290832519531250
10380615991.30699157714843750000
6552829315.39617347717285156250
6304499077.88377952575683593750
7893108299.20850658416748046875
5460619719.69603538513183593750
11320908270.60996055603027343750
6451185355.12519836425781250000
7484980371.29362964630126953125
13244448362.83081054687500000000
24825126756.10496520996093750000
23584058544.92152404785156250000
8129550404.45962905883789062500
6008753163.80601024627685546875
6909023090.45831966400146484375
5476431562.81088542938232421875
9414625263.46069717407226562500
7426761820.45710372924804687500
28117329908.26698303222656250000
8775443484.13993835449218750000
4625779689.30959701538085937500
5769178634.15349578857421875000
6699939632.15691184997558593750
6008227872.51761245727539062500
6946333745.49239540100097656250
6605421862.50443458557128906250
7801874963.45333194732666015625
5982352454.80773067474365234375
5053851074.97271728515625000000
13803539538.94438171386718750000
11256585835.23915290832519531250
6634013645.44585323333740234375
10540329358.73400688171386718750
8363380899.00710964202880859375
4786455153.25479888916015625000
7135376562.56360435485839843750
8778408388.34360885620117187500
6433628632.13296604156494140625
10909159618.35754776000976562500
5396831678.50425148010253906250
12204542393.26455688476562500000
8089863185.45831966400146484375
5143667500.83488559722900390625
5880925663.09933471679687500000
6055264039.77575969696044921875
7915071621.67769241333007812500
8883854164.40700340270996093750
10978001918.07963943481445312500
8586367160.33287239074707031250
7358678196.77634620666503906250
6074509023.82494735717773437500
7432218496.30773067474365234375
12452252730.87327575683593750000
8239433882.63908672332763671875
5832002117.20967769622802734375
11908718580.98479080200195312500
5585557513.36383628845214843750
5194712748.16071414947509765625
8910356573.98125076293945312500
10605879852.49452400207519531250
12041339844.90665817260742187500
5629795104.73472690582275390625
9736567753.14379119873046875000
8322596304.93661212921142578125
5569901211.34107685089111328125
7960578202.13449478149414062500
9973190380.68185806274414062500
5957054044.57964038848876953125
10123236059.85550498962402343750
11096549439.74566841125488281250
7339825315.62228870391845703125
24330648293.86560058593750000000
9534590571.29828071594238281250
6948461643.79290676116943359375
8005131673.40587997436523437500
11182761961.23915290832519531250
11205861675.99918365478515625000
5646992760.47764396667480468750
12197697816.43228912353515625000
9636902985.15777206420898437500
8226627403.18522834777832031250
5127446842.37704467773437500000
11297253739.72874832153320312500
6711013311.33488559722900390625
5973675583.37704467773437500000
7588188319.95393657684326171875
6820620197.62659835815429687500
8864483511.21784591674804687500
4621410895.06325244903564453125
6049360357.80189609527587890625
6942043191.16934967041015625000
7397586939.58641052246093750000
12284921878.50923156738281250000
7188686621.80013656616210937500
4864071586.21938133239746093750
5398237345.31088542938232421875
11280617067.58432388305664062500
5581539969.38104820251464843750
7864152049.46085643768310546875
7191918721.04378318786621093750
8349793247.49953842163085937500
6364385932.05299568176269531250
5090577991.75035095214843750000
8378111689.61336040496826171875
7127937442.98472690582275390625
7467547886.31097698211669921875
5706556668.87618637084960937500
7288403809.41354465484619140625
15223315749.96707725524902343750
10446609825.43833541870117187500
18309281288.53511810302734375000
7260437510.90862369537353515625
30250530466.39353942871093750000
7639257538.28089332580566406250
6881466973.00787353515625000000
5880918359.68492698669433593750
8987639614.53856086730957031250
10046862007.79558944702148437500
13462663797.71578216552734375000
8133018040.08059501647949218750
8838927685.46085739135742187500
9982373252.88908767700195312500
7106436559.51790237426757812500
5345207313.23866653442382812500
17214396203.02141189575195312500
10744679397.78895568847656250000
7522591028.63758373260498046875
5288625283.24779891967773437500
6685904390.14309501647949218750
5542794271.08074951171875000000
6911088746.60111904144287109375
8302217335.22876644134521484375
10744212966.83758354187011718750
6966425432.43083763122558593750
4967243294.69618606567382812500
14602572667.18111801147460937500
9540429163.12612533569335937500
19250136846.86801910400390625000
6417893226.99043846130371093750
8229332154.77634620666503906250
6087140560.30999374389648437500
8722500007.83287239074707031250
5569234584.13657951354980468750
11246138562.10984420776367187500
5578063932.41929817199707031250
4368642780.76008224487304687500
4974475475.43369102478027343750
11966603931.25319671630859375000
7709818091.71252822875976562500
6913934863.82293319702148437500
5834498092.24044322967529296875
7401707321.63473987579345703125
6602147203.14812660217285156250
7155300119.87512016296386718750
8797216770.94440460205078125000
7969624004.01790237426757812500
6604449983.49449253082275390625
7027690458.51008319854736328125
7700704711.59543418884277343750
21165088272.64267730712890625000
7114598303.03093433380126953125
13390392205.68721771240234375000
14154039317.22010040283203125000
16964851450.04019165039062500000
16004824375.89588737487792968750
13903700656.57712173461914062500
6897355860.69527530670166015625
10404430019.93737983703613281250
6256245801.61095714569091796875
5247356342.40901374816894531250
9558762107.29495620727539062500
9516579528.57846641540527343750
8766164443.01357078552246093750
6561285361.64711666107177734375
9411957950.56068801879882812500
8580456712.16563796997070312500
14453178214.37319374084472656250
8635148057.72219467163085937500
6258705398.48431968688964843750
6530456716.66736030578613281250
10286973068.89631843566894531250
14356465213.37888717651367187500
7676120794.19649887084960937500
5229596535.01850891113281250000
12254336791.61177825927734375000
6026070611.54666042327880859375
10530061062.66321563720703125000
8060389029.30193710327148437500
6020833546.44845771789550781250
5469226298.67989444732666015625
8721221489.29828071594238281250
8456272677.84963130950927734375
5751630334.33160781860351562500
8145073922.68444156646728515625
17454893403.28915405273437500000
5459676246.58078193664550781250
8527992178.29828071594238281250
6276257002.00554656982421875000
9872024389.94440460205078125000
9070563122.37659835815429687500
9087625387.43565559387207031250
7506066133.92334079742431640625
5426443825.07192707061767578125
6898548187.33649253845214843750
6140896398.00787353515625000000
6179040006.75558280944824218750
7383161997.29048156738281250000
8067894348.78002738952636718750
5829302788.31004810333251953125
7890783717.25785446166992187500
7523708184.19467163085937500000
7801437495.34360885620117187500
5418424770.90891456604003906250
6528708649.92334079742431640625
11706181625.91663932800292968750
5916630952.30660533905029296875
16986886376.54294776916503906250
9039910652.69483757019042968750
12677094447.84077453613281250000
9798208447.35327911376953125000
5290672291.39984607696533203125
7898769455.66934967041015625000
7331804946.13966274261474609375
8832228102.77265930175781250000
23237498605.59591674804687500000
9486728681.15986824035644531250
4940937831.63457870483398437500
8838499504.82319068908691406250
9479096744.79828071594238281250
8312581663.00019645690917968750
7724202736.15691184997558593750
5766317487.38309860229492187500
5548760777.15862369537353515625
13163725093.24754142761230468750
8352375838.01395988464355468750
5337274343.95857524871826171875
8672869664.78089332580566406250
6792885545.37612533569335937500
9561856961.92154884338378906250
9155612000.32319068908691406250
6099953621.89631843566894531250
7548814347.62519836425781250000
7303517263.71499729156494140625
6758194848.73921298980712890625
8992942985.39446640014648437500
4891953560.60969066619873046875
6358904184.17138099670410156250
5986361060.54186439514160156250
29938600037.82687759399414062500
7946251779.22764778137207031250
5876293171.20967769622802734375
25515104461.57288360595703125000
9705189856.96029663085937500000
14239887023.25300979614257812500
5676777099.95379066467285156250
8038189840.39446544647216796875
4998863896.16821861267089843750
5856524181.76729393005371093750
5663520115.86718559265136718750
8843481456.57248687744140625000
7397147072.94728565216064453125
5463746233.58171176910400390625
4517018204.38291454315185546875
5937329577.36027145385742187500
5530827967.40691184997558593750
9756921018.88908767700195312500
10277171813.53562164306640625000
8160961321.41636943817138671875
6704569789.60044670104980468750
17543700446.08898162841796875000
6317792153.08093452453613281250
5104642310.62059307098388671875
14924140710.28141975402832031250
12314336549.17319107055664062500
8833451131.04461288452148437500
37753219564.42452239990234375000
7850686510.28856086730957031250
9023928632.42595481872558593750
7981717186.32846832275390625000
6895731743.62930011749267578125
10471136178.76694107055664062500
15638962785.41286849975585937500
4845206537.75035095214843750000
6149020339.39631843566894531250
8224856311.55622100830078125000
9200291740.13908767700195312500
7492391027.11336040496826171875
7285080069.56037235260009765625
14676444379.88998031616210937500
6039792643.88377952575683593750
17843119849.85865020751953125000
6988211932.63508224487304687500
5703853760.13772964477539062500
5173138302.99329853057861328125
10879746338.64717102050781250000
14696126736.88758277893066406250
5461902644.55237388610839843750
6022312272.94585323333740234375
6412683506.79410743713378906250
4990499315.31314849853515625000
7524384464.48883628845214843750
6165983445.83688831329345703125
8257446589.33887958526611328125
6715483453.26714420318603515625
9063655508.83821487426757812500
6357380729.72095584869384765625
5457282518.77107810974121093750
11005093624.35754776000976562500
17190846033.66785049438476562500
26811909925.53267288208007812500
7844294440.33821582794189453125
5649896041.68517589569091796875
5901543645.14812660217285156250
6152023684.92030525207519531250
5655261804.60044670104980468750
9778183716.29828071594238281250
5941381245.20493412017822265625
8763325726.38908767700195312500
5459302438.37497234344482421875
5865251683.79037475585937500000
6739288067.91411590576171875000
6043211973.53026008605957031250
6046244679.44036102294921875000
8149847882.16481971740722656250
4940208929.00858974456787109375
8034459713.37512016296386718750
5620077912.07626819610595703125
12326912015.98462677001953125000
14507222780.87752342224121093750
8185832298.05728912353515625000
14882173578.43560028076171875000
6082849430.81121349334716796875
10209677375.68003082275390625000
8549497053.46561241149902343750
4663922978.10959625244140625000
10842240114.11952400207519531250
10831182534.48472595214843750000
5867150277.10315322875976562500
5633176716.73112773895263671875
6051400050.55845260620117187500
11962286642.10741424560546875000
4986648876.42459869384765625000
5758768452.55869102478027343750
15267648042.88088989257812500000
9279122501.76637268066406250000
5156406008.49559688568115234375
4813224785.00858974456787109375
10115822917.68621444702148437500
5535997799.35200119018554687500
11802118755.90457725524902343750
6824933896.18441486358642578125
14681624033.78025054931640625000
6249417919.07254600524902343750
5431616125.56805992126464843750
5040197670.77983093261718750000
6577825943.40581893920898437500
8165827551.17769241333007812500
9684794977.35327911376953125000
7609359792.03563976287841796875
9496097624.50355529785156250000
5375188767.96807289123535156250
8355582617.30007934570312500000
5229026800.49896430969238281250
6300034187.98472690582275390625
7722888510.07722663879394531250
5712101552.20300102233886718750
6423724935.15098667144775390625
7764569712.79410743713378906250
27319816823.87189865112304687500
6710345545.78364467620849609375
7763210760.60118675231933593750
22590115622.16243743896484375000
7492980349.29037475585937500000
5322139819.63616371154785156250
14795553890.81401824951171875000
6034392772.34044456481933593750
19189105759.82595825195312500000
5283238590.90693759918212890625
10791707501.09664726257324218750
6863917678.36949253082275390625
8251126731.88255214691162109375
5385110931.49400329589843750000
5810193012.00850391387939453125
11927131372.03557205200195312500
8354926694.56068801879882812500
5692927371.53633499145507812500
5655846634.05031394958496093750
8982587761.78002738952636718750
20183137354.35300445556640625000
6096853983.68522834777832031250
5566233044.93657970428466796875
8622770585.68088912963867187500
5232293626.53507232666015625000
10921436244.09599304199218750000
6655899253.13988685607910156250
6838047024.60118675231933593750
16119821778.77828979492187500000
5343960526.48030662536621093750
13267750611.34628677368164062500
8162980047.02603912353515625000
10451328950.04358673095703125000
8455640977.22219467163085937500
7479705943.45028305053710937500
5419365071.86543846130371093750
12447033671.15422058105468750000
20606495378.54759216308593750000
10100592347.64070892333984375000
7179468790.95962905883789062500
7778587855.26714420318603515625
9064080448.39543342590332031250
7586923488.66425132751464843750
8052046149.66535854339599609375
7692539935.57377624511718750000
7695464233.79186439514160156250
8161179906.03856086730957031250
9623689620.68034744262695312500
5991337962.02357006072998046875
5604004720.72454357147216796875
10007584230.59309768676757812500
10223945502.39401245117187500000
5833550982.86389923095703125000
6664175673.35237407684326171875
4730319448.77983093261718750000
6652478333.88424110412597656250
11483347348.12567901611328125000
6869192109.02603912353515625000
6036701223.59936141967773437500
5390084654.19918537139892578125
8149907321.26519203186035156250
7511230037.14332675933837890625
17193055083.55091857910156250000
9116171063.20400238037109375000
7793359434.46499061584472656250
5308060298.11543846130371093750
19497473532.51856231689453125000
14378384871.85599136352539062500
7376240891.79236030578613281250
6778143062.54423332214355468750
10962194317.82853507995605468750
12141522473.62808609008789062500
10393920284.86533737182617187500
5450799922.58736705780029296875
12446303952.38113403320312500000
6331317531.03093433380126953125
7330479334.00443458557128906250
9616302853.64320755004882812500
5230881861.24744987487792968750
9559054430.21934700012207031250
8701386408.84019088745117187500
12425726041.38934326171875000000
8891313289.06591796875000000000
6212023145.50268363952636718750
5502359162.35713577270507812500
19913559969.89669799804687500000
16128131401.53442955017089843750
5945567953.98000431060791015625
5763780385.76108551025390625000
5124219847.30660533905029296875
8956799056.02049827575683593750
6263182764.61366653442382812500
6093264864.56102657318115234375
5981718181.55845260620117187500
6251600749.92256069183349609375
4892998163.71938133239746093750
8312494689.56940364837646484375
12924073517.51847457885742187500
7955618483.83298873901367187500
6637923985.66425132751464843750
6756693387.98000431060791015625
11539340763.92595481872558593750
12077242535.23495864868164062500
6036850169.24487590789794921875
11982081238.58936500549316406250
6788312733.80622386932373046875
6801949528.82850170135498046875
9816685746.93444061279296875000
8569523226.03061866760253906250
7194702870.07078647613525390625
6820029471.22764778137207031250
15565142986.17873001098632812500
14696117537.50804901123046875000
6196558856.56569766998291015625
8617599491.39543342590332031250
5564721392.05115127563476562500
5737339246.42280006408691406250
17508202560.23469543457031250000
6212726576.02936935424804687500
8455683988.13457775115966796875
12041954706.80525779724121093750
4884873567.60969066619873046875
8268374570.02767848968505859375
7443194729.06360435485839843750
6983969827.67609691619873046875
8001464639.88166427612304687500
14574663374.32070922851562500000
7525834174.65976905822753906250
4866956760.13457870483398437500
10949324665.32737731933593750000
7713331190.17872905731201171875
6947570958.59756660461425781250
7274078970.94379043579101562500
6598989562.31004810333251953125
12801991875.30552673339843750000
32986321706.92459106445312500000
6160635926.49099922180175781250
13995925132.76322746276855468750
6151882812.39282035827636718750
9115575673.99489974975585937500
7211477521.06102657318115234375
13131310241.98241233825683593750
5463611734.79231357574462890625
9847873734.81940460205078125000
10090201364.53414535522460937500
27560583111.14379882812500000000
5804695523.13248729705810546875
6764915811.02603912353515625000
14387922130.14889907836914062500
16472401780.27719497680664062500
16890831514.89193534851074218750
10919483842.42799568176269531250
10073014334.71784591674804687500
6111365475.99959182739257812500
5514828993.40453147888183593750
10836409114.13468170166015625000
25454431924.21855926513671875000
5716346976.99329853057861328125
11765946263.77923965454101562500
9899958309.42380332946777343750
16892385370.24910736083984375000
7566180042.02767848968505859375
5933917539.21916770935058593750
5135134559.92454338073730468750
5588514778.22298431396484375000
8330572851.41071033477783203125
6261959322.78364467620849609375
7969297261.30282974243164062500
12517960155.40461349487304687500
6907309728.96297740936279296875
20479392844.10714340209960937500
4695768762.38457870483398437500
5093566957.27957057952880859375
7656887099.37512016296386718750
7294017554.68088817596435546875
6225257911.30282974243164062500
11468427788.49452400207519531250
6910062800.76186943054199218750
22486477639.47716903686523437500
5568192964.85697174072265625000
6469123598.63955402374267578125
13014864165.32963943481445312500
5183947317.44513320922851562500
6237442323.41744709014892578125
4819967377.59496307373046875000
25212223633.02124786376953125000
5314028055.86053180694580078125
9090635138.18661117553710937500
7073788841.68199825286865234375
8547757250.83202552795410156250
6863053203.63497734069824218750
8348462778.62612533569335937500
10025834069.92380332946777343750
6493506826.72950553894042968750
6637966679.50354194641113281250
10233589675.57652091979980468750
5914398102.69700622558593750000
8300823680.78950119018554687500
8882971543.82319068908691406250
10515432810.70546913146972656250
5298074207.76866722106933593750
5900367196.21745777130126953125
9702896867.82127952575683593750
5987525093.85882377624511718750
5478249909.95379066467285156250
5535549022.41715049743652343750
8647144120.79467773437500000000
6218089528.16425132751464843750
5458646346.19030570983886718750
7585114016.70464038848876953125
11981131732.76308059692382812500
10321776341.07652091979980468750
14351135885.74410629272460937500
6841606125.58580589294433593750
4881532321.07567977905273437500
9555467388.01395988464355468750
5866755629.18427944183349609375
5083891037.50425148010253906250
33840419152.56597518920898437500
6451990553.54819107055664062500
5781308436.93369102478027343750
7264625308.84963130950927734375
14759460968.46763801574707031250
7934311393.17685699462890625000
6133288902.83298873901367187500
8903668511.81940460205078125000
6726177686.69649887084960937500
5281622242.91844367980957031250
10247801073.81940460205078125000
9312530571.95714759826660156250
16905717168.89276504516601562500
8612960237.46561241149902343750
8362533040.89737701416015625000
20466353104.78337478637695312500
10187087700.96509361267089843750
4485546621.09618568420410156250
6379735879.74236297607421875000
7562246537.43825244903564453125
12338831282.72209548950195312500
6245001158.90862369537353515625
5236923333.54109096527099609375
9444072057.89617347717285156250
7216916102.01395988464355468750
5135255861.52335071563720703125
15703191527.29523277282714843750
8699076016.78089332580566406250
7264906235.20618057250976562500
10866571048.74378585815429687500
9966944821.24852561950683593750
8011700908.12477111816406250000
6244860855.86248683929443359375
8792188516.43444061279296875000
16334654308.33303451538085937500
15755817394.15466690063476562500
6684151135.90259361267089843750
6891665383.79236030578613281250
9541124736.82883262634277343750
8660198653.95789337158203125000
6191912010.23360443115234375000
11096087810.03549575805664062500
7144750494.01167106628417968750
9978173162.56411170959472656250
46348841773.43211364746093750000
13141498074.50976562500000000000
7580612847.61695003509521484375
8958439052.61167526245117187500
11265002385.05269241333007812500
8939932727.63449478149414062500
6382782925.29037475585937500000
13571377735.51414108276367187500
7927758581.32319068908691406250
5109530291.32766628265380859375
7306443290.88535690307617187500
6821148778.10467243194580078125
6973633005.54186439514160156250
