1000
1 1214 2100
1 2073 3902
1 2685 3150
1 734 3471
1 1296 3214
1 1277 3945
1 1136 2715
1 1335 2663
1 1079 2143
1 15 1206
1 2810 3205
1 200 1277
1 1051 3071
1 1785 3631
1 2087 2968
1 1149 2032
1 1835 2375
1 1032 1586
1 753 3729
1 935 1179
1 833 2080
1 194 1034
1 1193 2210
1 463 1912
1 1098 1968
1 118 3118
1 1504 2581
1 702 2937
1 1455 3882
1 817 3724
1 1768 1803
1 3012 3086
1 2384 2621
1 2847 3282
1 2815 3945
1 435 1151
1 1176 2655
1 2680 3752
1 2562 3913
1 3379 3803
1 2235 2804
1 2335 2639
1 596 955
1 1325 3748
1 140 1899
1 929 1664
1 1255 2841
1 2592 3073
1 2505 2681
1 3396 3744
1 530 2199
1 1927 3119
1 1882 2523
1 2270 3028
1 168 3021
1 46 2187
1 530 2223
1 143 3603
1 3372 3656
1 3115 3906
1 2446 3645
1 1397 3853
1 1734 2684
1 925 1850
1 1580 1959
1 2005 3465
1 1317 3013
1 1460 2490
1 558 2204
1 1132 2110
1 1644 2189
1 2534 3041
1 805 1724
1 2689 3738
1 2407 3931
1 1340 1871
1 1972 3115
1 1418 1550
1 413 2108
1 1690 3240
1 259 2518
1 1051 2474
1 2946 3451
1 339 1634
1 2653 3078
1 3775 3993
1 195 3566
1 673 1614
1 330 2027
1 805 2191
1 2154 3250
1 627 1952
1 1166 3695
1 250 1505
1 544 1671
1 2535 3244
1 903 2100
1 533 3863
1 1281 2803
1 560 3180
1 2796 3810
1 1761 2019
1 2544 3382
1 778 2795
1 3339 3809
1 2580 3671
1 573 1343
1 1391 2196
1 141 998
1 1266 2007
1 1150 1767
1 257 2591
1 727 1131
1 837 1505
1 2402 3137
1 981 3108
1 1613 3414
1 1893 3308
1 3041 3124
1 1130 2967
1 540 2897
1 2577 3013
1 333 796
1 198 2722
1 2947 3947
1 2055 3033
1 756 1790
1 1152 2209
1 193 1912
1 248 2613
1 1668 1877
1 1873 1978
1 2336 3401
1 3527 3599
1 634 3311
1 407 3667
1 663 2545
1 1842 3244
1 806 3754
1 1491 3455
1 1122 3307
1 1108 2996
1 1331 2574
1 1925 1946
1 1256 3997
1 1015 2753
1 88 3416
1 1007 3749
1 166 554
1 2045 3519
1 1352 3119
1 595 3549
1 1139 2122
1 46 3995
1 43 626
1 1891 2147
1 2236 2823
1 331 3389
1 497 2885
1 15 2134
1 838 3134
1 817 1754
1 1957 2753
1 2172 3040
1 2449 3666
1 1557 2159
1 621 1468
1 856 2499
1 125 3741
1 2964 3394
1 707 890
1 2644 3373
1 2486 3764
1 657 2277
1 194 1925
1 2353 2705
1 1631 2974
1 1473 3883
1 2464 2687
1 1543 2080
1 2788 2814
1 3219 3249
1 1529 3013
1 1796 2378
1 302 2191
1 3007 3341
1 1726 3136
1 399 1608
1 72 2519
1 2556 2704
1 1517 1557
1 1448 1824
1 1071 3353
1 2237 3181
1 1517 1947
1 857 3085
1 1487 3994
1 1041 1481
1 1088 2067
1 2869 3644
1 2289 2839
1 2685 3737
1 808 1779
1 975 3989
1 2548 3024
1 423 2108
1 684 2393
1 1725 3178
1 880 1571
1 35 837
1 764 3382
1 244 3449
1 1228 2931
1 2059 2203
1 1839 3425
1 2262 2306
1 1744 3134
1 1043 2010
1 433 3581
1 705 911
1 86 2122
1 1419 1621
1 349 856
1 1989 3498
1 197 2922
1 1430 2316
1 1859 2539
1 60 3582
1 1104 3987
1 2015 2970
1 1225 2791
1 2846 3377
1 499 791
1 3869 3939
1 1154 1580
1 2149 3673
1 980 2620
1 2680 3733
1 495 3755
1 838 2725
1 1515 2975
1 1980 2286
1 2479 3016
1 1183 3506
1 1085 2849
1 523 3235
1 1303 1603
1 1221 2125
1 1510 2620
1 2902 3458
1 3398 3521
1 1119 2895
1 1686 2999
1 132 1270
1 118 3536
1 1731 3004
1 422 3234
1 995 2733
1 242 2525
1 232 897
1 1995 3631
1 1696 1838
1 3377 3524
1 744 1714
1 279 2469
1 371 1397
1 648 3606
1 1689 2291
1 213 2059
1 1534 2199
1 193 467
1 8 2978
1 2355 2445
1 967 1157
1 3626 3672
1 672 2111
1 3403 3848
1 2139 3645
1 1286 2619
1 2924 3909
1 1464 2373
1 1473 3629
1 1006 2723
1 1973 2428
1 2734 2878
1 694 3406
1 2883 3897
1 630 676
1 1247 3249
1 2031 2173
1 1014 1634
1 1279 2351
1 1073 1610
1 296 590
1 139 556
1 696 1250
1 1222 3365
1 1881 2987
1 234 3624
1 2653 3354
1 367 2679
1 1257 2735
1 220 345
1 641 2366
1 1869 2485
1 2426 2565
1 1772 1930
1 899 3193
1 153 522
1 263 2541
1 30 2012
1 205 1288
1 1839 2597
1 545 962
1 930 3448
1 1873 2960
1 734 2239
1 2741 3927
1 406 1168
1 2306 3710
1 2810 3559
1 104 2268
1 1943 3713
1 2590 3577
1 1595 3198
1 554 1673
1 2714 2793
1 2622 2773
1 819 3028
1 2300 2422
1 1132 1981
1 248 3995
1 1234 3961
1 3640 3981
1 778 2837
1 509 1023
1 230 312
1 173 3082
1 993 2949
1 381 1072
1 2602 3994
1 1724 3685
1 918 3560
1 425 1988
1 1957 3855
1 878 1082
1 762 1108
1 1278 1412
1 683 1315
1 71 3476
1 1882 3469
1 1193 2761
1 1841 3889
1 2066 2266
1 222 3882
1 1305 1623
1 3156 3874
1 1656 2436
1 2260 2339
1 3078 3500
1 275 1381
1 141 1164
1 1119 1737
1 3185 3228
1 154 3796
1 217 1777
1 1517 2739
1 2102 2263
1 523 2876
1 689 3143
1 1797 2053
1 1008 3217
1 953 1412
1 745 1270
1 1065 2344
1 1254 1282
1 2558 3888
1 105 1989
1 1953 3309
1 1096 1940
1 69 2893
1 669 3901
1 1410 2401
1 358 3146
1 1402 2578
1 3689 3833
1 841 2390
1 3585 3645
1 1799 2893
1 476 832
1 902 3843
1 1261 1571
1 69 2986
1 427 2753
1 2918 3789
1 2979 3695
1 536 3450
1 1269 3809
1 156 3244
1 632 1721
1 205 1563
1 2671 3913
1 3214 3988
1 2157 2740
1 245 3617
1 2001 2595
1 676 2045
1 2831 2942
1 569 3274
1 995 1201
1 2289 2665
1 2049 2119
1 232 1262
1 3420 3504
1 753 3202
1 1817 3843
1 1215 1608
1 438 1150
1 530 2097
1 2979 3298
1 235 1962
1 1169 3056
1 1401 1788
1 904 1596
1 105 1232
1 484 3011
1 225 2332
1 401 2464
1 1412 2995
1 2786 3062
1 2242 3297
1 2352 3988
1 1228 3782
1 3016 3913
1 1144 1668
1 2163 2718
1 2138 3590
1 2540 2623
1 3184 3952
1 1841 3826
1 884 2068
1 800 2055
1 2926 2974
1 1941 3637
1 1203 3609
1 1052 1772
1 1361 3912
1 1072 2997
1 256 1634
1 3186 3266
1 70 3959
1 1036 1959
1 466 2022
1 1658 2214
1 962 3951
1 1943 2091
1 553 2003
1 2088 3479
1 810 3855
1 75 2359
1 33 3601
1 1069 1087
1 629 2625
1 1927 3096
1 592 2889
1 831 1697
1 1662 2473
1 76 1951
1 2894 3563
1 394 1253
1 1500 1942
1 2676 3030
1 3659 3988
1 2233 3843
1 313 434
1 3220 3433
1 642 881
1 2046 3856
1 2698 3333
1 2532 3092
1 1680 2894
1 378 1444
1 20 1431
1 752 2287
1 1065 2480
1 1586 2650
1 739 2229
1 2084 2391
1 2505 3083
1 2125 2668
1 594 1019
1 462 2486
1 449 2506
1 792 1182
1 2847 3272
1 946 3010
1 837 2265
1 464 3229
1 1799 3400
1 2920 3156
1 3132 3750
1 1300 2112
1 2536 2838
1 391 1109
1 87 3956
1 901 1937
1 1373 3166
1 719 3038
1 963 2518
1 305 2527
1 1658 2861
1 2435 3771
1 1583 2306
1 3237 3786
1 961 2771
1 1576 3988
1 479 2449
1 1308 2576
1 1366 3539
1 822 3844
1 2704 3435
1 2227 2884
1 722 3810
1 134 1399
1 2095 2905
1 924 1569
1 3137 3567
1 445 1374
1 989 1811
1 3122 3722
1 870 3156
1 276 3129
1 541 3851
1 200 1249
1 433 734
1 1357 2230
1 800 923
1 1820 3386
1 1463 2504
1 585 1638
1 1704 2544
1 1562 3909
1 449 736
1 1738 3721
1 3562 3928
1 127 1791
1 1897 3680
1 981 2589
1 509 1092
1 2938 3819
1 1087 1522
1 173 3481
1 1003 1998
1 1718 2376
1 2086 2734
1 2862 3319
1 1847 1908
1 2509 2828
1 2496 3338
1 1035 2275
1 450 1247
1 3 3931
1 933 2667
1 397 2869
1 1897 3573
1 2891 3398
1 866 1887
1 395 3103
1 2840 3981
1 1846 2104
1 3351 3582
1 1017 3354
1 2021 2626
1 1978 2233
1 646 3875
1 360 1793
1 1226 2891
1 328 1835
1 256 695
1 3191 3983
1 2632 2773
1 878 1732
1 762 3505
1 1737 1814
1 352 3472
1 1264 2463
1 1243 3464
1 166 528
1 900 1951
1 3022 3429
1 1653 2973
1 473 2956
1 2324 3381
1 138 1827
1 490 2250
1 2548 2954
1 293 3506
1 34 354
1 1832 2023
1 2540 3566
1 1579 2601
1 1556 2365
1 29 937
1 2286 2764
1 2102 2280
1 649 2833
1 1739 2032
1 1889 2386
1 217 2205
1 871 1560
1 1025 2451
1 815 2143
1 1933 3735
1 219 3651
1 792 3588
1 3509 3514
1 1248 2277
1 546 3137
1 1026 2430
1 1078 2441
1 2103 3484
1 1334 3127
1 1069 1415
1 1729 1808
1 806 3689
1 291 3075
1 1992 2568
1 202 1118
1 1229 1541
1 358 758
1 1135 1330
1 363 456
1 406 2961
1 689 3471
1 2585 3844
1 891 1659
1 739 1448
1 1857 3253
1 486 1282
1 1741 1933
1 1455 3068
1 3272 3431
1 925 2423
1 1485 3731
1 2417 2847
1 2740 3308
1 1845 2924
1 1097 2764
1 2807 3469
1 1167 2298
1 285 3754
1 1822 3025
1 2536 3816
1 1857 2267
1 1677 2202
1 941 2993
1 144 953
1 2035 3717
1 2524 2871
1 1281 3691
1 1065 1624
1 2124 3976
1 879 2054
1 2737 3998
1 1502 3427
1 495 1271
1 601 1728
1 687 3764
1 48 3723
1 1004 1788
1 2915 3717
1 1840 2706
1 3700 3894
1 980 3229
1 406 1024
1 2110 2766
1 136 456
1 204 1143
1 2280 2900
1 68 1208
1 295 2983
1 1536 2778
1 2477 2752
1 847 1705
1 2768 3818
1 1927 2191
1 3152 3197
1 1931 3356
1 1517 2255
1 551 1915
1 1935 3316
1 1522 3471
1 1569 3312
1 1247 2598
1 15 606
1 109 3295
1 2491 3467
1 1511 3281
1 1326 3028
1 1651 2031
1 1347 2045
1 2510 3958
1 1752 2615
1 1212 1648
1 2907 3249
1 104 666
1 660 1099
1 1772 3941
1 711 2355
1 5 2994
1 2050 2917
1 775 1648
1 488 3193
1 2010 2136
1 2074 2473
1 2154 3139
1 1326 2616
1 2658 3098
1 897 3122
1 791 980
1 3403 3897
1 449 1760
1 2041 2542
1 50 338
1 2125 3348
1 1367 2352
1 1460 3983
1 2318 2641
1 2851 3115
1 730 3356
1 132 3602
1 1670 2986
1 18 1301
1 1639 2629
1 463 2075
1 426 3682
1 216 2976
1 1293 2078
1 125 1496
1 158 851
1 452 1172
1 527 2082
1 545 1840
1 2551 3174
1 725 1490
1 407 1464
1 1712 2806
1 878 1218
1 2092 3360
1 1440 2251
1 251 3423
1 284 1504
1 432 1987
1 72 990
1 1562 2721
1 3026 3616
1 2920 3849
1 137 144
1 585 2823
1 2997 3115
1 21 454
1 738 3677
1 2725 2770
1 586 803
1 613 1576
1 228 3291
1 76 2502
1 1310 3425
1 132 2314
1 384 3129
1 238 3617
1 3360 3916
1 2784 3774
1 359 1552
1 1480 1935
1 1226 1882
1 816 3487
1 1329 2922
1 731 3584
1 1116 3009
1 732 1547
1 1181 3452
1 272 1053
1 2605 3818
1 85 165
1 2216 3056
1 494 2542
1 1463 3938
1 691 2136
1 2233 2665
1 856 3780
1 320 3286
1 592 2719
1 409 1925
1 1491 1663
1 1170 3879
1 372 2074
1 310 883
1 1020 2090
1 754 1889
1 2699 3874
1 1984 3680
1 702 1754
1 1971 2628
1 1207 3705
1 2377 2611
1 1540 1662
1 2165 2423
1 2309 3443
1 588 2421
1 2189 2294
1 2481 3062
1 180 1905
1 1384 3876
1 1173 3580
1 1537 3280
1 2030 2869
1 194 572
1 3593 3675
1 866 1269
1 3459 3901
1 1634 1939
1 1352 2119
1 591 2861
1 85 1765
1 390 2517
1 414 3259
1 919 3852
1 593 3889
1 2548 3369
1 1268 2449
1 82 2551
1 2523 3985
1 1383 2233
1 1446 1468
1 1328 3986
1 1488 1577
1 1340 3857
1 1228 3419
1 1685 2573
1 2954 2996
1 2593 3967
1 1786 2577
1 1899 3903
1 433 2611
1 2850 3083
1 1034 1516
1 1372 2245
1 1463 1879
1 1274 1540
1 535 722
1 501 3708
1 2776 3377
1 367 1455
1 1517 2978
1 3048 3150
1 183 2741
1 2834 3517
1 2068 2443
1 431 3281
1 1153 1804
1 1457 1950
1 1814 2615
1 3269 3439
1 785 3249
1 922 3493
1 751 2587
1 284 673
1 3117 3355
1 302 2397
1 1289 3880
1 1080 2747
1 2450 2782
1 949 2977
1 572 2226
1 2807 3173
1 2012 2482
1 2123 2767
1 1750 2121
1 534 3512
1 2661 3391
1 118 470
1 341 3525
1 745 2379
1 2322 2951
1 684 3212
1 2312 3969
1 434 1093
1 2891 3274
1 3805 3808
1 203 3558
1 2981 3676
1 288 504
1 1567 2122
1 444 517
1 1128 3871
1 2030 2186
1 367 2672
1 2080 3258
1 150 697
1 1442 2827
1 346 423
1 927 3425
1 2494 2845
1 99 642
1 1058 2480
1 617 3089
1 2849 3978
1 861 2018
1 2107 3804
1 2072 2630
1 2976 3771
1 1145 3490
1 2334 3897
1 64 769
1 2087 3633
1 249 1621
1 1316 3341
1 2177 2516
1 284 948
1 619 3445
1 303 1732
1 1448 3269
1 2433 2821
1 291 1955
1 2278 3467
1 2176 3660
1 1217 2605
1 1120 2713
1 2226 3157
1 2632 3776
1 1507 1667
1 1864 3678
1 1773 2267
1 3189 3729
1 2353 3095
1 61 2754
1 1060 3108
1 3470 3773
1 3088 3097
1 97 1719
1 541 3386
1 1289 3063
1 574 2418
1 2696 3381
1 1048 2478
1 1109 2130
1 1305 3958
1 1863 3301
1 960 1941
1 1057 3738
1 1309 2687
1 1476 3977
1 550 596
1 1019 1490
1 3200 3497
1 1093 1626
1 652 1583
1 1972 2359
1 927 1001
1 738 1494
1 868 2047
1 611 3628
1 2297 2539
1 875 3868
1 980 1163
1 2052 2257
1 1322 3998
1 1898 3445
1 372 1425
1 2955 3001
1 2722 3824
1 539 1129
1 166 602
1 624 1122
1 2102 2755
1 154 380
1 721 1476
1 462 3733
1 2894 2976
1 1966 1976
1 1786 2866
1 4 2900
1 606 3546
1 1230 3577
1 1571 3985
1 729 1454
1 2175 3232
1 1732 2996
1 1889 3677
1 944 1993
1 352 3810
1 2536 3798
1 2347 3344
1 8 2324
1 512 1580
1 3398 3715
1 2629 3070
1 360 990
1 1125 3374
