1000
1 2903 3127
1 2829 3193
1 1719 2233
1 1716 3115
1 1828 3015
1 174 3271
1 1943 3036
1 2463 2759
1 53 1646
1 715 3938
1 706 3246
1 624 2537
1 1198 2343
1 59 3423
1 3074 3352
1 337 1325
1 461 757
1 1449 3220
1 1954 2477
1 1211 1891
1 1137 3299
1 762 1601
1 3049 3097
1 2471 2825
1 1823 2756
1 236 1603
1 993 2632
1 2693 3531
1 1216 3096
1 306 882
1 693 2351
1 2294 3438
1 1390 3326
1 468 1303
1 1147 2758
1 121 2750
1 2471 2911
1 1163 2161
1 630 3469
1 1439 2142
1 456 3790
1 316 2084
1 474 3642
1 109 3001
1 3957 3999
1 77 3908
1 52 77
1 2238 2279
1 1124 3958
1 2099 3065
1 1311 3644
1 1339 1728
1 3291 3662
1 2291 3374
1 2290 2566
1 1817 3286
1 3339 3819
1 1378 2706
1 1190 3831
1 470 2895
1 1295 2278
1 2634 3876
1 1788 2295
1 2757 3343
1 1323 2096
1 804 3140
1 46 3591
1 2514 3543
1 2822 3704
1 1263 2057
1 629 3392
1 370 504
1 164 3382
1 338 3813
1 1908 2803
1 645 2713
1 2862 3392
1 23 417
1 678 2845
1 769 901
1 1382 1932
1 1752 3302
1 3005 3305
1 431 2691
1 322 834
1 300 2056
1 918 3996
1 825 1335
1 168 2013
1 303 3871
1 1802 2791
1 1103 2996
1 1496 3705
1 187 884
1 1876 2110
1 1864 3500
1 565 3495
1 1408 3747
1 2665 2951
1 56 2088
1 3215 3936
1 1724 2931
1 1984 3725
1 1697 3427
1 1301 3573
1 1436 3498
1 3090 3750
1 2009 2836
1 1602 1786
1 297 962
1 1266 2862
1 317 2990
1 2062 2877
1 1489 2932
1 1351 3879
1 791 3376
1 213 820
1 1431 2222
1 913 3451
1 1210 1222
1 1160 3051
1 815 1478
1 1443 2599
1 106 374
1 2814 3311
1 693 3176
1 1513 1565
1 33 3045
1 3361 3484
1 705 2551
1 845 2703
1 1210 1660
1 258 1617
1 364 2264
1 763 3311
1 1027 1324
1 2592 3802
1 1404 1637
1 997 2317
1 142 636
1 266 3339
1 548 2639
1 2490 3255
1 1518 3783
1 1918 2539
1 107 330
1 132 3459
1 323 2625
1 941 2309
1 2172 3779
1 130 3527
1 238 2165
1 654 3095
1 437 2209
1 2776 2976
1 105 171
1 3551 3631
1 1042 1587
1 2350 3351
1 108 217
1 347 3593
1 1674 2415
1 768 2874
1 65 3677
1 1997 2841
1 34 3324
1 673 2069
1 947 2261
1 610 2449
1 892 1807
1 1399 2595
1 902 3825
1 307 865
1 355 1630
1 715 3019
1 656 1127
1 2466 3196
1 142 994
1 564 2592
1 3484 3486
1 3167 3713
1 79 286
1 386 3624
1 1831 3730
1 849 3901
1 0 1505
1 1060 1224
1 2033 3143
1 3279 3708
1 46 281
1 1082 3710
1 1860 2457
1 2002 3170
1 1920 2899
1 1645 3888
1 996 3888
1 1474 2201
1 1322 2237
1 600 3142
1 646 2638
1 1444 2706
1 393 1940
1 2343 2395
1 1404 3133
1 1752 3049
1 1134 2310
1 1461 3697
1 1933 2761
1 1074 3203
1 441 800
1 3049 3506
1 1446 3828
1 151 3789
1 2556 2921
1 947 1762
1 71 314
1 2621 3569
1 1024 1381
1 889 1672
1 1355 3202
1 2251 2468
1 3167 3202
1 328 3318
1 2962 3850
1 1864 3909
1 15 222
1 879 3301
1 1193 2992
1 3197 3882
1 1236 2275
1 792 2153
1 2625 3994
1 321 543
1 1260 3339
1 2143 3124
1 2710 3139
1 435 3528
1 720 782
1 1006 3598
1 1174 3281
1 864 2522
1 981 2235
1 265 2778
1 2866 3205
1 1348 1517
1 75 1146
1 1034 1581
1 1783 3452
1 138 3701
1 1312 1500
1 1624 3265
1 246 3629
1 1600 1627
1 465 1036
1 1704 3071
1 1496 3147
1 180 2603
1 3052 3238
1 1681 3841
1 1130 1340
1 52 3860
1 3288 3682
1 950 1308
1 1391 2344
1 1137 3215
1 2385 3722
1 2324 3791
1 2650 2777
1 330 2303
1 1460 1968
1 33 2408
1 1695 2452
1 1117 2646
1 1125 2470
1 339 1377
1 2267 3814
1 479 3604
1 2873 3469
1 1405 1771
1 827 867
1 860 1670
1 2525 3313
1 1518 3061
1 3082 3988
1 1365 1447
1 720 949
1 172 1199
1 1160 2809
1 94 3655
1 521 2799
1 2191 2964
1 1537 1804
1 1953 2894
1 1035 2896
1 2200 2482
1 520 1844
1 1781 2390
1 1678 3628
1 333 2861
1 1660 2811
1 623 3204
1 1545 2160
1 2142 3200
1 1037 3460
1 326 796
1 2170 3498
1 1096 1649
1 1276 3895
1 1610 3853
1 553 1509
1 1801 2864
1 434 3366
1 2761 3634
1 108 182
1 978 2491
1 443 1565
1 5 2661
1 1348 2555
1 368 3496
1 1137 2250
1 1 1791
1 455 3045
1 635 3216
1 3279 3324
1 48 1814
1 1144 3347
1 440 1499
1 1788 3502
1 3245 3870
1 1495 1847
1 374 2422
1 507 797
1 696 1142
1 228 421
1 469 1031
1 2703 2812
1 201 3247
1 791 2342
1 661 3992
1 2226 2508
1 1598 2019
1 970 2816
1 600 798
1 828 931
1 387 2948
1 1657 1760
1 451 2095
1 436 3685
1 427 706
1 972 3743
1 1340 3822
1 2310 3045
1 197 3865
1 738 2217
1 2604 3121
1 1349 3062
1 1705 1800
1 1485 1638
1 2363 3280
1 1340 3748
1 729 1161
1 1294 3730
1 1159 2635
1 2140 2986
1 2106 3562
1 2257 3932
1 3150 3962
1 462 1600
1 2211 3963
1 798 2565
1 1571 2617
1 2346 3007
1 2069 3841
1 1297 1960
1 1948 2296
1 1235 2968
1 1523 2118
1 700 2580
1 1362 1880
1 444 2392
1 3104 3673
1 291 2110
1 2205 3039
1 998 2365
1 382 1511
1 1617 3852
1 448 3141
1 929 2095
1 1342 2292
1 550 1772
1 2534 2735
1 2447 2825
1 1029 1594
1 3395 3899
1 588 1994
1 1845 3227
1 832 3382
1 1476 1644
1 1035 2818
1 457 484
1 376 3192
1 1639 3373
1 321 2657
1 219 3891
1 299 807
1 1091 1122
1 1954 3501
1 2138 3598
1 1705 1722
1 1741 2206
1 2461 3671
1 132 1713
1 879 2789
1 1075 3768
1 66 2842
1 2247 2603
1 207 1747
1 973 2283
1 1834 3768
1 1291 1508
1 1206 3969
1 312 2771
1 2146 3650
1 1389 1813
1 851 1744
1 346 1120
1 553 3601
1 35 3925
1 1156 2847
1 138 1087
1 1344 3224
1 2119 2745
1 890 1147
1 2963 3368
1 218 546
1 2427 3285
1 1358 2028
1 1178 3152
1 1396 1971
1 2483 2532
1 1689 2795
1 2002 3726
1 1622 3149
1 256 2112
1 703 3747
1 119 3984
1 1477 2520
1 2655 3788
1 980 1714
1 245 1019
1 2285 3023
1 894 2749
1 1459 2248
1 1580 2804
1 279 3507
1 285 3490
1 1629 3099
1 2090 3975
1 954 2790
1 886 1973
1 1346 2553
1 103 2240
1 487 2567
1 1267 3156
1 523 3169
1 808 1904
1 3527 3671
1 1090 2705
1 76 1494
1 1865 3469
1 987 2022
1 2125 3133
1 1115 1780
1 135 1645
1 392 978
1 2297 3819
1 325 3056
1 145 3931
1 1310 3510
1 263 1132
1 728 1251
1 1472 2759
1 3029 3677
1 875 2410
1 1878 3389
1 3207 3404
1 2826 3532
1 550 1775
1 59 3428
1 1192 3664
1 3009 3369
1 1767 2183
1 1884 3123
1 18 2760
1 637 3962
1 1129 1386
1 2195 3955
1 2060 2818
1 2070 3335
1 478 2998
1 2366 3151
1 549 3074
1 760 2647
1 778 1895
1 1829 3554
1 303 1689
1 2498 3031
1 992 1646
1 804 3504
1 1283 3164
1 433 1103
1 596 2052
1 331 1855
1 2226 3543
1 2869 3990
1 557 1073
1 374 677
1 1669 3631
1 2262 2793
1 1289 2514
1 705 2783
1 2643 2757
1 612 1229
1 575 1243
1 700 1233
1 3395 3742
1 175 3770
1 488 3107
1 3281 3684
1 569 1065
1 818 3352
1 3084 3183
1 312 2142
1 1433 1977
1 38 3766
1 2601 3507
1 770 1720
1 1517 3877
1 1160 3561
1 1714 3065
1 571 3622
1 2783 2804
1 945 3752
1 3467 3510
1 3423 3505
1 1656 2105
1 2196 3826
1 682 2431
1 679 2568
1 822 832
1 734 1403
1 1274 3999
1 1026 3434
1 270 1624
1 1046 3084
1 1662 2703
1 1925 1987
1 1869 2670
1 1689 2326
1 237 2159
1 342 971
1 324 2058
1 1492 2021
1 2840 2851
1 2037 3024
1 1774 1828
1 3699 3724
1 1567 3622
1 1950 3257
1 2046 2504
1 1885 3935
1 258 1304
1 908 3368
1 2207 2628
1 244 3060
1 537 2072
1 1807 2884
1 1063 3594
1 1166 1543
1 677 3595
1 1172 3651
1 954 1898
1 1862 3593
1 1578 3869
1 83 637
1 1175 3322
1 1422 2982
1 1133 3222
1 2299 2589
1 1893 3389
1 153 2693
1 1930 2051
1 2515 2733
1 2466 2601
1 624 3773
1 115 182
1 1604 1678
1 301 1915
1 1429 1592
1 980 2277
1 3673 3802
1 2692 3888
1 1206 3105
1 3096 3672
1 1385 2842
1 1500 2136
1 267 783
1 568 2411
1 2261 3087
1 1363 1497
1 1165 3716
1 2088 2141
1 1246 3600
1 932 1430
1 271 865
1 570 3496
1 278 1546
1 1214 3779
1 2798 3128
1 624 1972
1 1429 3216
1 1221 3517
1 204 828
1 1136 3820
1 2001 2482
1 3618 3660
1 1205 2253
1 1156 3508
1 1716 2305
1 1362 1366
1 581 2371
1 1634 1802
1 126 3720
1 3539 3865
1 3109 3210
1 2726 2826
1 1937 2067
1 311 3505
1 850 3116
1 477 2412
1 598 2849
1 1301 1571
1 1521 1697
1 1944 2650
1 592 1859
1 684 2329
1 2637 3710
1 303 2326
1 434 2242
1 654 1937
1 1893 2341
1 730 1342
1 771 2251
1 1284 3919
1 2605 2965
1 1293 1487
1 184 1018
1 948 3345
1 867 3112
1 391 3893
1 1786 3238
1 216 931
1 196 2076
1 1995 2246
1 34 599
1 3175 3681
1 1100 3359
1 1395 3318
1 1596 1838
1 2600 3076
1 2194 2313
1 127 3245
1 529 2792
1 3708 3864
1 83 3898
1 2336 3579
1 58 1767
1 1084 2799
1 884 2922
1 2014 2610
1 124 803
1 21 2020
1 811 2312
1 1589 1607
1 1691 3951
1 26 2910
1 84 2133
1 715 2883
1 692 855
1 3354 3958
1 82 1090
1 1140 1192
1 2612 3504
1 1092 3524
1 1388 2131
1 1041 3150
1 262 1578
1 977 1773
1 2758 3052
1 340 3200
1 1327 1379
1 3118 3608
1 16 2220
1 1727 1743
1 219 1044
1 2052 3369
1 174 2035
1 3470 3808
1 2736 3948
1 1376 2858
1 26 2704
1 1821 2365
1 1896 2927
1 653 929
1 1055 1697
1 401 3749
1 1011 1876
1 480 3614
1 3216 3418
1 3068 3163
1 277 1917
1 2146 3731
1 1626 1982
1 37 2556
1 699 924
1 2031 2189
1 65 684
1 283 767
1 1273 1867
1 340 3399
1 2258 3396
1 403 1006
1 1527 3474
1 974 3511
1 1523 2163
1 1048 3555
1 770 1327
1 1503 2699
1 565 3805
1 1053 2411
1 178 448
1 401 2543
1 1159 3266
1 844 3222
1 1385 2068
1 2433 2902
1 292 3013
1 278 1795
1 1600 2311
1 1099 1616
1 2351 2366
1 1343 2767
1 1827 3121
1 695 1054
1 1251 3122
1 2023 3331
1 963 2124
1 1012 2402
1 1801 3759
1 3071 3418
1 524 1768
1 3112 3515
1 2027 2137
1 1917 2723
1 919 1062
1 392 2395
1 2445 3393
1 545 1770
1 303 854
1 2627 3375
1 987 2587
1 1591 3825
1 917 3728
1 1130 2733
1 741 2398
1 224 3875
1 3375 3617
1 1387 2087
1 289 3330
1 3046 3205
1 1632 2626
1 904 1456
1 3382 3462
1 592 3887
1 78 3114
1 1041 1581
1 440 1504
1 2833 3591
1 1770 3881
1 173 1010
1 1803 2800
1 792 3583
1 173 2953
1 60 3139
1 262 2057
1 1717 2932
1 1601 3372
1 2190 3293
1 1062 1255
1 3162 3650
1 964 2178
1 546 2338
1 1043 3499
1 2637 3211
1 693 3058
1 72 2410
1 1099 3217
1 2776 3290
1 103 544
1 1282 1311
1 548 2693
1 2886 3962
1 1018 2023
1 1317 1346
1 1463 1818
1 2624 3641
1 1840 3307
1 1705 3434
1 1808 2853
1 422 3120
1 65 2901
1 2849 2862
1 1973 2179
1 407 2095
1 648 3314
1 2072 2955
1 2261 2994
1 2783 3927
1 1237 1635
1 180 2058
1 405 3212
1 1178 3149
1 1327 1926
1 779 3423
1 1159 3862
1 319 1495
1 1752 3313
1 328 3850
1 740 1565
1 528 2835
1 3240 3435
1 1507 2331
1 521 1177
1 1300 1996
1 1400 2250
1 118 3745
1 1790 2586
1 2435 2812
1 264 2617
1 792 2234
1 226 3909
1 1883 3646
1 822 3006
1 1456 3908
1 417 1307
1 1425 1626
1 242 304
1 2172 3116
1 428 2821
1 1054 1339
1 2051 2173
1 2247 3934
1 915 2940
1 105 395
1 595 1902
1 423 616
1 1948 3997
1 119 3244
1 926 1636
1 64 3961
1 2237 3788
1 483 929
1 2488 2805
1 414 2593
1 3020 3188
1 699 2933
1 270 1785
1 1028 3001
1 1935 3043
1 92 3691
1 968 2501
1 450 2986
1 1790 3422
1 244 2205
1 1224 3640
1 936 1245
1 1515 3938
1 1604 1976
1 132 3540
1 3230 3926
1 871 2819
1 357 1143
1 1898 3780
1 23 1140
1 63 3663
1 1687 3263
1 2713 3161
1 688 844
1 644 821
1 1835 3487
1 2707 3511
1 501 3850
1 478 2836
1 1064 3334
1 393 2216
1 1478 3766
1 638 1472
1 694 2571
1 303 2609
1 879 1151
1 389 2923
1 1979 3514
1 1551 3546
1 2879 3367
1 360 2295
1 1215 1973
1 2687 3339
1 469 3417
1 1271 3078
1 228 2859
1 240 3370
1 3676 3754
1 2393 3831
1 2849 3910
1 1143 2141
1 1499 3116
1 3424 3543
1 47 1986
1 1297 1319
1 1266 3824
1 316 1724
1 1399 2288
1 2238 2318
1 1733 2227
1 1196 1456
1 1020 2955
1 2058 2378
1 1452 1783
1 2750 3067
1 2573 3428
1 2194 3978
1 1201 2265
1 502 3962
1 2203 3325
1 520 3294
1 2615 2629
1 687 1052
1 121 3559
1 326 2625
1 1850 3141
1 639 2424
1 2241 3625
1 2330 3586
1 2877 3648
1 280 3259
1 1874 3458
1 14 1589
1 1224 2098
1 58 1550
1 1858 3400
1 1127 2229
1 456 3667
1 458 2786
1 1752 2433
1 3459 3802
1 347 2774
1 718 1936
1 33 3350
1 1181 2629
1 532 3039
1 1576 2356
1 2023 2133
1 2313 2481
1 1321 2079
1 1810 1868
1 641 1888
1 2449 3841
1 1798 2896
1 426 3175
1 2047 2093
1 712 1500
1 2034 2845
1 112 1157
1 324 2066
1 2453 3223
1 2200 3730
1 2040 2442
1 935 3091
1 1198 1951
1 902 3292
1 791 3982
1 2505 3914
1 25 1962
1 2077 2092
1 1633 3513
1 2451 2816
1 1981 2760
1 1072 2242
1 111 610
1 493 1013
