514
210 982 2006 1837 3120 1639 2816 1108 1908 981 1563 2047 2308 639 2281 1280 3771 1946 2901 346 1449 2297 3940 1897 3098 3289 3980 1588 2780 879 1257 931 3264 2769 2950 1765 3472 579 1496 762 2477 2809 3232 784 3871 2178 3154 124 3641 1075 3143 1439 2662 1759 2104 2481 3336 2115 2828 68 1173 83 2089 121 1525 857 997 2976 3442 2665 3738 1896 1918 3635 3791 1767 1813 2496 2944 2086 3026 1687 3572 1675 3525 534 3950 450 1244 2064 2402 1624 3236 237 490 2436 3358 1234 2333 1877 3900 2070 3795 1795 2793 650 673 605 3618 719 3147 1703 3807 2317 3495 29 2570 2266 3814 1418 1568 2215 3192 654 2705 1100 3430 1140 1752 105 3433 1651 2591 535 988 1662 2472 1185 3078 331 1279 70 3797 1226 3292 2387 3796 409 1741 1977 3610 1824 3160 902 2258 1618 2776 3091 3847 527 3612 1041 3268 2029 3291 1762 3803 2076 3691 1928 2058 1725 3497 722 2129 1604 2105 518 3603 127 3346 2668 3594 925 3040 1584 1746 789 1763 2406 2682 1374 3723 664 1673 1751 2564 2426 2531 639 1443 588 1224 3168 3806 1947 2361 2465 2499 2933 3052 1719 3681 2720 3615 2287 3734 522 1555 49 236 1423 2928 1689 3959 2798 3176 1341 2690 1328 3070 132 3006 293 388 2240 3900 2398 3838 1793 2889 1330 1473 608 2033 193 341 319 2837 368 1952 880 3073 119 2880 2055 3658 2088 2917 745 1334 1157 1966 339 2539 238 2355 779 2192 3661 3726 1081 2144 1134 2778 177 2416 496 3119 1070 1252 324 1954 833 3039 443 3786 2889 3360 722 1873 118 1782 2121 2688 2131 2657 524 3449 262 1412 185 2493 1319 2406 1270 3672 1477 3735 168 2075 2547 3211 2399 2675 43 3931 20 2460 378 1421 742 2161 519 1539 281 1284 818 3739 1150 2898 1080 3083 575 3643 1490 2001 246 2313 1503 3478 387 3114 713 3875 757 1788 1336 3805 777 1271 2609 2757 1384 3432 216 802 2668 3955 1565 1620 1105 3790 1736 1836 314 364 610 926 1492 3716 1191 2114 605 2827 1065 3482 672 1958 817 1450 662 3230 1147 3750 2046 2452 551 714 2406 3261 599 3368 2193 3050 3414 3525 450 2507 1112 2223 314 1942 502 3637 2657 3142 3118 3814 614 1024 932 2352 587 1686 682 3733 1233 3039 1535 2534
147 1991 3133 183 631 1133 3746 195 2691 2002 3335 3227 3649 3593 3952 2249 2790 157 3693 1181 2864 884 3133 3721 3957 777 1566 3848 3889 2381 3401 1391 1470 2603 3191 1575 3437 1354 1412 721 746 3356 3948 36 395 3185 3899 1144 2286 2238 3966 2326 3099 3122 3371 1777 3908 843 1236 636 2754 313 1312 4 2027 502 3602 1915 3441 161 955 1399 3750 144 1197 1436 2184 418 3722 383 3329 2743 3048 570 2169 1566 2113 1034 3349 2410 3788 3812 3985 1100 3100 2691 3816 2702 3256 745 1694 506 1444 1703 3234 1588 1758 2006 3888 1479 3216 526 3479 1137 1958 1159 3784 818 2704 507 2202 605 1580 2013 2794 679 2917 469 1485 2172 3179 1215 3767 622 1537 1470 2211 1357 3295 1305 1862 783 1661 3477 3619 3010 3260 777 1713 1166 2373 1003 2861 104 1041 1654 1720 227 3021 1192 3279 1582 3407 1117 2048 3119 3518 416 2413 1722 1963 274 3624 839 3594 330 2603 98 1107 1404 2354 568 3496 1214 1609 3600 3957 417 2620 184 3696 679 901 1277 2949 395 1796 2466 3302 1517 3897 1259 2112 1140 1705 1470 2098 1397 3286 3666 3890 233 1639 3386 3942 1842 2985 2259 3898 81 2694 3044 3595 320 760 2543 3646 716 2097 1701 2947 1058 3614 753 2961 1058 3852 2337 3312 1432 2977 3071 3316 298 2701 3012 3229 2774 2910 1467 2576 79 1619 1929 2150 692 1940 2663 3745 1609 3878 1445 3491 1494 3756 695 1332 1732 3642 1073 3033 1797 2348 144 2095 244 2137 1323 1999 242 3900 322 3467 1616 2607 546 3340 2002 3398 363 1379 699 3914 454 943
2 2238 2275 1048 1096
128 2893 3211 706 3355 988 3932 3400 3599 930 1931 387 2486 1252 2995 591 1190 587 629 2009 3682 380 951 1894 1922 417 1923 160 1257 2555 3442 1765 2520 314 2335 2208 3323 1335 2895 3266 3811 198 3825 1751 2165 2941 3193 3822 3845 617 3526 1830 2657 840 994 1639 2917 2347 3985 166 901 3427 3775 1761 3755 88 1962 1423 2172 856 1982 681 1777 616 2180 2461 3935 646 3780 2283 2352 1201 3305 299 1008 2042 3736 304 388 470 3720 2378 3146 244 2132 1422 1995 93 1255 2038 3934 1711 3238 2506 3808 2327 3743 61 967 338 3522 2413 3915 1539 3421 213 669 244 518 2146 3965 523 2077 198 2322 3283 3744 925 3744 537 765 863 2964 2476 2771 458 1892 2514 3602 1953 3123 366 2852 390 3038 339 875 1120 2149 294 1946 23 2173 1907 3460 1650 2345 2742 3177 368 2576 2628 3942 1231 3507 1398 1689 1398 2089 439 1291 142 2300 805 2426 1622 2770 2766 3771 711 3890 1153 3151 734 3060 167 2610 710 1352 374 432 374 1720 39 3002 1488 3881 2367 2818 108 3577 1877 2806 251 700 302 2962 156 3470 447 3821 973 1957 3598 3780 33 2207 1832 3948 379 3559 2206 2367 1842 2296 2407 2811 1224 3784 2266 3361 1072 1332 2326 2672 1772 3717 1633 2330 1453 3874 1830 2777 2374 2427 1609 3549 580 2645 1228 2469 113 674 1955 3595 2001 2970
4 3225 3842 120 3202 1646 2281 317 2616
1 1951 2333
1 492 3295
1 7 2213
1 3556 3822
1 2024 3556
1 3669 3787
1 2712 3845
1 1655 3687
1 1776 3977
1 1145 3682
1 2014 2287
1 2397 2846
1 609 2182
1 1519 3891
1 1074 2180
1 1831 2786
1 543 2987
1 2277 3287
1 791 1062
1 2041 3297
1 2672 3608
1 1517 3125
1 1311 3699
1 2417 3590
1 167 2858
1 1030 2733
1 1679 2808
1 1084 3262
1 1619 1875
1 3916 3954
1 1968 3523
1 174 3736
1 1047 3688
1 552 1988
1 719 1807
1 1749 2700
1 517 2513
1 867 3958
1 689 2487
1 2440 3572
1 1496 2839
1 1670 3689
1 2447 3144
1 434 2298
1 2130 2241
1 1909 2029
1 1508 1631
1 2677 3916
1 454 3406
1 1114 1860
1 1319 3953
1 300 3641
1 1194 2785
1 2171 3136
1 301 1629
1 1930 3299
1 806 3981
1 1810 3637
1 160 1216
1 3076 3170
1 619 1483
1 653 2872
1 66 3446
1 3202 3597
1 1919 2358
1 3361 3849
1 918 2392
1 142 1643
1 569 1803
1 973 1451
1 536 2681
1 422 3574
1 3340 3868
1 552 2980
1 790 2911
1 2271 3991
1 1751 3578
1 1059 1893
1 3263 3551
1 1002 3771
1 443 2627
1 2599 3289
1 3626 3717
1 719 2696
1 574 2102
1 1404 1653
1 1230 2732
1 977 2290
1 865 2641
1 2557 3501
1 2310 3944
1 1832 2542
1 1776 3256
1 2677 3975
1 2077 2307
1 569 847
1 1658 3301
1 277 2397
1 1028 1142
1 788 3210
1 3098 3483
1 2019 2381
1 1657 3795
1 649 3560
1 1866 3426
1 1688 2713
1 1459 2693
1 927 944
1 1972 3629
1 1182 3882
1 664 724
1 133 1509
1 2879 3014
1 2685 3528
1 2954 3419
1 1730 2230
1 422 2698
1 2438 2467
1 2066 3601
1 2966 3037
1 207 3761
1 547 2358
1 1371 2905
1 1144 2146
1 563 2036
1 880 3882
1 2437 2579
1 1045 2542
1 680 1735
1 1789 3702
1 993 1997
1 37 3633
1 3215 3626
1 2360 2861
1 896 1033
1 2659 2865
1 1301 3104
1 932 3972
1 1454 1612
1 1313 3914
1 3395 3588
1 520 3021
1 812 823
1 2153 3184
1 216 3549
1 3685 3964
1 2613 3068
1 127 1208
1 1581 1938
1 402 2583
1 1745 2170
1 1083 1191
1 1143 3092
1 828 1244
1 1881 3374
1 1565 3904
1 1266 3298
1 3564 3993
1 1501 2709
1 1904 3036
1 1765 3649
1 976 1820
1 708 2963
1 2352 3791
1 252 3179
1 155 221
1 1227 3453
1 534 2390
1 331 767
1 3367 3638
1 2179 2220
1 285 3979
1 2082 2970
1 433 2141
1 2556 3612
1 921 1941
1 2148 3981
1 1626 2197
1 1065 3483
1 208 2523
1 1885 3476
1 894 3454
1 2813 3512
1 783 1652
1 1297 2544
1 326 556
1 306 3814
1 3592 3613
1 1745 2856
1 268 3520
1 638 2153
1 135 3977
1 37 689
1 571 820
1 452 3799
1 813 2097
1 1661 1911
1 1523 2834
1 1467 1632
1 2075 3914
1 3491 3802
1 867 2544
1 1050 2645
1 3068 3216
1 915 3014
1 916 2971
1 2577 3531
1 1410 3308
1 130 3765
1 43 1967
1 437 623
1 1060 3167
1 216 1819
1 372 3703
1 1288 3496
1 1347 2651
1 877 992
1 1244 1273
1 1038 1196
1 2616 3005
1 3199 3443
1 502 671
1 3012 3410
1 201 2907
1 3107 3697
1 3410 3436
1 428 3539
1 422 2761
1 1046 3804
1 2227 3662
1 2872 3949
1 138 1708
1 719 1661
1 715 3399
1 3687 3822
1 1262 3231
1 185 3859
1 280 2163
1 1172 1413
1 1702 3400
1 2084 3360
1 586 2997
1 411 2247
1 2735 3414
1 2421 2617
1 2605 3684
1 957 3118
1 57 208
1 847 1621
1 3323 3772
1 2357 2495
1 1491 1979
1 1903 3310
1 1316 2448
1 1022 2301
1 1975 3627
1 1969 2744
1 1821 3891
1 1826 3042
1 346 1598
1 3227 3955
1 2556 3023
1 2471 3421
1 632 1868
1 1257 2618
1 3024 3232
1 1290 2290
1 110 513
1 3153 3945
1 587 996
1 902 2460
1 2419 3458
1 1928 2780
1 3221 3650
1 2066 2267
1 845 2379
1 1428 3669
1 181 754
1 125 1060
1 2210 3192
1 9 670
1 1870 3089
1 2754 2957
1 3057 3266
1 1331 2317
1 2176 2833
1 692 3670
1 1447 2796
1 3122 3596
1 2599 3876
1 3753 3885
1 719 1754
1 507 3321
1 653 3851
1 29 2970
1 652 1802
1 1472 2565
1 1356 2323
1 1566 2262
1 1254 2326
1 1006 1689
1 2810 2814
1 2134 3020
1 1985 2185
1 616 3103
1 378 3756
1 493 3409
1 212 2821
1 1082 2467
1 316 3409
1 2186 3130
1 738 995
1 1103 2279
1 1415 3289
1 115 3905
1 1371 2874
1 1864 3434
1 2555 3166
1 120 1632
1 340 3038
1 726 2167
1 3206 3995
1 499 2273
1 776 3927
1 891 2427
1 853 1118
1 1375 3566
1 2510 3930
1 274 1138
1 209 2568
1 3294 3554
1 2171 3588
1 1175 2873
1 678 2190
1 616 1771
1 1735 3858
1 402 2389
1 898 2812
1 1475 2261
1 1771 2470
1 2023 2192
1 780 1283
1 155 451
1 833 2395
1 2203 3694
1 639 2902
1 1041 1542
1 1558 3854
1 1503 2417
1 187 763
1 1503 2380
1 248 3713
1 700 1510
1 183 483
1 1646 3476
1 513 3466
1 1008 1116
1 1195 2566
1 1157 3262
1 3009 3588
1 511 2384
1 1313 1381
1 1660 2823
1 3184 3306
1 951 1541
1 1768 2554
1 758 1546
1 1953 3454
1 1214 2303
1 1891 2480
1 1363 3934
1 855 3833
1 1493 3115
1 1765 2073
1 2304 3306
1 921 1074
1 93 3709
1 1361 3162
1 1195 1464
1 362 3944
1 966 1450
1 1227 2910
1 1227 2024
1 97 1139
1 2401 3269
1 411 526
1 337 1593
1 1995 2954
1 1237 1605
1 607 2689
1 1227 1500
1 845 2454
1 22 3682
1 692 820
1 215 1177
1 133 2792
1 217 1125
1 2212 2914
1 906 952
1 2602 3366
1 102 3901
1 1400 2036
1 1810 2058
1 244 3839
1 53 952
1 1150 1276
1 1759 3490
1 1049 3493
1 382 444
1 899 952
1 799 2388
1 2199 3962
1 9 3990
1 787 1342
1 583 3383
1 533 1556
1 1320 2292
1 2391 3342
1 812 2763
1 1128 2853
1 1240 2096
1 1201 3166
1 1191 3360
1 522 3067
1 2612 3650
1 1205 1844
1 2351 3615
1 3094 3437
1 14 1856
1 73 1037
1 2169 2958
1 2424 3856
1 1783 2952
1 2057 2306
1 681 2006
1 938 2688
1 378 1228
1 3149 3815
1 918 1499
1 1955 3573
1 1587 2001
1 841 1856
1 807 2385
1 1120 3953
1 10 633
1 3322 3639
1 1561 1638
1 786 3098
1 817 2285
1 1481 2946
1 1621 2218
1 1123 3551
1 1935 3542
1 143 2654
1 153 2249
1 881 3850
1 2442 3478
1 2629 3484
1 393 534
1 2220 3104
1 1321 2002
1 3533 3785
1 511 3074
1 1727 2046
1 3534 3976
1 914 1654
1 184 391
1 1441 3876
1 268 3484
1 899 2488
1 1260 1578
1 330 2451
1 1862 2963
1 1008 3506
1 204 1630
1 2146 3284
1 556 2056
1 408 1997
1 2569 3567
1 3259 3468
1 1816 2054
1 2146 3259
1 1096 2908
1 602 2719
1 256 806
1 40 2859
1 2097 3464
1 460 3594
1 1331 3161
1 2471 3508
1 275 2651
1 1909 2569
1 402 816
1 1198 3535
1 91 880
1 614 827
1 291 420
1 751 1872
1 2082 2410
1 1516 1641
1 1178 1916
1 1574 2657
1 1976 3371
1 91 3175
1 2503 3266
1 2809 3880
1 1388 3156
1 2688 3261
1 1814 2759
