842
84 10 1197 482 2234 793 3863 1591 2130 1843 2923 1351 3179 863 1252 48 1284 2094 3522 378 1132 874 1206 2124 2731 326 414 2889 3432 2879 3305 562 3979 502 3886 1295 1549 767 836 3760 3975 2611 3153 1110 3863 1104 3483 626 1000 1576 3221 2093 2783 94 217 1513 1597 402 1632 1028 1599 795 2680 1297 1577 3127 3654 489 2592 2567 3894 248 3593 1359 2808 3456 3913 841 1544 538 3507 764 3720 1948 2289 1025 3802 633 2657 1292 1662 256 2088 1430 2922 473 1083 154 3137 119 1572 2910 3810 2617 3712 1357 3167 2529 3287 155 1799 2793 3653 1081 3876 900 2689 1972 3322 352 3558 902 2072 2440 3502 2914 3824 1673 2961 156 334 3080 3966 2791 3244 600 2582 1111 3047 1934 3887 2355 3769 1586 2230 274 849 219 3910 685 865 262 2757 1767 3791 2679 3348 1020 3793 1639 3949 1354 1807 1686 3914 598 2496 733 3375
26 350 2667 118 138 1342 3458 2056 2705 1966 3677 1630 3390 2147 3317 485 3107 1494 3164 2900 3603 1892 2848 2046 3699 3732 3851 1385 3435 2118 3107 129 545 1356 1874 304 663 813 3808 489 3009 1773 2399 1089 2119 1634 2604 1285 3128 184 2857 748 3819
49 446 1864 1596 3971 2921 3405 1791 2127 622 2336 1089 1979 87 1393 2792 3895 370 402 2757 3890 934 3578 1523 3271 1739 2219 2127 3492 1557 3964 701 3422 671 1498 418 2106 985 1165 2546 2876 409 3635 496 1943 1824 2117 1479 2519 1324 3283 2860 3497 1019 2259 1566 2130 1345 3847 1058 1403 1308 1759 1913 2807 18 3519 313 1772 2092 3948 1737 2501 671 3680 85 2788 1565 2592 1306 1874 802 2889 734 2236 2910 3953 2756 3803 1949 2387 783 1247 796 3161 678 1403 267 992
1 939 2360
2 1610 1949 2035 2769
2 1361 3600 3235 3881
1 1057 1771
1 680 2099
1 485 524
1 1772 2357
1 2021 3036
1 27 3377
1 2055 2825
1 754 774
1 2240 2809
1 2121 3497
1 161 3892
1 1661 3063
1 1766 3274
1 595 1045
1 154 220
1 1249 3532
1 2356 3630
1 11 218
1 3027 3162
1 761 3612
1 2684 3774
1 2753 2836
1 920 1691
1 661 3375
1 2760 3596
1 844 3893
1 473 2142
1 1573 2446
1 592 1823
1 2067 2584
1 1663 2357
1 2198 2239
1 207 1564
1 162 868
1 716 895
1 609 1783
1 3290 3840
1 241 3374
1 323 3966
1 1609 2032
1 2506 3695
1 3022 3177
1 860 1674
1 1837 3146
1 1894 2732
1 1327 1603
1 514 893
1 1134 2353
1 1765 2546
1 88 1243
1 995 3750
1 14 1348
1 874 3899
1 1108 3745
1 90 1547
1 66 1417
1 283 3021
1 339 2462
1 1315 3769
1 251 1403
1 2399 3856
1 3154 3747
1 733 2562
1 477 3645
1 2024 2564
1 1304 2091
1 2374 2736
1 1060 3803
1 659 1607
1 700 911
1 1855 2126
1 1008 3300
1 1577 3570
1 303 1816
1 2867 3164
1 1259 1690
1 1633 3995
1 1686 2143
1 3112 3751
1 1539 2941
1 173 753
1 893 1142
1 1359 3808
1 1623 2558
1 1322 1875
1 2111 3565
1 2078 2287
1 419 3973
1 172 3652
1 3113 3544
1 345 375
1 91 2357
1 844 3717
1 2256 3363
1 685 3971
1 1641 3885
1 1659 1962
1 1671 3471
1 915 3122
1 998 2665
1 99 2621
1 190 2085
1 1602 2123
1 379 2015
1 50 1438
1 167 3962
1 1615 1826
1 465 586
1 2590 3289
1 3372 3589
1 2568 3298
1 1382 3228
1 72 2245
1 2087 3155
1 3226 3428
1 276 1474
1 1891 3405
1 386 2356
1 1644 1926
1 1016 2588
1 672 3004
1 3518 3901
1 1311 3234
1 1227 2388
1 2905 3700
1 378 2521
1 872 3688
1 2347 2681
1 272 2259
1 1516 2861
1 1864 2539
1 1770 2470
1 560 3781
1 2096 2334
1 371 1795
1 546 1405
1 2085 2181
1 426 861
1 209 2212
1 2730 2814
1 1353 1353
1 648 3123
1 932 3684
1 449 3106
1 531 3478
1 1112 3519
1 2884 3197
1 209 711
1 2793 2923
1 2737 2742
1 94 2631
1 742 1476
1 1674 2792
1 977 3212
1 2347 3743
1 349 2600
1 258 3233
1 530 1186
1 2975 3323
1 973 3149
1 1785 2868
1 343 3950
1 224 2325
1 1201 1473
1 636 3727
1 2546 3236
1 582 3566
1 870 2857
1 2887 2921
1 3827 3894
1 1684 2767
1 2548 3805
1 1241 3218
1 690 2698
1 416 3365
1 50 863
1 704 3801
1 1575 1970
1 669 1550
1 2465 3781
1 149 3129
1 2433 2697
1 1026 2081
1 1952 3724
1 177 1202
1 1040 1087
1 1297 1929
1 3179 3899
1 1657 3917
1 1437 3575
1 1303 1655
1 87 709
1 1008 2168
1 1209 1613
1 1820 3500
1 586 3533
1 2973 3473
1 116 2151
1 3156 3425
1 282 2730
1 32 3605
1 165 1830
1 3422 3927
1 793 1539
1 448 1889
1 1069 3161
1 541 2562
1 657 981
1 1170 2210
1 1452 2184
1 683 2146
1 838 2311
1 1080 2821
1 1667 3615
1 1503 3464
1 663 1847
1 314 1906
1 937 1295
1 593 3208
1 3545 3866
1 548 788
1 1386 3153
1 3347 3555
1 555 1222
1 392 1774
1 676 3621
1 2616 3119
1 2101 3553
1 1741 2761
1 3394 3641
1 80 1271
1 423 2666
1 650 859
1 1414 1455
1 1875 2895
1 660 885
1 1648 3779
1 1879 2725
1 709 2185
1 1438 2238
1 1518 2156
1 183 3712
1 833 3742
1 2288 3326
1 1221 1251
1 889 2137
1 1267 3785
1 1349 2510
1 984 1783
1 21 3379
1 2256 3266
1 65 2404
1 2976 3807
1 405 3133
1 338 353
1 255 2331
1 687 831
1 1186 2036
1 508 3020
1 539 3488
1 1743 3097
1 147 2083
1 3123 3430
1 616 1609
1 2044 2076
1 883 2299
1 1827 3130
1 315 3645
1 1912 3971
1 2451 3169
1 1547 2388
1 718 1962
1 147 1601
1 1046 1756
1 921 1802
1 2893 2910
1 1809 3438
1 2542 3564
1 2815 3601
1 2174 2770
1 1157 3932
1 207 1609
1 1808 2346
1 381 3944
1 1745 3034
1 654 818
1 92 3813
1 744 3026
1 647 3643
1 2171 2821
1 239 3841
1 1450 3856
1 884 2367
1 1025 2354
1 2477 2529
1 953 3295
1 196 3360
1 662 3222
1 507 3953
1 2123 3953
1 2167 3452
1 395 2627
1 2762 3295
1 1771 3787
1 1278 2316
1 357 2531
1 805 1526
1 613 1468
1 1533 3064
1 3016 3101
1 1182 3490
1 807 3809
1 192 3575
1 314 3052
1 329 2319
1 3890 3949
1 1474 3666
1 726 2087
1 709 2097
1 898 3420
1 1476 2865
1 2283 2851
1 2946 3231
1 3260 3462
1 1579 3479
1 1468 1811
1 1589 2222
1 36 1084
1 224 2133
1 1552 2428
1 1505 2558
1 958 1444
1 256 1764
1 1225 3746
1 703 2287
1 2246 3603
1 1064 1191
1 2446 3365
1 3004 3589
1 269 2017
1 1663 2434
1 3164 3711
1 1055 2176
1 800 1222
1 175 3529
1 1591 2421
1 1121 3486
1 2873 3020
1 1749 2023
1 2293 3847
1 1815 3496
1 650 978
1 242 3249
1 699 2554
1 3171 3375
1 762 3842
1 1883 2822
1 81 1845
1 682 706
1 529 919
1 24 237
1 1218 1763
1 2100 2999
1 744 2799
1 1468 3262
1 1279 3103
1 599 1924
1 493 3095
1 2318 3801
1 719 3255
1 956 3573
1 617 3263
1 817 2261
1 94 1259
1 255 1562
1 3511 3930
1 1617 3528
1 2110 2516
1 1517 3350
1 771 865
1 344 3999
1 1333 2050
1 3343 3956
1 1214 3453
1 538 2558
1 3157 3797
1 2158 3773
1 621 2289
1 1089 1638
1 2447 3592
1 522 678
1 643 2011
1 1115 1354
1 1895 3848
1 3522 3764
1 2330 3318
1 825 2565
1 2027 3186
1 1339 1363
1 3256 3810
1 1421 3033
1 3153 3154
1 267 2413
1 1203 2716
1 233 966
1 308 3296
1 628 1210
1 721 3237
1 1664 3103
1 210 2009
1 909 1041
1 1284 3375
1 785 3852
1 2770 3502
1 672 3735
1 1131 2095
1 2848 3925
1 318 3570
1 2672 3898
1 1929 2883
1 858 880
1 255 1208
1 106 3622
1 479 3965
1 636 2540
1 1567 3821
1 979 3745
1 1152 2689
1 724 1049
1 66 1513
1 309 2013
1 147 3221
1 3447 3931
1 409 2443
1 2028 2950
1 516 2437
1 1064 2584
1 1451 2362
1 2496 3086
1 598 3302
1 1997 2989
1 645 2144
1 2557 2680
1 1122 2752
1 238 2912
1 796 3764
1 828 2501
1 2127 3368
1 1817 1864
1 1165 3645
1 1242 2627
1 1888 3623
1 928 1533
1 1075 1374
1 285 2720
1 1081 3315
1 670 1514
1 2797 3386
1 613 3620
1 27 1346
1 1062 2122
1 1773 2214
1 1538 2701
1 864 3542
1 3585 3756
1 207 2899
1 423 1501
1 886 2556
1 1594 2968
1 1621 3420
1 832 1037
1 3046 3897
1 1672 1732
1 1213 2189
1 20 968
1 1047 1175
1 1333 2688
1 1243 2288
1 1299 2040
1 719 3495
1 2845 3384
1 334 2741
1 146 1561
1 3749 3750
1 215 3770
1 265 1906
1 303 327
1 2615 2930
1 1744 2443
1 639 2327
1 456 1710
1 2194 3133
1 367 2977
1 116 2520
1 331 3276
1 596 3177
1 252 1988
1 16 918
1 2112 3361
1 1506 4000
1 1544 1620
1 1666 3738
1 1542 3803
1 2322 2978
1 1252 2686
1 385 1862
1 2115 2512
1 2055 3220
1 212 1331
1 113 2837
1 1545 3430
1 300 1544
1 1702 1842
1 1908 3316
1 249 2135
1 195 634
1 234 1030
1 2289 2765
1 2501 2505
1 2695 3703
1 220 2885
1 1707 1764
1 266 554
1 959 3718
1 1491 3094
1 377 3039
1 1408 3537
1 172 3239
1 2159 3766
1 2411 2461
1 1499 2434
1 140 3221
1 1243 1495
1 1106 2302
1 3793 3967
1 3076 3920
1 544 3908
1 2063 3783
1 1942 2507
1 352 3629
1 453 2940
1 2160 2588
1 2486 3403
1 26 1598
1 2527 2653
1 119 2818
1 2090 2725
1 1876 2557
1 284 1471
1 689 1100
1 1553 1731
1 118 140
1 3715 3734
1 1933 3742
1 2268 2434
1 3476 3816
1 1116 1566
1 1211 2962
1 1496 2767
1 513 3274
1 1004 3701
1 1827 2211
1 3034 3202
1 966 3980
1 489 532
1 304 2650
1 672 1421
1 1471 2509
1 237 2222
1 494 1839
1 1539 2778
1 3366 3703
1 1857 2567
1 3636 3727
1 167 2425
1 3392 3906
1 1667 3834
1 175 2930
1 3237 3486
1 1068 2129
1 1382 3846
1 637 1640
1 1198 3583
1 397 2700
1 2823 3346
1 480 3303
1 1920 3136
1 1868 2065
1 376 2390
1 209 518
1 1882 2990
1 629 2181
1 757 1827
1 1616 2989
1 1944 2050
1 2531 3978
1 94 450
1 789 3407
1 871 3838
1 2170 2371
1 1140 1972
1 3321 3597
1 1166 1858
1 791 1243
1 1210 3187
1 253 1540
1 83 347
1 1137 3940
1 771 974
1 433 1081
1 2999 3494
1 3091 3906
1 2037 2531
1 71 2828
1 1126 3228
1 1522 2666
1 2348 3838
1 711 3777
1 547 3571
1 2718 3302
1 1201 1716
1 2419 2711
1 1241 2957
1 660 1312
1 696 1628
1 238 2831
1 2306 2586
1 386 2129
1 177 3957
1 3200 3258
1 1548 3744
1 870 1055
1 11 3998
1 1760 2251
1 421 2457
1 806 2376
1 681 2768
1 1656 3900
1 76 321
1 365 622
1 1197 3641
1 2067 2552
1 3086 3154
1 2493 3037
1 2 300
1 279 808
1 497 3577
1 390 2321
1 668 2642
1 352 1992
1 3663 3993
1 2545 3969
1 241 2719
1 1613 1755
1 745 3144
1 2334 3424
1 3387 3921
1 310 1121
1 2068 3843
1 59 3730
1 810 1070
1 779 3609
1 1302 2109
1 2149 3722
1 1556 2577
1 978 1919
1 365 3159
1 1062 2575
1 1287 3506
1 324 1243
1 1394 1551
1 2091 2940
1 3393 3963
1 791 2630
1 1207 3376
1 214 2193
1 3344 3373
1 1504 1524
1 2887 3900
1 1142 3425
1 1111 3782
1 3609 3811
1 861 3973
1 2446 2741
1 1729 2117
1 1398 2568
1 741 2562
1 2246 2922
1 1855 2221
1 2472 2734
1 2324 3846
1 542 1748
1 1603 2174
1 48 3081
1 2618 2866
1 2522 3362
1 320 1084
1 5 1740
1 1772 1860
1 614 1421
1 833 1688
1 721 2581
1 754 3564
1 356 924
1 3542 3890
1 2628 3993
1 1401 2764
1 229 729
1 941 2001
1 461 3704
1 2481 2716
1 1904 3202
1 1634 3854
1 56 209
1 1187 3616
1 903 951
1 755 1898
1 1485 3929
1 1964 3515
1 2949 3976
1 1353 2692
1 591 595
1 2411 3319
1 463 2073
1 78 2659
1 2118 3875
1 16 1083
1 780 3945
1 707 2998
1 1946 2634
1 264 3299
1 1464 3891
1 776 2301
1 1031 1462
1 1209 2584
1 1083 1323
1 966 3255
1 35 2454
1 742 1425
1 464 1000
1 550 1818
1 3282 3881
1 1147 3806
1 138 2178
1 761 933
1 1807 2084
1 139 1887
1 1983 2593
1 1106 2023
1 2106 3239
1 1310 2656
1 2681 3625
1 1030 3431
1 657 2769
1 2679 3058
1 485 3467
1 2048 2372
1 972 1443
1 3467 3932
1 3633 3794
1 1103 1975
1 873 1047
1 489 1903
1 1078 1761
1 818 933
1 1374 2638
1 510 3515
1 531 1482
1 1228 1413
1 2134 3032
1 108 2942
1 1155 2596
1 2733 2963
1 2761 3811
1 303 1832
1 525 1558
1 1073 2322
1 2490 2693
1 1009 1189
1 41 444
1 71 3492
1 3643 3756
1 666 2718
1 682 1478
1 1782 2458
1 3230 3396
1 286 1717
1 206 2942
1 2485 3079
1 628 2929
1 1400 3509
1 1192 3152
1 316 3818
1 1084 1588
1 46 3841
1 364 1518
1 651 753
1 681 1061
1 849 2239
1 425 2566
1 2654 3967
1 2041 2247
1 1184 2563
1 735 3045
1 1665 3472
1 1681 3183
1 374 3936
1 784 2085
1 323 1401
1 1591 1837
1 490 1798
1 425 3621
1 804 3292
1 937 3065
1 408 426
1 1833 3178
1 640 693
1 1293 1425
1 2575 3915
1 704 1506
1 2489 3304
1 239 817
1 1198 1325
1 262 3885
1 688 1357
1 3405 3611
1 1392 1724
1 2686 3978
1 1260 1405
1 3053 3155
1 1542 3831
1 2086 2870
1 195 3961
1 1168 2640
1 432 2525
1 2634 3019
