14
64 304 1898 249 2505 931 3217 1779 2952 1168 2378 2666 3497 8 1066 612 2507 1601 2749 1122 1882 1383 1579 420 3688 904 2910 389 3061 908 2365 600 2806 849 3758 688 2399 65 1267 1233 3641 3395 3645 730 741 325 460 2061 2442 1412 3074 272 652 2795 3960 2161 2793 863 2311 2860 3183 871 1764 1522 2754 1153 1720 1785 2210 2420 2939 107 3153 1926 2333 3882 3895 3340 3425 2413 3032 392 837 153 3632 351 3404 2303 2425 1714 2696 2252 3478 655 1005 999 2375 298 3247 1248 1666 1355 3237 1908 2659 369 2891 2540 3709 2315 2660 3152 3210 452 3052 491 3873 3386 3856 2658 3884 2135 3170 3224 3825 228 1312 2199 3476
62 1141 3447 846 1891 593 3049 1939 2260 3058 3134 1343 1793 494 2267 1934 2719 1455 2425 840 3663 2308 2320 442 1098 922 1544 671 2856 146 209 465 3657 2376 2400 2514 2636 895 2994 1541 3216 2884 3953 2097 3309 30 467 1922 2027 1690 2456 763 3852 949 1098 2295 2642 2961 2966 2586 3170 139 200 3665 3915 2540 2550 2178 2622 534 3720 1575 2926 1022 3692 158 883 1053 4000 597 2081 1932 2778 1360 3876 743 3970 2930 3607 2192 3709 997 2100 2332 3103 662 1960 1653 3929 1670 2187 595 3648 850 3340 1734 2706 586 847 1733 2667 510 1444 1687 3894 385 2746 636 1080 1434 1675 863 3273 2693 3520
63 181 652 1199 2708 1983 3411 846 1094 1274 2833 566 3800 647 1861 1616 3388 986 3180 161 392 1372 3138 1887 2452 1901 3321 2765 2813 1505 3929 1199 3820 2527 3246 2398 3745 332 1598 430 838 638 1607 556 2086 2374 2562 2642 3261 3549 3653 2009 2804 1779 3879 460 1780 362 2188 1633 2116 1452 2956 2202 3315 1067 1712 1946 2665 2785 3134 183 740 511 3358 2385 3974 1645 1920 1468 3704 2387 3596 2265 3477 1025 1374 44 3562 2476 2766 1432 1678 217 2081 2373 3634 882 2668 15 2126 2541 3399 140 1844 228 2756 113 675 906 1873 1348 3232 501 3797 1876 3614 746 1911 386 2526 203 3513 818 1818 1451 2285
61 255 1208 270 1317 715 3749 2114 3890 560 2342 1091 2324 1303 1997 2645 2652 2441 2499 1463 3354 99 351 738 3989 700 1281 1519 3645 654 2185 909 1799 204 3393 1179 3141 381 2009 118 2569 1210 3812 892 2203 3207 3537 1943 2794 1296 3067 256 3418 1334 2485 273 1244 889 2615 1792 3269 679 3074 1266 3555 884 3534 2695 2893 2814 3915 1461 3726 1112 3442 1407 1928 67 3872 201 3134 1546 2256 1829 3640 1973 3969 2103 2583 3895 3951 2940 3024 205 574 2547 2578 2361 3739 741 1439 2263 3989 463 466 3430 3484 585 1871 443 2072 807 3788 706 1536 675 1617 3509 3720 346 3459 702 3287
75 580 2365 911 3237 319 2686 1060 3439 2038 3427 2501 2616 3188 3946 371 530 3532 3631 2427 3418 238 3963 2002 2123 559 1842 17 2348 2723 3634 676 1998 1001 3304 3623 3999 3437 3687 1724 1771 386 3953 225 3898 1685 3574 292 1516 1217 3943 799 2544 993 2922 545 1552 1853 3982 1486 2658 2705 3334 572 2008 334 1659 1110 2719 489 2185 2137 2834 147 876 1538 2034 1833 3550 138 1831 581 2630 1574 2682 315 2640 215 492 296 2873 89 3067 728 3296 2097 3630 815 3476 1660 1828 662 1305 3270 3797 1898 2919 1896 3731 815 3558 138 3869 533 3639 2801 3174 3016 3954 754 1339 910 2978 1428 2273 614 2727 2202 2991 819 2518 3823 3863 747 2570 180 467 3166 3667 1287 3224 1155 3981 450 514 1883 3251 776 2925 1530 3356
90 2333 2440 1694 3870 483 1166 457 684 1503 3001 319 3913 72 1066 1181 1629 346 732 1044 2916 327 1159 841 1494 1834 3042 1617 3056 235 1189 407 610 276 3765 2019 2304 76 759 849 2476 1580 2795 1850 2741 950 3031 369 2771 3285 3378 793 3816 444 2398 574 1634 231 339 2509 3630 37 1663 1427 3119 1402 2511 3251 3447 2588 3011 1188 1256 2895 3038 3845 3997 1455 2068 1445 2615 1828 3519 2238 3361 960 1917 3237 3936 653 2388 51 1746 1779 1953 2567 3182 464 3102 3052 3521 708 2113 307 1007 1392 3746 1813 1940 1643 3936 347 1764 2251 3674 167 1124 634 2148 110 492 2238 3891 1250 1669 191 3818 655 1939 1459 2919 795 2120 2191 3256 215 3001 671 2155 607 1903 887 2250 2371 3138 583 1923 3305 3646 3797 3821 3711 3757 2095 3124 1379 3315 407 1912 1058 1920 2942 2955 39 2211 1132 1344 1803 2300 202 3499 385 3499 2958 3541 2553 3523 3542 3916 450 3287
63 131 160 1013 2227 327 2628 138 3035 2474 3147 1415 1990 1289 3187 1619 3636 2527 3589 880 2206 2026 2592 420 2072 61 3203 207 1613 2063 3349 2097 3480 3110 3312 1706 1940 525 2934 2063 2999 52 2080 1502 2355 2226 2430 3108 3974 752 2180 3867 3988 1496 1860 1939 2151 640 1558 1995 3447 1543 3793 2563 3104 1358 1741 2132 2266 195 291 2353 3460 943 1336 1815 3767 2877 3169 2874 3922 2145 3950 876 1093 1445 2815 91 3245 544 2691 336 3175 1323 1738 528 3064 2661 3096 475 1330 2856 3683 191 3935 626 2838 883 1046 1008 2804 948 1893 957 2770 2042 3492 1286 2673 671 3217 1065 3847 641 2388 1170 1584
87 919 1768 2782 3332 3553 3775 1054 3266 1267 3193 2151 3190 197 1996 43 2944 1155 3902 1735 2074 448 2575 2406 2880 2252 2603 610 990 924 1780 3531 3781 2699 3401 3112 3562 2954 3467 1309 1704 893 2659 548 654 1091 1681 686 3335 1582 3850 1069 1245 297 563 1214 2900 1824 2816 828 979 509 692 479 1698 1898 3911 40 3953 1364 2833 22 1261 2899 3727 817 1765 579 3541 1240 3250 478 2309 495 775 2798 2872 764 2776 621 2832 693 2402 2391 3341 339 2881 9 288 291 2742 2642 2842 2568 3853 1540 1618 473 2119 1713 2247 2457 2725 1110 2952 588 3983 1749 2441 3459 3847 539 1272 1702 1860 18 740 1396 2041 1838 2333 137 680 974 1078 336 3603 810 3785 1721 2031 177 3612 722 1844 218 3522 704 3056 1639 1962 323 3604 1463 3268 2025 3286 65 3293 1770 2219 2996 3487 1549 2899 74 3236 1151 3859 1134 3961 745 2979 822 1227
66 1432 2534 1589 3260 1988 3395 806 2281 833 1255 1629 2831 1214 3985 3400 3433 560 3484 2109 2332 2656 3558 349 505 309 878 1623 3484 1394 1536 69 179 527 2827 2748 3310 1028 2515 1204 3770 1123 2950 163 1399 1107 1887 2756 3597 1370 3017 1954 2017 2303 2761 2522 3639 2612 3094 1237 2350 1576 3618 1491 2395 145 1142 1889 3749 3093 3260 607 3298 215 3095 2412 3462 146 981 1167 3440 3121 3163 2545 3012 1423 2155 1124 2650 1248 2088 2361 3914 755 2795 28 1404 2987 3294 3335 3777 383 2386 2632 3691 3182 3478 1547 2102 357 3328 2076 3579 620 3479 1990 2590 2328 2776 1112 3114 1505 2563 299 1025 407 2430 327 482 1192 2812 2286 3817
58 1976 3537 3231 3808 778 1166 1524 3135 2714 2854 562 2091 80 1303 3338 3632 283 450 1136 3935 2524 2564 341 993 823 2851 893 1131 1728 3180 2354 3796 2244 3027 2161 3411 893 2384 835 934 1097 3025 1397 3490 193 1824 209 1565 2274 2434 837 1500 957 2930 896 2920 842 901 2027 3659 1169 2912 3101 3414 1938 2350 3913 3920 734 1935 754 2920 2048 3240 2241 2409 2152 2618 425 895 2140 3484 2352 3097 2360 3502 343 1081 197 349 1091 1519 191 3109 2021 2135 1933 2542 364 2054 3868 3897 1915 3284 224 1693 1244 2377 1399 2139 628 3891 1622 2242 1124 3725
51 1895 2556 2040 2092 735 3559 927 1200 1579 3335 557 600 921 1388 467 2373 1293 2382 2597 2986 714 973 1474 2854 864 2102 194 1564 2915 3777 809 1885 1013 3422 156 3990 1189 1660 327 2172 1612 2729 88 927 738 1394 2032 2461 864 1058 1578 2106 668 3120 1520 3984 2770 3085 178 2774 3152 3950 671 3371 661 1253 2913 3528 1699 1850 3240 3463 1255 1517 3344 3551 3101 3738 1375 1690 158 570 3268 3278 1238 1877 350 1097 1617 2050 1999 3871 541 1857 1370 3110 897 1202 141 3111 2350 3685
75 1201 3605 545 1331 430 431 2120 3009 667 1678 2045 2476 352 1906 91 2395 1100 2402 401 3962 1591 2957 2860 3155 3757 3883 1112 2265 529 1703 1731 1804 223 2396 2826 3365 655 2373 945 2333 129 3421 1466 2035 949 3774 2126 3264 2049 3176 2094 3665 1855 3613 1248 1737 457 3513 987 2849 1215 1741 2718 3611 1965 3171 3525 3709 469 2632 2761 3130 596 3891 752 1884 1098 1545 15 3595 273 769 2777 3218 25 381 839 2043 626 1981 1826 2931 1632 3722 2775 3630 802 3155 2483 3434 1613 3624 602 3284 1167 3298 842 1354 1370 2266 1525 3628 302 3228 2845 3609 888 1416 447 2042 2869 3362 2061 2590 993 1691 2454 2884 1934 2025 2646 3407 2690 3638 23 3249 602 3857 866 3211 2391 3061 2288 2839 1683 3782 1197 2986 2571 3433
97 1439 3884 1118 3478 1965 2257 660 1938 190 2685 1344 2837 1122 3412 3174 3435 2067 3776 300 1278 3781 3926 116 3302 650 1799 2287 2937 1459 2809 3265 3987 2692 2742 656 2193 999 2853 2278 2594 1026 1538 2038 2203 1376 2148 1304 1472 2241 2862 2166 2582 2642 3787 380 1467 843 1585 132 3317 3652 3670 119 2343 3401 3501 87 1588 2254 3771 880 3866 796 2069 33 2918 1478 3445 1337 2774 339 3919 69 939 3496 3705 450 2378 338 3767 3600 3990 525 3719 25 3421 207 3508 1613 2461 2567 3278 429 1163 435 1724 1169 1196 1914 2533 1031 2253 1971 3540 332 2323 2555 3862 2710 3982 716 2309 1241 3971 479 3116 1266 3324 3968 3987 353 2873 391 2535 258 1516 826 2712 2516 3829 2333 3548 1872 2082 1493 2607 1161 2204 1354 2002 2070 2231 1400 2201 400 1604 1666 3769 2016 3755 1978 2723 107 1257 2369 2712 283 2604 1120 1423 112 844 1756 3283 362 2716 775 2008 2612 3218 842 1099 2376 2499 131 2776 102 3900 1531 3208 253 742 1185 1939
88 650 3554 925 2291 499 3163 6 1037 319 2255 3706 3812 2183 2908 1400 3406 6 247 3594 3777 1467 3641 785 1366 2260 3993 3198 3602 1136 1177 1819 2200 491 1786 2037 3833 870 2079 334 2044 1855 2278 39 461 1851 3446 1858 1861 781 2726 1451 2249 2236 3456 703 1715 989 3317 1317 1582 605 2125 489 1000 322 2185 264 3037 1192 2169 1687 3470 23 2815 1019 1875 2881 3349 130 821 2695 3361 3239 3468 1259 1597 954 2002 2249 3360 1462 3585 73 3965 3239 3551 395 2588 591 2676 756 2278 1869 3235 253 1092 441 832 222 1653 571 2918 1013 1127 2156 3699 198 3475 2790 2812 2374 3558 274 611 3536 3825 938 1020 1529 3501 1346 3696 2930 3807 898 3215 1135 3184 1339 3406 2788 2999 889 3412 1214 2657 689 1677 466 2855 3501 3502 863 3929 112 3464 1777 2139 483 2366 1268 3668 3474 3712 14 197 469 1460 1149 3889 964 1025 375 3976 1190 3004
