14
62 38 93 33 98 76 105 10 73 55 70 2 26 39 49 56 100 11 67 10 26 63 96 37 58 67 102 31 54 16 101 13 24 52 54 20 58 20 47 82 102 32 49 45 81 43 88 11 41 22 51 3 8 45 59 3 15 34 36 11 78 24 51 46 103 77 102 7 65 63 89 95 108 27 43 5 6 18 86 26 46 54 92 40 82 40 85 17 108 8 60 52 96 29 84 50 99 47 72 24 56 26 54 53 61 8 97 13 110 26 97 7 91 62 92 21 100 38 88 39 90 46 76 19 31
99 11 71 7 60 67 83 62 86 33 80 42 100 2 80 9 66 35 69 38 48 10 58 16 96 47 101 7 83 19 43 32 53 60 106 4 92 67 85 7 66 56 88 57 101 0 110 34 65 2 69 68 73 30 64 55 105 18 77 62 96 2 5 17 109 6 50 2 91 9 58 36 40 6 30 58 93 82 99 92 92 42 106 49 107 25 95 43 51 2 54 5 81 39 59 3 7 57 90 37 39 7 20 14 14 49 51 72 74 37 105 56 80 42 105 17 67 31 68 33 52 11 74 12 38 2 93 33 71 51 91 12 99 26 72 54 64 67 75 27 54 2 24 44 75 71 92 53 102 101 105 1 24 4 68 11 65 38 77 19 97 18 109 31 59 54 76 93 95 10 63 12 36 0 88 48 57 92 110 39 82 4 45 24 54 8 31 6 47 49 103 7 67 42 66 8 39 23 61
76 28 71 24 78 5 78 81 105 0 21 23 85 7 89 61 99 19 39 27 68 1 69 77 86 44 93 6 52 43 81 3 94 61 109 27 55 50 80 80 101 12 75 20 44 32 106 22 86 31 104 3 54 29 33 21 77 11 79 54 70 50 105 100 109 55 77 76 97 68 87 81 97 30 104 40 42 3 64 48 67 10 96 51 70 14 39 88 102 47 93 84 97 41 95 15 37 1 2 2 71 29 99 22 93 24 70 3 73 29 70 11 14 3 80 25 60 2 17 52 103 49 89 31 77 14 92 9 17 11 93 12 29 11 51 10 86 31 87 5 25 88 101 12 72 91 97 13 50 6 100 38 102
79 9 11 102 110 16 20 84 84 37 97 24 108 65 87 84 96 1 30 27 89 39 102 10 89 53 60 0 78 57 103 2 95 9 94 30 45 18 51 55 89 20 108 3 86 0 48 40 49 31 67 22 79 31 48 42 52 19 32 42 77 18 26 20 27 62 65 54 109 24 105 33 73 15 60 63 76 5 61 54 92 73 74 55 62 46 108 79 104 35 68 45 86 2 6 55 64 71 105 60 95 41 93 56 58 23 42 60 103 55 81 25 95 71 81 6 46 19 39 85 87 15 71 4 17 0 77 82 89 31 46 74 87 65 73 84 107 34 37 7 41 7 30 101 102 29 37 48 49 17 75 32 77 22 36 50 54 73 74
59 9 45 38 48 10 110 11 47 47 97 29 55 17 89 59 98 7 77 108 108 73 94 15 68 37 50 59 104 21 52 2 78 66 67 6 40 52 77 66 105 24 90 62 107 2 49 61 108 67 105 58 103 8 73 58 60 8 51 44 104 12 29 36 47 80 87 94 98 80 88 53 60 1 56 55 108 47 105 3 6 5 41 49 106 20 55 12 108 4 101 57 85 54 104 10 23 21 45 11 102 5 23 51 76 48 62 73 109 79 95 25 53 25 49 45 74 45 71
73 2 50 24 56 57 101 21 87 11 21 54 84 90 96 62 105 93 95 24 91 44 79 33 45 23 69 8 56 21 69 55 60 52 75 25 73 1 42 95 105 9 75 1 49 95 99 63 81 28 79 2 99 13 88 24 33 52 94 21 62 4 76 11 20 37 69 0 94 19 90 46 106 28 95 17 108 1 80 39 100 30 94 30 95 12 63 8 64 29 46 16 102 46 79 4 12 57 106 37 56 66 103 84 94 81 87 52 108 33 83 54 98 16 17 38 80 21 99 9 85 69 101 0 5 11 64 61 68 0 7 46 66 20 110 27 102 43 101 14 25 64 76 33 68 22 48
67 43 88 88 104 19 46 103 105 30 110 40 54 0 2 7 86 53 106 80 109 42 97 0 46 51 59 10 34 73 110 36 58 65 87 51 74 26 97 56 67 62 97 37 38 13 64 58 97 8 96 27 46 15 79 79 99 50 66 2 29 49 91 25 87 45 79 40 71 66 107 69 104 106 110 4 31 17 60 62 69 54 90 56 74 44 46 1 43 45 94 82 84 25 110 12 50 79 91 24 34 28 93 27 28 30 110 31 32 68 95 12 41 15 98 61 86 70 83 8 62 57 86 82 92 32 85 35 53 12 60 28 40 94 107
74 65 106 42 97 5 78 17 27 66 93 43 44 4 39 46 47 21 61 80 84 1 48 61 101 10 65 47 71 45 67 0 56 4 39 9 38 6 6 78 99 14 63 53 83 8 71 10 41 33 62 81 95 64 97 13 70 84 107 6 93 4 92 34 37 43 72 46 50 20 65 34 90 18 63 26 28 10 75 37 108 72 73 20 77 33 59 37 107 58 95 89 91 13 99 18 84 5 26 23 98 2 71 21 30 6 49 56 81 34 59 20 73 40 48 39 48 14 17 13 44 2 75 42 104 11 29 15 107 17 38 29 95 5 93 40 59 56 107 11 107 32 83 69 80 64 109 18 19
71 32 62 17 78 1 25 89 107 16 45 47 107 29 76 34 89 18 76 21 82 79 81 53 105 23 37 35 58 18 93 51 96 9 50 17 64 1 10 47 79 46 94 75 75 53 59 24 51 12 22 94 97 40 101 28 88 4 88 4 97 106 107 23 98 6 87 4 68 30 51 36 76 0 34 34 93 33 105 7 110 96 107 39 42 19 77 8 81 12 48 8 44 9 32 31 67 60 87 76 90 2 27 2 108 54 90 36 101 64 87 1 49 72 91 39 40 48 51 61 100 2 70 11 85 5 43 19 103 92 95 60 83 38 80 34 62 0 39 5 24 14 15
50 28 105 47 67 36 45 18 86 29 38 49 60 6 72 9 64 98 105 88 99 32 109 7 102 30 109 31 55 45 97 15 62 91 109 23 78 41 86 14 53 55 70 4 83 14 61 37 101 8 66 89 92 65 81 4 100 52 72 60 91 11 59 91 106 61 70 36 58 1 53 12 50 107 108 96 110 10 74 70 100 20 29 35 103 42 92 40 94 41 106 15 106 62 104 54 86 22 34 31 75
60 23 87 19 77 13 76 28 81 40 66 27 58 32 93 66 69 74 104 2 56 9 108 49 71 44 83 58 93 17 109 40 86 52 86 0 40 70 81 69 77 62 68 35 104 62 102 7 101 103 107 5 63 41 54 14 18 52 98 4 13 41 51 78 96 34 96 7 104 7 17 10 70 4 85 46 77 7 88 4 84 22 36 9 63 79 90 18 19 21 32 72 75 61 73 39 107 98 98 42 47 5 53 57 90 58 103 56 65 81 81 10 44 7 72 38 107 15 40 61 109
98 74 74 2 24 2 109 63 101 92 110 35 47 26 57 34 101 24 99 12 105 51 56 12 53 33 105 9 52 31 55 49 105 18 51 70 73 23 101 63 83 22 110 20 59 77 93 63 101 22 75 37 73 31 73 26 67 64 79 17 96 66 75 31 93 58 102 48 55 14 59 72 88 20 110 18 50 2 54 8 77 18 97 32 91 7 18 82 99 5 27 8 102 12 40 25 70 31 81 60 97 73 81 15 81 65 94 89 99 8 48 55 79 87 88 0 105 95 100 11 17 46 78 0 54 7 79 11 90 12 101 17 72 32 86 69 94 23 39 47 99 12 44 67 99 21 68 34 57 104 109 9 96 63 71 37 78 49 83 74 109 15 61 36 87 47 70 46 86 34 35 46 75 20 83 87 93 10 92 31 39 3 100 17 74 52 106 24 93 32 44 39 47 15 47 24 36
82 12 63 60 99 48 79 52 60 24 42 33 86 22 65 11 90 23 105 4 18 29 80 2 4 9 103 76 102 16 27 44 80 31 45 0 68 69 93 58 104 0 78 34 74 65 84 48 85 0 30 67 81 0 12 9 84 4 75 26 72 43 70 15 42 5 51 15 39 10 60 62 98 21 28 26 53 27 52 27 102 58 83 24 50 11 23 15 33 0 39 23 28 70 71 17 38 63 106 56 73 43 55 24 24 5 102 32 78 44 69 1 68 51 68 79 92 15 66 35 106 63 66 18 78 56 75 27 95 41 103 41 48 6 84 31 72 91 109 4 94 5 49 58 103 84 108 26 64 2 91 59 98 18 66 66 82 16 50 8 109 32 39 56 58
50 70 89 95 102 19 93 40 93 11 40 36 89 8 43 10 16 4 43 17 62 11 99 2 78 27 38 18 35 25 34 5 36 12 41 27 46 2 9 13 27 6 102 51 102 59 101 2 33 20 63 36 74 55 60 18 40 53 83 58 108 4 87 33 40 1 98 27 100 63 107 54 54 2 97 44 105 46 48 18 50 68 107 14 70 32 51 75 110 26 109 13 54 55 98 35 42 62 100 52 83
