31
30 2 2 39 62 49 65 23 35 10 69 9 57 0 24 19 37 45 50 1 8 5 12 6 34 36 60 42 70 12 19 22 45 13 52 13 31 8 8 37 54 18 63 50 54 20 47 53 69 70 70 5 61 42 67 7 39 16 38 10 59
33 32 34 5 70 7 30 16 44 42 44 65 68 25 44 4 46 2 57 5 33 7 41 4 35 10 43 8 51 40 53 45 57 3 16 10 50 6 55 50 57 26 52 47 51 52 56 57 59 63 69 6 52 33 56 3 41 28 52 41 43 21 29 15 55 5 26
35 10 11 12 21 24 36 16 69 10 41 34 60 26 39 5 41 26 59 23 46 15 59 56 66 40 55 25 32 58 60 11 31 28 54 52 64 8 50 9 40 20 34 20 69 60 70 9 25 32 56 0 32 20 58 17 60 9 42 45 62 27 56 22 55 3 40 8 8 8 14
35 43 65 14 46 32 45 1 40 1 30 33 62 51 52 39 41 22 48 13 47 4 32 35 59 32 70 0 27 13 35 7 48 23 38 31 53 22 28 19 32 26 54 10 35 6 9 36 60 12 57 2 61 5 69 9 68 36 68 41 69 31 46 8 70 30 61 18 30 22 43
33 26 48 7 21 15 16 4 58 30 33 6 23 35 66 63 64 59 63 22 64 20 68 2 50 23 58 37 40 62 67 34 53 0 42 4 15 18 22 19 52 12 25 8 35 21 28 13 32 16 54 7 67 40 51 46 70 15 63 19 36 38 70 2 38 1 37
33 51 59 1 63 0 57 39 58 7 46 0 21 23 54 19 59 28 66 26 65 1 20 40 61 20 39 2 37 22 39 19 33 51 58 18 25 12 38 45 58 19 58 26 42 42 45 61 68 2 16 22 54 12 49 48 54 16 63 14 15 34 55 2 7 46 63
34 13 36 7 18 55 66 5 26 50 68 16 65 13 64 27 47 2 59 41 50 51 57 26 65 1 60 3 64 35 57 23 48 22 31 6 26 31 57 14 32 8 11 24 39 15 32 11 34 3 52 14 14 38 39 0 39 28 65 23 42 11 25 0 33 56 58 2 70
30 16 62 29 70 13 55 63 70 24 26 33 36 0 8 3 40 2 8 28 33 4 52 30 44 12 37 46 70 36 49 18 58 7 25 10 58 21 50 5 9 3 36 2 37 5 11 6 50 39 65 13 43 17 46 33 59 9 15 11 58
30 36 70 43 44 17 53 25 27 23 61 26 63 60 63 68 69 26 47 21 68 20 40 67 69 3 55 13 43 3 55 39 61 54 64 12 31 7 68 58 61 11 59 47 51 0 44 9 27 6 20 41 48 4 7 41 70 12 20 13 23
34 22 34 11 58 2 66 63 65 55 61 32 51 31 63 4 32 1 19 39 56 27 57 32 46 16 56 28 52 35 60 23 55 57 66 12 41 29 36 5 19 16 51 12 51 8 43 41 47 63 63 9 19 49 55 11 34 31 63 20 22 7 58 3 5 33 44 17 62
33 22 41 21 39 52 64 7 25 0 48 48 64 27 57 1 2 39 68 62 63 12 19 26 50 46 55 51 60 1 11 20 55 1 53 23 34 25 61 19 26 27 39 19 56 21 55 23 58 10 18 45 69 23 24 24 29 39 44 9 41 56 61 38 56 39 62
34 17 29 43 52 8 68 14 22 3 23 6 32 42 53 51 52 5 65 4 55 5 9 46 64 54 65 62 63 6 30 23 24 36 59 17 26 5 8 28 31 11 63 24 35 47 65 4 20 40 52 4 57 49 68 3 63 12 54 18 66 19 44 1 33 16 27 10 21
30 9 41 6 64 4 31 51 58 7 66 33 66 11 50 4 40 3 7 17 52 2 30 53 62 24 31 18 29 50 65 13 35 19 50 24 59 6 41 4 37 45 68 16 63 48 68 11 56 4 68 28 38 50 58 49 51 9 34 28 67
32 23 40 20 38 11 62 49 61 58 67 23 64 39 51 1 8 43 56 12 13 1 10 32 51 10 61 15 70 7 43 47 49 17 27 27 38 8 18 35 47 36 70 16 29 61 70 15 24 34 68 28 66 7 60 6 29 31 52 38 59 38 56 12 45
31 2 10 23 51 58 59 16 57 48 64 16 38 31 48 5 32 27 60 9 44 2 65 40 46 21 38 31 59 13 43 3 46 14 27 1 26 15 42 58 63 4 66 44 61 23 35 49 55 10 22 4 25 25 55 6 11 2 64 37 65 6 29
35 20 56 21 69 0 31 23 39 27 43 0 44 39 67 9 54 38 63 2 39 25 47 13 13 16 49 15 39 53 68 2 18 47 53 13 23 47 62 34 67 40 66 65 65 4 68 8 66 27 48 34 68 2 42 48 51 16 18 0 26 44 44 2 26 51 56 27 70 26 47
31 2 26 16 67 51 54 5 49 7 13 2 7 9 46 26 50 26 58 12 18 16 70 51 56 36 67 15 54 41 43 5 46 22 27 11 42 2 7 20 41 20 58 43 66 53 67 52 54 8 24 1 38 12 40 36 54 48 69 21 51 39 56
34 38 66 37 69 1 37 2 58 17 45 44 45 2 58 16 25 10 26 49 64 50 61 47 47 5 39 20 27 43 44 47 70 5 42 43 68 42 55 5 60 10 60 22 64 49 68 23 39 17 59 39 47 38 54 6 15 2 59 57 63 5 33 22 47 19 39 41 50
34 55 61 25 55 6 54 22 33 5 5 21 22 12 60 26 61 27 35 45 68 14 37 3 7 10 20 39 46 21 48 34 36 18 38 22 62 44 55 55 61 10 36 12 22 26 33 9 21 21 54 50 66 13 21 2 41 9 23 4 40 3 57 24 41 52 63 6 37
30 27 61 6 27 60 70 13 64 65 69 45 52 40 44 33 57 2 34 11 41 35 45 28 69 13 46 51 69 19 48 10 66 1 35 34 68 21 41 19 58 32 35 32 40 25 32 26 35 27 60 6 55 33 35 8 53 48 64 38 67
33 33 37 5 65 0 65 16 35 58 66 31 51 0 27 12 53 7 57 2 14 14 57 9 47 15 70 57 64 13 13 46 65 0 11 5 41 17 31 1 49 12 63 29 40 2 63 9 53 9 15 23 23 30 32 31 63 6 49 19 55 23 50 26 65 10 67
31 41 44 19 31 54 56 49 56 6 11 16 69 13 20 4 70 5 61 37 67 6 67 46 52 31 60 1 54 28 41 11 13 1 5 18 62 0 59 3 26 11 33 31 42 1 6 12 66 62 63 9 18 29 61 18 65 53 66 1 23 14 55
32 50 56 34 57 57 70 25 69 31 68 59 67 28 37 9 55 20 47 18 38 5 40 54 63 22 59 5 55 29 43 0 59 9 57 8 23 21 43 0 33 12 60 49 60 17 44 19 68 51 68 16 67 37 59 19 70 14 47 25 50 25 43 12 70
35 20 22 3 46 13 47 15 33 24 67 0 11 8 43 11 41 4 27 38 64 57 58 0 0 11 12 3 37 16 41 9 63 16 67 10 26 1 63 3 59 14 25 19 29 23 30 58 70 37 57 3 11 43 55 34 67 37 54 24 65 13 34 10 47 33 50 20 42 23 34
30 59 69 9 17 21 39 39 47 45 56 19 51 23 29 26 53 37 51 21 51 14 64 3 68 61 65 54 67 24 38 18 43 36 58 17 21 27 68 43 56 2 36 23 32 5 19 18 56 16 69 6 10 34 43 37 44 24 28 8 65
35 12 52 30 62 2 8 30 57 61 64 61 64 13 56 9 49 3 26 26 32 36 63 4 27 2 40 11 68 20 27 23 70 14 32 29 65 47 53 47 55 37 48 10 37 6 33 19 67 32 45 28 56 41 64 11 12 26 54 39 53 3 23 52 66 10 68 51 60 45 57
33 22 54 24 24 16 61 12 44 49 54 1 39 25 51 51 62 51 65 61 64 13 29 24 45 15 42 14 22 33 59 9 47 33 41 1 57 5 54 30 37 14 31 5 65 16 16 16 67 11 38 40 60 51 65 53 64 7 40 2 4 26 44 10 68 11 37
30 21 47 13 58 4 61 16 64 20 40 32 47 51 70 51 67 11 61 5 64 12 62 24 29 2 70 34 67 5 40 10 61 52 55 3 8 32 59 19 40 2 11 13 16 13 42 53 65 30 34 6 25 2 66 1 50 44 69 68 69
30 19 39 23 31 27 65 11 60 11 44 22 56 28 35 1 27 40 60 19 35 6 21 2 22 23 31 4 31 29 52 20 54 46 48 35 43 14 40 14 24 26 46 14 70 42 57 15 31 10 57 11 63 31 33 62 65 16 56 27 68
30 10 48 22 56 18 20 26 66 0 2 9 52 30 66 47 51 41 42 33 51 25 53 43 46 51 65 36 63 20 21 11 32 64 69 48 49 11 34 14 44 25 34 23 64 3 51 0 21 5 33 33 59 5 59 34 70 57 70 21 35
30 6 13 0 36 14 61 42 56 19 56 4 19 39 44 2 56 37 44 7 8 27 70 4 26 25 61 8 35 16 20 15 58 11 60 50 58 25 60 4 66 6 46 9 45 19 25 23 48 22 56 22 61 12 47 33 57 21 32 1 13
