31
31 11 27 55 67 39 41 43 46 48 51 22 29 10 41 32 55 60 65 4 59 1 51 19 20 34 40 56 65 52 65 9 49 5 6 24 45 46 67 52 58 4 10 9 14 11 24 0 6 49 65 35 50 5 55 30 46 24 49 30 62 40 50
30 5 56 61 63 19 52 42 70 12 23 8 69 24 64 4 55 42 70 20 53 35 35 10 43 13 28 2 3 2 7 23 43 8 66 13 20 15 16 19 69 28 58 12 67 1 51 28 54 31 48 66 67 39 43 6 56 39 67 3 59
34 26 62 18 49 0 69 16 33 48 62 4 36 48 59 20 47 5 30 13 51 6 26 56 66 1 43 11 22 20 57 12 53 12 62 30 43 21 23 19 69 14 24 33 34 11 32 37 53 1 64 28 50 31 35 3 54 5 67 15 16 28 62 28 35 18 50 0 38
32 30 58 16 42 9 64 3 35 23 40 37 47 25 50 7 45 11 39 4 41 57 57 27 45 22 46 24 64 56 60 7 66 15 42 39 49 11 12 4 34 1 52 42 62 49 57 25 36 20 37 29 37 16 55 11 30 38 67 28 54 9 52 35 67
33 35 45 54 57 17 70 0 70 19 61 57 69 42 58 49 55 16 32 39 48 27 29 16 23 4 13 4 53 31 70 25 44 8 27 26 31 56 61 5 58 4 51 3 69 12 47 39 54 28 53 16 56 12 63 39 56 4 67 67 69 23 66 0 22 31 62
33 17 52 22 36 0 64 56 62 47 68 5 15 19 57 2 63 31 55 41 47 5 12 39 45 1 69 23 39 29 31 6 32 28 43 36 59 4 29 5 59 2 24 19 52 43 44 21 34 59 62 0 10 56 68 69 70 39 54 43 52 14 30 33 50 38 42
31 0 43 18 37 2 5 24 49 46 53 5 40 41 67 2 51 24 36 1 53 0 50 22 35 9 61 24 32 0 51 12 54 3 32 9 39 34 58 23 40 0 28 1 10 55 61 9 34 57 67 22 36 57 67 18 58 20 66 2 7 51 56
32 14 48 53 59 6 11 12 36 6 64 7 22 8 43 2 17 29 69 25 40 57 65 12 43 13 63 45 51 3 61 30 48 18 69 10 61 26 55 21 53 4 50 59 59 7 61 36 36 5 59 14 61 23 33 36 57 57 63 16 20 46 53 52 69
34 22 59 39 46 35 60 25 39 44 48 6 39 10 42 27 46 41 63 56 69 34 59 2 51 10 23 16 64 21 45 0 40 27 39 15 62 1 28 37 61 45 67 5 55 32 69 21 31 34 60 22 38 40 55 2 65 63 66 11 44 1 42 45 59 11 20 11 70
31 1 36 27 29 41 42 34 58 33 40 23 28 7 50 7 47 12 32 0 38 3 44 46 70 19 49 17 70 16 30 51 62 7 13 14 51 10 39 8 43 8 36 26 46 46 64 18 22 26 53 29 57 16 58 35 36 35 52 35 65 29 47
31 2 54 16 68 24 36 25 28 4 21 50 54 8 68 15 33 15 34 23 32 2 49 19 39 0 44 34 70 10 60 16 62 13 25 8 9 10 64 37 45 14 52 11 25 18 60 54 58 19 64 37 67 56 68 2 66 17 60 1 6 0 17
34 30 56 65 68 0 61 46 63 35 44 7 31 9 64 47 65 2 13 13 69 30 42 24 44 14 47 13 45 22 45 42 61 12 70 13 55 7 20 19 56 10 51 23 44 17 19 21 51 25 61 20 63 4 55 31 67 1 18 4 63 7 23 53 67 6 69 9 27
34 43 59 17 69 21 66 17 43 33 38 58 64 18 57 23 42 13 33 1 15 25 37 44 69 38 65 11 67 34 38 33 53 41 50 36 51 28 31 39 64 27 32 45 51 49 53 28 63 46 61 13 38 15 36 13 17 28 62 10 56 26 43 39 67 50 53 13 63
33 31 38 64 66 0 49 32 42 29 34 7 50 1 51 25 69 38 69 20 57 36 48 13 51 35 40 15 33 7 33 54 64 5 49 54 57 29 49 38 46 14 23 48 56 2 65 14 23 41 65 41 49 14 30 26 30 23 54 16 41 55 61 10 66 64 67
32 2 56 41 56 40 70 49 56 25 52 8 70 24 53 31 49 54 63 9 21 5 47 10 63 25 66 22 33 18 61 21 32 46 48 22 46 0 8 31 64 52 61 1 34 11 14 26 29 7 34 10 69 12 40 34 39 27 65 13 61 17 53 24 65
35 16 70 47 69 62 62 29 52 23 64 35 67 9 56 17 69 40 54 23 60 28 34 49 61 22 49 39 62 16 63 53 63 11 62 39 53 3 28 27 66 52 62 21 62 20 47 61 69 59 60 45 54 23 47 45 57 13 45 21 48 36 61 13 27 2 52 5 41 10 36
34 22 58 14 43 34 65 2 15 55 61 38 60 12 68 43 54 16 17 38 63 52 53 11 40 15 64 41 51 34 37 16 43 17 24 19 49 21 52 64 67 11 14 34 40 26 38 4 23 15 54 2 67 14 29 36 44 6 38 1 56 28 43 27 48 6 67 36 58
31 29 54 43 60 29 48 15 30 13 65 28 30 26 67 10 17 22 62 28 48 7 9 31 66 18 57 1 54 19 54 32 43 33 52 11 47 6 11 24 57 16 31 12 27 42 61 64 69 6 12 19 52 12 16 2 45 30 47 16 44 48 66
35 29 61 0 64 1 30 56 57 3 61 28 48 5 18 46 70 30 53 9 51 24 29 31 55 14 62 8 59 16 17 6 36 6 29 6 38 19 24 9 54 12 27 17 32 24 61 52 62 37 43 61 66 5 67 10 57 27 65 29 45 11 65 48 51 18 54 2 16 42 70
32 29 42 21 60 13 33 13 14 10 16 5 35 12 41 53 62 17 68 2 43 37 59 14 36 21 32 12 54 34 43 23 26 14 15 44 47 57 59 21 69 2 57 34 45 25 58 15 59 31 42 18 61 28 63 9 27 24 39 18 64 19 42 41 57
33 45 64 13 32 11 15 32 65 0 45 19 30 19 65 10 33 23 43 35 38 8 10 10 19 1 37 20 52 38 38 13 45 32 58 5 7 30 69 3 39 18 61 9 64 12 26 19 56 18 50 20 60 26 40 58 70 37 52 5 38 12 50 42 49 54 70
33 13 28 17 62 4 35 44 55 8 11 24 64 2 21 41 44 13 59 1 46 11 13 13 16 25 63 35 65 8 24 13 52 52 62 3 16 57 58 61 65 45 69 18 50 47 63 21 35 5 22 10 47 54 66 23 58 8 48 53 63 27 56 4 38 7 18
33 4 65 4 30 9 24 3 48 40 56 51 55 6 37 21 53 4 32 6 51 12 54 33 35 0 60 39 69 7 46 12 43 1 17 25 33 10 57 43 59 4 11 23 48 41 45 34 61 27 49 14 22 42 47 42 57 37 57 4 40 32 52 7 64 0 29
31 16 42 19 38 42 53 2 61 43 47 6 51 8 57 20 39 50 68 25 52 11 65 21 29 4 33 28 68 23 68 47 70 39 45 18 21 16 20 11 19 23 28 26 45 31 46 13 41 3 69 22 28 3 41 5 58 36 55 19 33 9 52
30 14 21 2 67 48 61 10 45 36 68 10 36 42 59 23 29 21 46 3 11 14 62 21 27 5 10 30 61 18 30 8 70 5 45 1 35 6 13 5 49 3 41 22 59 11 44 11 19 22 63 15 53 35 36 7 42 0 32 18 37
30 17 45 10 68 32 50 23 56 1 38 20 39 20 42 12 62 54 62 5 55 5 30 2 40 9 32 25 40 6 19 11 17 45 67 22 46 5 6 4 63 12 38 4 58 16 54 50 68 39 65 34 44 36 55 44 47 5 44 1 11
35 22 49 23 60 4 66 30 41 58 65 8 70 26 69 14 46 11 36 45 61 45 49 41 45 22 22 6 26 48 54 19 33 31 39 35 56 34 46 5 53 41 44 52 70 0 26 5 36 50 69 3 58 28 32 10 45 11 14 37 69 56 60 20 62 47 55 15 49 23 52
31 24 56 44 54 56 70 53 60 28 39 32 40 28 32 37 38 7 48 4 36 20 68 27 48 4 34 24 54 5 17 41 45 21 49 7 56 9 45 20 37 13 20 41 69 35 52 19 40 44 44 41 55 42 65 50 69 3 6 12 23 18 39
32 60 67 10 27 5 55 43 47 28 67 1 30 9 68 28 70 3 41 42 44 15 68 21 27 24 52 5 70 17 63 13 61 0 45 10 40 15 48 3 13 4 15 13 64 12 23 2 13 6 27 55 55 6 21 11 34 42 61 39 54 19 60 27 64
30 35 67 35 44 48 69 23 49 22 63 46 66 8 55 2 61 24 58 30 43 6 29 20 31 5 34 51 65 4 61 14 18 9 39 48 62 0 7 0 30 23 67 6 7 35 39 59 69 1 57 16 49 7 30 12 47 24 58 6 15
30 51 64 60 62 15 39 16 27 40 58 39 67 6 24 31 63 20 35 10 36 29 57 3 59 15 33 13 52 52 59 44 63 35 52 52 67 35 40 4 12 11 58 11 31 49 62 13 34 42 44 1 10 13 30 24 60 33 60 1 5
