765
3 184 340 3637 3641 3277 3311
134 978 1086 1389 1439 1048 1126 23 126 3213 3223 788 788 2720 2783 3993 3993 718 881 3995 3995 1163 1184 422 499 3368 3379 321 464 2483 2550 3860 3862 3116 3142 534 581 1520 1555 3471 3485 881 972 3376 3377 633 659 1051 1065 2742 2765 1201 1283 1212 1230 3518 3539 2018 2050 1409 1461 2481 2524 3300 3300 1254 1383 2482 2491 3005 3052 2036 2130 1452 1462 3974 3974 1592 1664 114 248 3535 3535 2105 2145 246 319 2417 2444 936 1020 3377 3387 1597 1703 2713 2766 1437 1508 2200 2247 1561 1676 401 437 3185 3209 3635 3647 3889 3892 1601 1688 149 238 746 865 1820 1895 3568 3573 2308 2339 522 629 2599 2631 1793 1807 584 721 3068 3096 1454 1561 3020 3021 3004 3008 821 979 3852 3852 1453 1503 2997 3019 3639 3654 3975 3975 2027 2049 1174 1253 3011 3047 3340 3370 686 782 160 196 3323 3342 752 789 2545 2583 3601 3620 1631 1715 413 472 1185 1200 3605 3610 2580 2610 2767 2817 2473 2531 397 410 2051 2072 2314 2375 2860 2878 2756 2798 3456 3456 1069 1082 2599 2643 865 990 1899 1974 2063 2082 1442 1487 765 794 4 162 2277 2332 2934 2948 2807 2847 3415 3436 2532 2532 317 384 94 235 2615 2665 602 613 1656 1693 2318 2331 2268 2270 1602 1619 1014 1048 3083 3093 2576 2628 1966 2009 3829 3830 35 70 166 257 3082 3114 2448 2501 985 997 498 513 2850 2879 3818 3820 2389 2437 1714 1788
3 3789 3791 1044 1049 125 180
33 1894 1944 3004 3051 1127 1179 3422 3426 292 423 3130 3168 2883 2891 3761 3771 1893 1989 2018 2111 2769 2828 504 643 2738 2761 909 936 2899 2918 1454 1557 1723 1754 1227 1237 3361 3374 1750 1837 3997 3997 2235 2261 1759 1868 3348 3378 1064 1192 3663 3664 2324 2396 3804 3809 860 885 1905 1925 2413 2486 1366 1460 2857 2859
53 1529 1585 3682 3689 3345 3361 1668 1772 2560 2589 508 576 2413 2469 825 851 2191 2197 2136 2138 3236 3250 2754 2778 1156 1228 2039 2064 2060 2135 1634 1746 2337 2392 2318 2348 2116 2179 2419 2437 1918 1920 2036 2054 1273 1386 1760 1865 2262 2326 3506 3513 109 128 1176 1313 2718 2735 3333 3336 115 163 770 877 3892 3894 1912 1944 498 552 3300 3315 3913 3913 751 896 2640 2658 3770 3777 453 525 1017 1096 212 312 3197 3215 1096 1107 3971 3971 2543 2590 3150 3184 1196 1285 2798 2799 1640 1641 1463 1537 1390 1510
9 3742 3750 1926 2021 2985 2992 1528 1606 1766 1863 2962 3005 2848 2877 488 498 3040 3084
2 2666 2712 3496 3509
5 3734 3734 3715 3727 133 154 3917 3918 616 719
1 2702 2745
2 1390 1510 2909 2921
1 426 557
1 257 341
1 2764 2794
1 2418 2441
1 3904 3906
1 1524 1561
1 3038 3073
1 152 157
1 2164 2224
1 107 286
1 3753 3761
1 1050 1184
1 3580 3591
1 546 674
1 1569 1654
1 33 221
1 294 372
1 2468 2502
1 2217 2224
1 2177 2266
1 1070 1090
1 3956 3957
1 1163 1163
1 2036 2038
1 1157 1222
1 3732 3738
1 2690 2703
1 760 797
1 2666 2693
1 3872 3874
1 84 202
1 3468 3471
1 2345 2425
1 2627 2674
1 3950 3950
1 828 846
1 1170 1195
1 1517 1561
1 2006 2012
1 1551 1672
1 1881 1882
1 1150 1254
1 1386 1455
1 430 449
1 2307 2363
1 615 770
1 2467 2470
1 2023 2088
1 3428 3439
1 2765 2787
1 1863 1901
1 896 918
1 1693 1804
1 2874 2874
1 3392 3398
1 2105 2187
1 3864 3866
1 1763 1840
1 3247 3259
1 102 115
1 3235 3248
1 1706 1714
1 2768 2784
1 610 759
1 444 465
1 1010 1126
1 2999 3027
1 3360 3386
1 2824 2870
1 564 638
1 2401 2436
1 2854 2899
1 1657 1664
1 441 449
1 2706 2751
1 2689 2726
1 788 947
1 2956 3005
1 2695 2698
1 3121 3164
1 1324 1402
1 216 263
1 2401 2446
1 621 666
1 806 865
1 3200 3237
1 1047 1100
1 3135 3163
1 78 194
1 1644 1681
1 2791 2819
1 2915 2920
1 3267 3285
1 1918 1984
1 3884 3884
1 443 495
1 3354 3358
1 2923 2936
1 2389 2453
1 1533 1533
1 3329 3333
1 1818 1923
1 870 882
1 1219 1345
1 780 917
1 3748 3759
1 409 514
1 3019 3042
1 3505 3516
1 3076 3076
1 2769 2824
1 2824 2838
1 631 728
1 2538 2556
1 3617 3620
1 950 997
1 1992 2063
1 1823 1917
1 1250 1343
1 3897 3901
1 1064 1162
1 1147 1212
1 2083 2158
1 3423 3429
1 3490 3509
1 594 604
1 3208 3216
1 1418 1513
1 198 260
1 1754 1758
1 423 480
1 1511 1560
1 2152 2164
1 676 730
1 496 501
1 2991 3033
1 2042 2050
1 553 706
1 1595 1689
1 479 506
1 2176 2257
1 3343 3347
1 3365 3387
1 315 456
1 3157 3165
1 1075 1158
1 3173 3194
1 3944 3944
1 1741 1802
1 2338 2411
1 3580 3590
1 440 586
1 1121 1255
1 2163 2190
1 2944 2980
1 3788 3791
1 1461 1526
1 2746 2772
1 2914 2926
1 1689 1766
1 3759 3760
1 781 870
1 869 901
1 956 1017
1 2303 2354
1 1037 1146
1 1627 1656
1 592 691
1 132 271
1 2450 2480
1 303 404
1 3220 3221
1 3667 3669
1 873 975
1 3888 3891
1 13 123
1 2697 2758
1 1339 1421
1 3122 3146
1 401 414
1 3734 3738
1 730 837
1 273 356
1 485 611
1 1004 1113
1 3542 3547
1 1947 1981
1 1816 1872
1 745 747
1 3502 3517
1 714 792
1 3272 3288
1 1605 1686
1 38 50
1 20 82
1 3127 3133
1 1557 1558
1 2420 2424
1 2608 2665
1 3188 3211
1 2871 2900
1 2997 3004
1 2919 2962
1 1417 1450
1 1751 1860
1 505 554
1 2472 2478
1 2888 2896
1 629 728
1 317 459
1 227 333
1 796 828
1 996 1015
1 2963 2993
1 194 318
1 2551 2582
1 1201 1225
1 1596 1692
1 2741 2751
1 2678 2698
1 2183 2236
1 267 363
1 2282 2283
1 660 825
1 3332 3356
1 2796 2830
1 3613 3616
1 1928 1966
1 1399 1440
1 2725 2742
1 38 156
1 1321 1365
1 286 332
1 2428 2467
1 3262 3288
1 3376 3400
1 3963 3963
1 919 1059
1 419 426
1 2268 2310
1 3599 3601
1 3928 3930
1 650 777
1 3044 3080
1 1673 1757
1 167 202
1 3984 3984
1 3219 3229
1 2138 2219
1 2491 2555
1 2750 2775
1 749 886
1 2831 2863
1 943 983
1 3567 3567
1 75 232
1 954 991
1 2978 2978
1 2783 2785
1 2430 2495
1 1698 1751
1 240 259
1 285 412
1 170 229
1 3349 3350
1 3270 3280
1 1617 1725
1 1691 1721
1 3215 3217
1 2116 2183
1 1786 1854
1 3843 3843
1 162 181
1 2427 2446
1 30 160
1 3315 3332
1 3670 3670
1 2181 2213
1 893 926
1 259 262
1 2099 2181
1 1901 1979
1 2939 2946
1 3497 3499
1 257 325
1 2896 2930
1 1150 1289
1 599 690
1 2604 2614
1 467 532
1 3716 3717
1 1028 1141
1 2270 2283
1 3352 3363
1 2812 2851
1 2636 2658
1 1047 1070
1 3658 3662
1 2623 2648
1 3171 3188
1 998 1063
1 1320 1348
1 3922 3923
1 3212 3235
1 782 864
1 2429 2479
1 2334 2364
1 67 107
1 1920 1961
1 3995 3995
1 1735 1751
1 2361 2409
1 3785 3793
1 556 702
1 1410 1504
1 139 245
1 3422 3433
1 1843 1933
1 1378 1384
1 48 87
1 2505 2572
1 389 456
1 899 1042
1 2041 2092
1 2131 2156
1 3950 3950
1 3814 3815
1 2515 2576
1 3122 3138
1 848 962
1 734 777
1 3848 3848
1 1162 1225
1 2037 2107
1 1200 1335
1 3429 3438
1 2032 2114
1 292 337
1 1753 1758
1 180 213
1 1864 1875
1 477 571
1 373 434
1 3754 3763
1 386 386
1 1579 1680
1 2504 2512
1 430 576
1 3486 3486
1 1172 1276
1 2293 2342
1 3691 3701
1 2642 2666
1 2501 2505
1 1029 1114
1 3530 3548
1 1818 1913
1 1868 1966
1 3268 3302
1 844 911
1 2158 2162
1 2226 2290
1 3366 3373
1 3602 3617
1 2389 2439
1 1121 1202
1 267 390
1 284 296
1 1060 1200
1 1361 1417
1 3561 3574
1 2608 2636
1 2035 2036
1 3732 3735
1 3915 3918
1 3073 3096
1 899 963
1 3950 3950
1 101 294
1 3756 3765
1 1307 1335
1 1160 1223
1 91 195
1 2744 2759
1 186 282
1 3564 3578
1 3114 3120
1 1545 1602
1 3392 3403
1 3537 3554
1 2696 2721
1 1344 1409
1 2605 2653
1 2402 2449
1 1426 1449
1 2641 2678
1 1911 1997
1 2259 2341
1 551 680
1 1578 1599
1 3168 3174
1 200 210
1 1834 1929
1 864 882
1 1927 1962
1 3834 3835
1 2609 2669
1 1897 1898
1 1683 1742
1 2524 2580
1 3720 3723
1 1409 1513
1 1141 1149
1 3411 3427
1 3085 3101
1 230 240
1 2003 2060
1 3844 3850
1 2295 2358
1 2857 2865
1 3796 3798
1 2844 2900
1 2679 2690
1 3802 3808
1 1991 2061
1 2807 2865
1 2733 2745
1 669 717
1 3847 3852
1 1598 1635
1 2122 2189
1 3016 3016
1 2420 2431
1 3809 3814
1 310 343
1 3329 3335
1 983 1050
1 1629 1722
1 2721 2755
1 580 658
1 3818 3821
1 1438 1563
1 3128 3144
1 719 720
1 906 1025
1 511 625
1 3715 3715
1 1718 1783
1 912 1043
1 1694 1774
1 3419 3436
1 3706 3706
1 757 892
1 3062 3082
1 2837 2871
1 1887 1891
1 3684 3696
1 374 489
1 1869 1881
1 1649 1717
1 958 1086
1 2385 2460
1 3439 3449
1 3120 3140
1 558 646
1 3226 3262
1 210 284
1 1313 1337
1 2896 2944
1 2997 3004
1 753 871
1 3409 3412
1 3686 3693
1 2679 2703
1 2989 3014
1 3149 3169
1 2747 2785
1 3752 3756
1 1369 1456
1 1264 1390
1 440 595
1 3976 3976
1 3251 3271
1 476 554
1 1592 1637
1 1948 2034
1 2527 2557
1 3809 3814
1 277 457
1 444 490
1 3753 3759
1 3210 3224
1 836 852
1 96 260
1 1836 1905
1 3739 3744
1 2645 2658
1 3348 3355
1 3767 3768
1 3035 3057
1 2822 2846
1 3711 3718
1 1478 1566
1 3821 3825
1 3057 3068
1 605 637
1 835 891
1 2147 2214
1 1021 1157
1 2767 2775
1 2827 2878
1 2176 2205
1 1635 1665
1 3713 3726
1 3417 3442
1 1059 1124
1 346 521
1 1289 1394
1 1093 1133
1 3864 3868
1 337 354
1 3808 3815
1 2108 2197
1 1143 1155
1 1359 1435
1 3684 3695
1 1129 1249
1 2108 2195
1 3212 3227
1 1289 1349
1 79 260
1 3061 3061
1 2404 2451
1 1803 1849
1 63 222
1 1983 2019
1 3529 3543
1 2177 2208
1 3288 3317
1 33 109
1 2212 2274
1 1462 1518
1 3738 3744
1 1257 1330
1 3397 3424
1 473 588
1 216 260
1 382 411
1 1597 1701
1 1129 1184
1 3309 3335
1 565 725
1 3517 3527
1 1481 1484
1 3555 3574
1 3445 3456
1 3463 3467
1 1577 1591
1 1672 1767
1 431 486
1 1377 1407
1 2892 2909
1 1168 1254
1 2755 2801
1 937 1032
1 2060 2102
1 1018 1162
1 3274 3276
1 608 687
1 2821 2873
1 1098 1185
1 129 176
1 721 725
1 764 912
1 3453 3456
1 2093 2163
1 3761 3764
1 2570 2599
1 2276 2335
1 2139 2199
1 2087 2120
1 2744 2756
1 2081 2168
1 1201 1309
1 1714 1807
1 1934 2013
1 907 920
1 1767 1863
1 28 172
1 2233 2250
1 1732 1834
1 718 782
1 59 71
1 1173 1200
1 3933 3935
1 2882 2889
1 3286 3318
1 3949 3950
1 159 175
1 3125 3163
1 3568 3568
1 3577 3585
1 3085 3103
1 3685 3699
1 462 610
1 3740 3751
1 3906 3909
1 1745 1841
1 998 1053
1 1656 1665
1 438 473
1 764 834
1 3585 3591
1 78 154
1 3142 3157
1 3708 3714
1 3503 3516
1 3656 3657
1 456 508
1 1632 1702
1 3976 3976
1 2699 2752
1 3386 3409
1 3898 3898
1 2618 2673
1 2065 2110
1 3418 3426
1 65 135
1 2248 2251
1 3281 3285
1 625 695
1 3881 3884
1 1169 1217
1 3293 3311
1 2073 2144
1 3660 3671
1 1542 1616
1 2758 2810
1 1686 1797
1 1336 1377
1 2841 2862
1 2504 2535
1 2054 2093
1 426 578
1 3519 3539
1 3738 3739
1 968 972
1 1013 1030
1 2421 2499
1 2017 2048
1 142 175
1 3639 3645
1 1678 1709
1 2136 2163
1 2456 2520
1 3413 3420
1 1476 1520
1 2672 2710
1 1182 1213
1 2727 2732
1 1776 1857
1 2303 2343
1 1016 1073
1 2264 2340
1 2301 2311
1 1987 2001
1 1207 1262
1 2885 2939
1 1001 1114
1 257 303
1 3635 3649
1 191 276
1 3517 3522
1 2553 2623
1 2393 2458
1 3163 3192
1 1454 1491
1 1720 1724
1 172 219
1 2096 2137
1 2471 2529
1 1545 1645
1 1160 1203
1 862 880
1 194 200
1 3104 3133
1 2234 2235
1 1944 1991
1 2614 2671
1 820 858
1 2320 2352
1 2995 3006
1 1629 1730
1 1249 1341
1 1425 1506
1 3942 3942
1 964 997
1 3066 3105
1 828 937
1 1565 1601
1 2478 2527
1 1930 1980
1 1378 1489
1 2929 2936
1 439 472
1 281 466
1 3863 3865
1 1318 1437
1 1502 1525
1 1187 1294
1 1731 1746
1 1815 1836
1 3409 3409
1 24 177
1 1901 1935
1 205 270
1 3188 3224
1 3070 3089
1 3233 3263
1 381 442
1 3861 3862
1 416 579
1 2717 2735
1 2992 3032
1 3799 3802
1 1312 1389
1 1761 1870
1 2025 2095
1 1575 1652
1 2398 2458
1 777 879
1 927 991
1 3876 3880
1 171 334
1 2184 2186
1 3841 3844
1 126 255
1 1379 1399
1 3003 3022
1 3607 3612
1 1462 1579
1 215 326
1 2436 2498
1 1267 1269
1 185 332
1 2434 2486
1 2499 2536
1 2606 2613
1 65 104
1 2456 2507
1 2350 2366
1 521 597
1 841 929
1 3753 3757
1 3993 3993
