17
58 3125 3151 3020 3050 1092 1119 1889 1915 319 357 972 1107 2404 2462 162 189 1280 1339 1569 1606 3671 3676 996 1048 3701 3714 2612 2660 3048 3065 3969 3969 1691 1713 1689 1786 2189 2190 251 290 2578 2629 534 546 2875 2883 2586 2622 1482 1532 2404 2468 3186 3191 2808 2836 88 269 1701 1721 255 305 1053 1073 2026 2100 265 360 2749 2779 707 742 1289 1419 1811 1834 3522 3535 1880 1926 1366 1443 2739 2778 82 262 1098 1231 396 554 2113 2162 2218 2221 3489 3496 2527 2541 3697 3700 2162 2170 2676 2683 685 769 1242 1297 2931 2952 3233 3267 2730 2732 3519 3533
76 1446 1505 1143 1204 393 456 3069 3113 843 860 3174 3175 2104 2106 2425 2425 1155 1285 1762 1803 3256 3257 1088 1115 2237 2273 3020 3043 75 179 804 842 134 206 480 641 227 266 139 274 613 705 3746 3755 3689 3695 696 820 2116 2130 1199 1224 2475 2499 1776 1855 1405 1444 3706 3716 685 793 702 827 3076 3098 3110 3141 3141 3161 1832 1832 536 566 2444 2461 892 1008 302 410 1346 1421 3279 3279 3190 3190 402 490 1938 1958 2048 2119 447 539 2361 2370 267 298 2395 2416 3060 3066 699 828 2323 2373 3621 3638 1286 1310 1437 1513 3449 3453 706 739 75 164 49 221 1423 1451 880 1034 3125 3135 318 451 3573 3589 1116 1202 3869 3871 3279 3286 2878 2892 1736 1820 155 342 3482 3501 81 193 1145 1232 163 255 162 168
64 1302 1429 580 702 546 690 3371 3397 614 695 1184 1226 1266 1348 3500 3506 752 834 914 977 1193 1202 1063 1118 2361 2427 3189 3225 2223 2299 107 202 366 518 2666 2666 471 583 1623 1625 2309 2324 342 516 1154 1295 2252 2285 1546 1622 2016 2052 2786 2808 3194 3199 3632 3645 3682 3687 1513 1547 1693 1703 3714 3724 2298 2361 818 845 976 1111 3957 3957 113 283 946 1047 3208 3229 1989 2047 2483 2547 1752 1861 3246 3272 3242 3245 3962 3962 2602 2666 2440 2458 318 358 708 855 1232 1307 1287 1402 2304 2339 2525 2592 3115 3135 3796 3796 2583 2610 3352 3371 206 278 2956 2976 3282 3309 1607 1628 2891 2942 1758 1809
92 3073 3074 3957 3958 3629 3635 2980 3016 275 401 319 381 3601 3620 2296 2302 1187 1284 2945 2974 540 668 1937 1964 1900 1939 2413 2471 2665 2706 1699 1735 3591 3603 3849 3849 1195 1232 108 261 665 685 5 154 319 366 2400 2449 1833 1888 1078 1201 1836 1919 3774 3784 932 967 3834 3838 3348 3374 3636 3653 2833 2885 2388 2403 3460 3464 3412 3440 2562 2572 512 632 1736 1745 1242 1297 2331 2394 452 491 2633 2669 1683 1764 3282 3298 1005 1082 1641 1698 1867 1965 2622 2672 10 183 3231 3238 3125 3128 1520 1548 3825 3826 1528 1568 461 513 2793 2840 2357 2414 16 19 1792 1803 2428 2443 3449 3457 1578 1621 1472 1474 3696 3708 797 938 3099 3111 428 441 209 325 2357 2389 3023 3065 1626 1707 797 879 991 1058 3156 3159 395 473 981 1052 2555 2601 2983 3012 1975 2021 3542 3544 1 157 2479 2516 3405 3406 1870 1927 1224 1356 1195 1243 3487 3511 632 787 648 784 2415 2431 359 409
52 650 702 1144 1260 3014 3062 237 294 2521 2546 3096 3107 816 927 1464 1489 967 1028 1326 1408 344 441 1403 1437 3180 3198 3312 3312 234 290 3480 3483 1921 1939 2084 2137 3406 3433 701 735 236 287 1425 1552 1410 1476 485 513 3699 3702 2898 2928 487 652 33 86 162 217 868 965 322 439 1351 1420 2923 2936 2226 2243 3500 3501 1262 1301 3700 3704 3626 3626 3595 3598 3483 3486 2795 2815 1873 1933 2122 2185 3810 3816 2248 2311 3848 3849 3000 3007 3803 3806 340 465 2930 2962 2448 2519 2044 2093
100 3205 3232 3014 3034 2350 2365 2197 2281 2285 2356 2088 2140 2428 2492 2446 2507 894 944 26 70 2434 2458 1205 1267 3005 3017 1105 1109 30 66 438 576 462 580 2045 2077 3262 3292 3600 3609 629 704 288 339 3476 3497 1852 1870 3254 3285 3217 3222 1256 1268 3039 3044 2067 2114 2639 2685 1838 1945 3956 3957 1095 1168 3607 3624 3865 3868 3064 3086 382 389 2247 2256 1281 1361 1290 1360 3389 3402 2010 2037 3448 3468 2708 2720 3805 3808 947 988 3661 3661 3320 3334 146 176 314 410 1599 1700 3541 3562 1695 1720 2447 2455 738 739 910 985 3269 3288 3981 3981 262 405 1092 1180 2196 2252 3591 3593 141 264 3122 3159 137 175 142 294 2200 2222 3781 3790 3131 3137 2620 2637 3538 3542 3450 3470 1454 1512 3911 3911 3703 3716 635 772 3656 3658 1512 1519 3704 3707 1286 1298 3663 3666 1521 1525 2402 2477 2177 2247 1116 1212 1045 1150 1051 1138 2226 2242 3816 3818 994 1061 1030 1143 1031 1158 2765 2783 1283 1295 796 828 1441 1566 450 536 2934 2982 1761 1868 1151 1231
51 865 951 2985 3028 1749 1785 3032 3072 916 1054 3447 3459 3897 3900 3919 3922 1679 1729 3919 3920 1466 1471 2131 2199 1172 1192 2215 2227 1881 1906 497 507 2290 2299 963 999 2644 2644 1517 1521 3967 3967 36 76 1293 1375 2060 2076 2481 2528 171 218 3616 3622 524 620 1924 1981 1568 1581 3291 3306 3225 3236 3266 3276 2252 2299 302 369 2335 2382 884 937 2757 2800 2048 2127 437 511 1843 1930 3732 3738 2410 2468 1963 2020 2783 2794 571 591 3094 3108 3551 3559 3994 3994 154 223 2640 2640
54 1220 1337 3630 3637 2682 2696 1464 1520 2035 2054 1129 1175 1768 1786 2851 2902 3005 3037 2733 2765 2148 2199 664 737 2993 2993 3900 3904 2813 2851 1151 1181 1039 1078 2216 2242 3430 3453 2823 2880 2180 2224 3246 3272 3387 3415 40 199 37 234 1633 1689 3964 3964 2012 2035 1898 1978 1089 1124 1075 1132 164 284 896 896 1954 2044 1888 1902 3824 3829 3801 3806 674 830 1297 1430 1761 1829 1888 1909 3826 3833 3149 3176 3940 3941 274 293 1877 1951 2987 3016 2821 2848 2505 2507 735 867 3246 3247 215 327 1067 1188 99 171
53 2146 2218 1112 1254 98 218 7 76 3601 3610 335 401 3581 3595 884 987 1952 1973 3140 3159 2669 2716 2797 2849 2679 2701 3257 3263 1662 1736 923 1026 1156 1225 2822 2860 363 519 3302 3313 2020 2041 2968 2990 3330 3330 88 210 2171 2236 530 651 3151 3153 3900 3904 2651 2707 3158 3189 1469 1565 821 858 1235 1258 2077 2102 1176 1244 3223 3232 1639 1729 2919 2945 3212 3248 3381 3382 3655 3656 2701 2703 1495 1557 2714 2721 2704 2753 3127 3139 905 1041 2285 2291 3175 3212 3939 3941 3878 3881 3191 3213 3756 3762
50 2830 2860 2622 2663 1749 1831 3743 3747 2027 2118 1201 1239 1139 1196 2106 2163 1296 1299 2140 2144 1218 1304 290 394 1463 1582 1194 1196 1272 1392 1206 1226 598 674 765 836 1938 1944 2988 2992 1111 1187 1761 1825 1385 1400 2924 2926 1864 1917 2791 2840 2236 2249 1552 1659 306 421 2207 2260 2281 2303 3358 3388 1147 1278 1399 1501 3856 3858 721 837 107 150 2421 2493 678 712 1263 1317 492 592 2497 2546 654 808 1516 1633 3367 3375 2388 2420 874 904 513 562 3159 3183 2748 2791
50 3764 3774 2260 2273 2914 2914 1518 1551 1973 1985 360 388 2324 2397 3926 3927 3085 3090 2921 2921 3367 3387 3641 3641 3635 3643 3892 3892 2789 2812 3834 3834 2057 2087 3083 3092 2817 2836 1830 1884 718 798 2362 2432 3172 3188 709 728 845 908 3482 3488 2333 2391 308 459 559 649 1095 1152 1186 1244 1684 1794 3760 3763 1592 1658 700 831 1967 2063 3932 3932 917 938 848 896 2811 2847 3902 3905 3487 3496 2296 2364 2875 2894 3291 3313 2332 2339 921 1024 1115 1166 1996 2084 3470 3474
50 1277 1314 1853 1880 148 327 111 167 490 549 2823 2848 832 858 1948 1985 1032 1053 1590 1614 3132 3161 797 908 1177 1215 3123 3162 3282 3289 3882 3886 76 200 3173 3196 1877 1965 2541 2553 3524 3524 372 418 3404 3413 3786 3793 1188 1253 335 517 1742 1748 2943 2946 566 674 89 133 3979 3979 420 550 356 464 1025 1165 3626 3640 648 682 4 80 1437 1508 1072 1135 3942 3942 3636 3637 373 520 1865 1875 3465 3469 294 426 3636 3651 1370 1476 3751 3752 1950 1966 2934 2974
50 1212 1325 1585 1639 3451 3467 3 46 298 361 3934 3935 2392 2468 3231 3232 1180 1208 1202 1305 2444 2450 3932 3933 2884 2918 3193 3228 2355 2434 1234 1371 2851 2856 1412 1443 3533 3534 2927 2956 1043 1081 3664 3669 2812 2868 3957 3958 2682 2739 371 453 1970 2051 2603 2638 656 808 2854 2878 1683 1791 2356 2377 2458 2510 3616 3622 744 892 3231 3242 3008 3022 2469 2501 1932 1993 2578 2611 2697 2760 3646 3657 2442 2498 1971 2053 2514 2516 2424 2440 23 169 2165 2205 2258 2302 3103 3113
50 1029 1062 674 799 204 376 2176 2213 689 720 201 227 224 325 2389 2428 1736 1737 838 898 2284 2323 616 699 2396 2468 3550 3571 317 339 3620 3624 749 909 966 1010 489 600 3841 3847 2747 2797 1533 1591 3968 3968 1363 1432 649 688 2589 2600 262 274 1757 1836 1631 1731 727 839 3201 3221 2079 2119 1302 1307 3988 3988 308 482 44 175 3395 3399 3674 3683 2181 2247 652 815 2103 2119 1551 1575 3967 3967 1569 1594 83 135 2740 2783 422 538 3703 3716 813 894 2066 2140
50 1197 1275 2748 2791 2714 2750 1371 1412 1455 1552 1283 1414 1705 1706 2496 2514 3310 3316 1375 1454 2854 2855 3562 3565 849 936 2213 2264 3422 3433 158 237 521 588 132 171 2197 2243 3905 3905 3905 3908 1138 1221 3890 3892 3568 3569 1746 1821 2130 2221 3733 3742 3877 3877 2821 2826 829 960 997 1111 519 550 3234 3265 2030 2122 1191 1309 2172 2201 3344 3363 3500 3508 46 185 1383 1418 1973 2005 669 788 3211 3222 1358 1444 2412 2419 3973 3973 2197 2256 517 571 1245 1333 3665 3667
50 503 512 2261 2263 1472 1564 3919 3921 3419 3436 3391 3418 2676 2737 3194 3195 1527 1597 1191 1241 3782 3784 1711 1716 1618 1736 3120 3136 2490 2537 2836 2866 3218 3252 1696 1751 1293 1383 1676 1757 1518 1605 489 628 956 974 2343 2403 2455 2513 3936 3937 3954 3955 1934 1959 2976 3008 2048 2049 948 1096 3089 3107 3821 3828 2793 2807 2834 2848 1540 1645 2302 2330 2708 2715 1215 1220 2264 2292 131 250 778 867 1915 1991 2249 2321 1987 2036 3621 3632 160 208 648 797 957 1014 2379 2385
50 3923 3925 701 853 3705 3716 3042 3060 1029 1037 1738 1842 1898 1934 3636 3643 592 652 59 143 3737 3739 3198 3209 3237 3247 3783 3790 196 265 3382 3389 1998 2018 3927 3928 2981 3005 1774 1860 1319 1360 1403 1461 3076 3100 1031 1058 2935 2937 372 396 2469 2484 652 799 3235 3235 478 497 174 273 3333 3347 2656 2715 1847 1847 2126 2191 2344 2357 593 652 594 722 3072 3103 1706 1792 555 696 445 558 573 682 175 338 3034 3046 2435 2511 2847 2853 2269 2289 1714 1750 164 320
