3
150 150
000000011100100011100000000000010001100000001110001000010100000000010000001101001000110010100101000000001010100000010001000000000000101010010100000000
001100011110100111100001000010011011111100101110001000010110010010111110011101001100111010110101001100101011100000010011001100000101101110010100001111
110000111100110011111100000101010101100011011111001011011100101101010001101111011011110011101111010001001110111111011101110001111010111011110100010000
001100011110100111100001000010011011111100101110001000010110010010111110011101001100111010110101001100101011100000010011001100000101101110010100001111
110000111100110011111100000101010101100011011111001011011100101101010001101111011011110011101111010001001110111111011101110001111010111011110100010000
001100011110100111100001000010011011111100101110001000010110010010111110011101001100111010110101001100101011100000010011001100000101101110010100001111
001100011110100111100001000010011011111100101110001000010110010010111110011101001100111010110101001100101011100000010011001100000101101110010100001111
110000100000010000011000000101000100000000010001000010000000001000000001100000000000000000000010000001000100011111001100110001110000000001000000000000
110000111100110011111100000101010101100011011111001011011100101101010001101111011011110011101111010001001110111111011101110001111010111011110100010000
001100011110100111100001000010011011111100101110001000010110010010111110011101001100111010110101001100101011100000010011001100000101101110010100001111
001100011110100111100001000010011011111100101110001000010110010010111110011101001100111010110101001100101011100000010011001100000101101110010100001111
001100011110100111100001000010011011111100101110001000010110010010111110011101001100111010110101001100101011100000010011001100000101101110010100001111
111111100011011000011010111111101110011100110001110110100011011010001101110000100100001100000010100111010101011111101110111111110101000101001011101100
111111100011011000011010111111101110011100110001110110100011011010001101110000100100001100000010100111010101011111101110111111110101000101001011101100
001100000010000000000000000010001010011100100000000000000010010010001100010000000100001000000000000100000001000000000010001100000101000100000000001100
000000011100100011100000000000010001100000001110001000010100000000010000001101001000110010100101000000001010100000010001000000000000101010010100000000
001100000010000000000000000010001010011100100000000000000010010010001100010000000100001000000000000100000001000000000010001100000101000100000000001100
000000011100100011100000000000010001100000001110001000010100000000010000001101001000110010100101000000001010100000010001000000000000101010010100000000
001100011110100111100001000010011011111100101110001000010110010010111110011101001100111010110101001100101011100000010011001100000101101110010100001111
110000100000010000011000000101000100000000010001000010000000001000000001100000000000000000000010000001000100011111001100110001110000000001000000000000
000000011100100011100000000000010001100000001110001000010100000000010000001101001000110010100101000000001010100000010001000000000000101010010100000000
001100000010000000000000000010001010011100100000000000000010010010001100010000000100001000000000000100000001000000000010001100000101000100000000001100
110000111100110011111100000101010101100011011111001011011100101101010001101111011011110011101111010001001110111111011101110001111010111011110100010000
001100011110100111100001000010011011111100101110001000010110010010111110011101001100111010110101001100101011100000010011001100000101101110010100001111
001100000010000000000000000010001010011100100000000000000010010010001100010000000100001000000000000100000001000000000010001100000101000100000000001100
000000011100100011100000000000010001100000001110001000010100000000010000001101001000110010100101000000001010100000010001000000000000101010010100000000
001100011110100111100001000010011011111100101110001000010110010010111110011101001100111010110101001100101011100000010011001100000101101110010100001111
111111100011011000011010111111101110011100110001110110100011011010001101110000100100001100000010100111010101011111101110111111110101000101001011101100
110000111100110011111100000101010101100011011111001011011100101101010001101111011011110011101111010001001110111111011101110001111010111011110100010000
001100011110100111100001000010011011111100101110001000010110010010111110011101001100111010110101001100101011100000010011001100000101101110010100001111
001100011110100111100001000010011011111100101110001000010110010010111110011101001100111010110101001100101011100000010011001100000101101110010100001111
110000111100110011111100000101010101100011011111001011011100101101010001101111011011110011101111010001001110111111011101110001111010111011110100010000
001100011110100111100001000010011011111100101110001000010110010010111110011101001100111010110101001100101011100000010011001100000101101110010100001111
110000111100110011111100000101010101100011011111001011011100101101010001101111011011110011101111010001001110111111011101110001111010111011110100010000
110000111100110011111100000101010101100011011111001011011100101101010001101111011011110011101111010001001110111111011101110001111010111011110100010000
001100000010000000000000000010001010011100100000000000000010010010001100010000000100001000000000000100000001000000000010001100000101000100000000001100
111111100011011000011010111111101110011100110001110110100011011010001101110000100100001100000010100111010101011111101110111111110101000101001011101100
001100011110100111100001000010011011111100101110001000010110010010111110011101001100111010110101001100101011100000010011001100000101101110010100001111
110000100000010000011000000101000100000000010001000010000000001000000001100000000000000000000010000001000100011111001100110001110000000001000000000000
111111100011011000011010111111101110011100110001110110100011011010001101110000100100001100000010100111010101011111101110111111110101000101001011101100
110000111100110011111100000101010101100011011111001011011100101101010001101111011011110011101111010001001110111111011101110001111010111011110100010000
001100011110100111100001000010011011111100101110001000010110010010111110011101001100111010110101001100101011100000010011001100000101101110010100001111
110000100000010000011000000101000100000000010001000010000000001000000001100000000000000000000010000001000100011111001100110001110000000001000000000000
001100011110100111100001000010011011111100101110001000010110010010111110011101001100111010110101001100101011100000010011001100000101101110010100001111
111111100011011000011010111111101110011100110001110110100011011010001101110000100100001100000010100111010101011111101110111111110101000101001011101100
001100011110100111100001000010011011111100101110001000010110010010111110011101001100111010110101001100101011100000010011001100000101101110010100001111
110000111100110011111100000101010101100011011111001011011100101101010001101111011011110011101111010001001110111111011101110001111010111011110100010000
111111100011011000011010111111101110011100110001110110100011011010001101110000100100001100000010100111010101011111101110111111110101000101001011101100
000000011100100011100000000000010001100000001110001000010100000000010000001101001000110010100101000000001010100000010001000000000000101010010100000000
111111100011011000011010111111101110011100110001110110100011011010001101110000100100001100000010100111010101011111101110111111110101000101001011101100
001100000010000000000000000010001010011100100000000000000010010010001100010000000100001000000000000100000001000000000010001100000101000100000000001100
110000100000010000011000000101000100000000010001000010000000001000000001100000000000000000000010000001000100011111001100110001110000000001000000000000
110000100000010000011000000101000100000000010001000010000000001000000001100000000000000000000010000001000100011111001100110001110000000001000000000000
110000111100110011111100000101010101100011011111001011011100101101010001101111011011110011101111010001001110111111011101110001111010111011110100010000
111111100011011000011010111111101110011100110001110110100011011010001101110000100100001100000010100111010101011111101110111111110101000101001011101100
000000011100100011100000000000010001100000001110001000010100000000010000001101001000110010100101000000001010100000010001000000000000101010010100000000
110000111100110011111100000101010101100011011111001011011100101101010001101111011011110011101111010001001110111111011101110001111010111011110100010000
000000011100100011100000000000010001100000001110001000010100000000010000001101001000110010100101000000001010100000010001000000000000101010010100000000
001100000010000000000000000010001010011100100000000000000010010010001100010000000100001000000000000100000001000000000010001100000101000100000000001100
110000100000010000011000000101000100000000010001000010000000001000000001100000000000000000000010000001000100011111001100110001110000000001000000000000
111111100011011000011010111111101110011100110001110110100011011010001101110000100100001100000010100111010101011111101110111111110101000101001011101100
001100011110100111100001000010011011111100101110001000010110010010111110011101001100111010110101001100101011100000010011001100000101101110010100001111
110000111100110011111100000101010101100011011111001011011100101101010001101111011011110011101111010001001110111111011101110001111010111011110100010000
110000100000010000011000000101000100000000010001000010000000001000000001100000000000000000000010000001000100011111001100110001110000000001000000000000
111111100011011000011010111111101110011100110001110110100011011010001101110000100100001100000010100111010101011111101110111111110101000101001011101100
001100000010000000000000000010001010011100100000000000000010010010001100010000000100001000000000000100000001000000000010001100000101000100000000001100
110000111100110011111100000101010101100011011111001011011100101101010001101111011011110011101111010001001110111111011101110001111010111011110100010000
110000100000010000011000000101000100000000010001000010000000001000000001100000000000000000000010000001000100011111001100110001110000000001000000000000
001100000010000000000000000010001010011100100000000000000010010010001100010000000100001000000000000100000001000000000010001100000101000100000000001100
001100011110100111100001000010011011111100101110001000010110010010111110011101001100111010110101001100101011100000010011001100000101101110010100001111
111111100011011000011010111111101110011100110001110110100011011010001101110000100100001100000010100111010101011111101110111111110101000101001011101100
000000011100100011100000000000010001100000001110001000010100000000010000001101001000110010100101000000001010100000010001000000000000101010010100000000
001100011110100111100001000010011011111100101110001000010110010010111110011101001100111010110101001100101011100000010011001100000101101110010100001111
110000111100110011111100000101010101100011011111001011011100101101010001101111011011110011101111010001001110111111011101110001111010111011110100010000
000000011100100011100000000000010001100000001110001000010100000000010000001101001000110010100101000000001010100000010001000000000000101010010100000000
001100000010000000000000000010001010011100100000000000000010010010001100010000000100001000000000000100000001000000000010001100000101000100000000001100
110000100000010000011000000101000100000000010001000010000000001000000001100000000000000000000010000001000100011111001100110001110000000001000000000000
110000100000010000011000000101000100000000010001000010000000001000000001100000000000000000000010000001000100011111001100110001110000000001000000000000
000000011100100011100000000000010001100000001110001000010100000000010000001101001000110010100101000000001010100000010001000000000000101010010100000000
000000011100100011100000000000010001100000001110001000010100000000010000001101001000110010100101000000001010100000010001000000000000101010010100000000
000000011100100011100000000000010001100000001110001000010100000000010000001101001000110010100101000000001010100000010001000000000000101010010100000000
111111100011011000011010111111101110011100110001110110100011011010001101110000100100001100000010100111010101011111101110111111110101000101001011101100
111111100011011000011010111111101110011100110001110110100011011010001101110000100100001100000010100111010101011111101110111111110101000101001011101100
001100000010000000000000000010001010011100100000000000000010010010001100010000000100001000000000000100000001000000000010001100000101000100000000001100
001100011110100111100001000010011011111100101110001000010110010010111110011101001100111010110101001100101011100000010011001100000101101110010100001111
001100011110100111100001000010011011111100101110001000010110010010111110011101001100111010110101001100101011100000010011001100000101101110010100001111
111111100011011000011010111111101110011100110001110110100011011010001101110000100100001100000010100111010101011111101110111111110101000101001011101100
001100011110100111100001000010011011111100101110001000010110010010111110011101001100111010110101001100101011100000010011001100000101101110010100001111
001100000010000000000000000010001010011100100000000000000010010010001100010000000100001000000000000100000001000000000010001100000101000100000000001100
001100011110100111100001000010011011111100101110001000010110010010111110011101001100111010110101001100101011100000010011001100000101101110010100001111
110000111100110011111100000101010101100011011111001011011100101101010001101111011011110011101111010001001110111111011101110001111010111011110100010000
111111100011011000011010111111101110011100110001110110100011011010001101110000100100001100000010100111010101011111101110111111110101000101001011101100
110000111100110011111100000101010101100011011111001011011100101101010001101111011011110011101111010001001110111111011101110001111010111011110100010000
110000111100110011111100000101010101100011011111001011011100101101010001101111011011110011101111010001001110111111011101110001111010111011110100010000
110000111100110011111100000101010101100011011111001011011100101101010001101111011011110011101111010001001110111111011101110001111010111011110100010000
110000111100110011111100000101010101100011011111001011011100101101010001101111011011110011101111010001001110111111011101110001111010111011110100010000
001100000010000000000000000010001010011100100000000000000010010010001100010000000100001000000000000100000001000000000010001100000101000100000000001100
001100000010000000000000000010001010011100100000000000000010010010001100010000000100001000000000000100000001000000000010001100000101000100000000001100
110000111100110011111100000101010101100011011111001011011100101101010001101111011011110011101111010001001110111111011101110001111010111011110100010000
111111100011011000011010111111101110011100110001110110100011011010001101110000100100001100000010100111010101011111101110111111110101000101001011101100
111111100011011000011010111111101110011100110001110110100011011010001101110000100100001100000010100111010101011111101110111111110101000101001011101100
110000100000010000011000000101000100000000010001000010000000001000000001100000000000000000000010000001000100011111001100110001110000000001000000000000
001100000010000000000000000010001010011100100000000000000010010010001100010000000100001000000000000100000001000000000010001100000101000100000000001100
000000011100100011100000000000010001100000001110001000010100000000010000001101001000110010100101000000001010100000010001000000000000101010010100000000
110000111100110011111100000101010101100011011111001011011100101101010001101111011011110011101111010001001110111111011101110001111010111011110100010000
001100000010000000000000000010001010011100100000000000000010010010001100010000000100001000000000000100000001000000000010001100000101000100000000001100
110000111100110011111100000101010101100011011111001011011100101101010001101111011011110011101111010001001110111111011101110001111010111011110100010000
110000111100110011111100000101010101100011011111001011011100101101010001101111011011110011101111010001001110111111011101110001111010111011110100010000
001100000010000000000000000010001010011100100000000000000010010010001100010000000100001000000000000100000001000000000010001100000101000100000000001100
110000111100110011111100000101010101100011011111001011011100101101010001101111011011110011101111010001001110111111011101110001111010111011110100010000
000000011100100011100000000000010001100000001110001000010100000000010000001101001000110010100101000000001010100000010001000000000000101010010100000000
001100000010000000000000000010001010011100100000000000000010010010001100010000000100001000000000000100000001000000000010001100000101000100000000001100
001100011110100111100001000010011011111100101110001000010110010010111110011101001100111010110101001100101011100000010011001100000101101110010100001111
001100000010000000000000000010001010011100100000000000000010010010001100010000000100001000000000000100000001000000000010001100000101000100000000001100
110000100000010000011000000101000100000000010001000010000000001000000001100000000000000000000010000001000100011111001100110001110000000001000000000000
000000011100100011100000000000010001100000001110001000010100000000010000001101001000110010100101000000001010100000010001000000000000101010010100000000
111111100011011000011010111111101110011100110001110110100011011010001101110000100100001100000010100111010101011111101110111111110101000101001011101100
111111100011011000011010111111101110011100110001110110100011011010001101110000100100001100000010100111010101011111101110111111110101000101001011101100
001100011110100111100001000010011011111100101110001000010110010010111110011101001100111010110101001100101011100000010011001100000101101110010100001111
001100011110100111100001000010011011111100101110001000010110010010111110011101001100111010110101001100101011100000010011001100000101101110010100001111
001100011110100111100001000010011011111100101110001000010110010010111110011101001100111010110101001100101011100000010011001100000101101110010100001111
111111100011011000011010111111101110011100110001110110100011011010001101110000100100001100000010100111010101011111101110111111110101000101001011101100
111111100011011000011010111111101110011100110001110110100011011010001101110000100100001100000010100111010101011111101110111111110101000101001011101100
001100011110100111100001000010011011111100101110001000010110010010111110011101001100111010110101001100101011100000010011001100000101101110010100001111
110000111100110011111100000101010101100011011111001011011100101101010001101111011011110011101111010001001110111111011101110001111010111011110100010000
001100000010000000000000000010001010011100100000000000000010010010001100010000000100001000000000000100000001000000000010001100000101000100000000001100
111111100011011000011010111111101110011100110001110110100011011010001101110000100100001100000010100111010101011111101110111111110101000101001011101100
001100011110100111100001000010011011111100101110001000010110010010111110011101001100111010110101001100101011100000010011001100000101101110010100001111
111111100011011000011010111111101110011100110001110110100011011010001101110000100100001100000010100111010101011111101110111111110101000101001011101100
110000111100110011111100000101010101100011011111001011011100101101010001101111011011110011101111010001001110111111011101110001111010111011110100010000
110000111100110011111100000101010101100011011111001011011100101101010001101111011011110011101111010001001110111111011101110001111010111011110100010000
110000100000010000011000000101000100000000010001000010000000001000000001100000000000000000000010000001000100011111001100110001110000000001000000000000
001100011110100111100001000010011011111100101110001000010110010010111110011101001100111010110101001100101011100000010011001100000101101110010100001111
111111100011011000011010111111101110011100110001110110100011011010001101110000100100001100000010100111010101011111101110111111110101000101001011101100
001100011110100111100001000010011011111100101110001000010110010010111110011101001100111010110101001100101011100000010011001100000101101110010100001111
110000111100110011111100000101010101100011011111001011011100101101010001101111011011110011101111010001001110111111011101110001111010111011110100010000
110000111100110011111100000101010101100011011111001011011100101101010001101111011011110011101111010001001110111111011101110001111010111011110100010000
110000100000010000011000000101000100000000010001000010000000001000000001100000000000000000000010000001000100011111001100110001110000000001000000000000
111111100011011000011010111111101110011100110001110110100011011010001101110000100100001100000010100111010101011111101110111111110101000101001011101100
001100011110100111100001000010011011111100101110001000010110010010111110011101001100111010110101001100101011100000010011001100000101101110010100001111
111111100011011000011010111111101110011100110001110110100011011010001101110000100100001100000010100111010101011111101110111111110101000101001011101100
110000111100110011111100000101010101100011011111001011011100101101010001101111011011110011101111010001001110111111011101110001111010111011110100010000
110000111100110011111100000101010101100011011111001011011100101101010001101111011011110011101111010001001110111111011101110001111010111011110100010000
000000011100100011100000000000010001100000001110001000010100000000010000001101001000110010100101000000001010100000010001000000000000101010010100000000
001100000010000000000000000010001010011100100000000000000010010010001100010000000100001000000000000100000001000000000010001100000101000100000000001100
110000100000010000011000000101000100000000010001000010000000001000000001100000000000000000000010000001000100011111001100110001110000000001000000000000
001100011110100111100001000010011011111100101110001000010110010010111110011101001100111010110101001100101011100000010011001100000101101110010100001111
111111100011011000011010111111101110011100110001110110100011011010001101110000100100001100000010100111010101011111101110111111110101000101001011101100
110000100000010000011000000101000100000000010001000010000000001000000001100000000000000000000010000001000100011111001100110001110000000001000000000000
000000011100100011100000000000010001100000001110001000010100000000010000001101001000110010100101000000001010100000010001000000000000101010010100000000
